36746.1589458358
36746.6182571517
36741.224716746
36730.8704704876
36751.2277030165
36740.0110484183
36742.3997929224
36748.6095783735
36750.2620894705
36745.8871030872
36748.6946030901
36745.3274679776
36741.9481109545
36743.0362091441
36736.739112162
36747.4983067497
36741.9938084728
36738.3414838106
36737.1716598607
36738.565552506
36738.6357961796
36744.6327712844
36739.7313687093
36745.2640215215
36735.9985065967
36760.8246507149
36735.8024606441
36743.1799573205
36743.348498472
36744.1460116546
36753.843059372
36754.550820086
36735.6405301051
36745.5018496579
36743.1860902115
36745.3019923537
36723.9388814365
36743.4372328035
36742.037244814
36746.7581016961
36743.2295537221
36754.40159295
36743.8470627779
36743.3987621371
36755.0412232828
36743.233154514
36720.7483170753
36749.3046780713
36735.8874560354
36744.6072467951
36741.1842024731
36750.1684632564
36747.1489765418
36733.1368240671
36743.9847076538
36717.2016445556
36753.5533889663
36730.761786945
36743.0237223746
36743.7763476181
36738.6163548819
36740.2993598974
36739.6184822893
36736.162294938
36746.4383093464
36747.3388326109
36742.3748563185
36738.2058555639
36753.5870514892
36743.5378031491
36739.689618437
36739.3105207828
36759.7989018472
36743.4140459561
36745.799054136
36742.4579312248
36744.0380206564
36744.3280046989
36741.6524059367
36739.5675262267
36755.0859894163
36752.2794892679
36740.8470732139
36742.0217570174
36754.3163714036
36746.0168765711
36748.9020707051
36745.8705213312
36737.8877432097
36747.706717094
36752.2927344626
36741.3813563332
36751.3664272541
36733.5148200249
36744.8467783134
36751.2375699838
36750.7114104467
36734.4373098148
36746.4860002068
36745.5987163575
36737.6645721304
36740.1164756938
36742.2919775725
36738.7703740074
36743.8065350459
36733.5076154083
36735.0732338821
36754.5943325865
36742.7078835081
36737.8513075926
36737.4031744368
36739.269336997
36733.5998583797
36751.875440761
36748.0674963288
36751.4224373821
36731.5813660565
36741.964581055
36746.1258970606
36744.9989219808
36750.4598521148
36743.3437153682
36743.2029234114
36744.1821736054
36748.2167283116
36747.1016313608
36745.2048503907
36728.8611683756
36744.764806895
36739.0363497894
36749.9100178899
36743.7510260994
36732.5998562253
36754.0531910868
36737.6775258431
36746.1760944042
36752.7036358143
36748.8837826836
36744.844903101
36747.3505143724
36744.1904436207
36747.5165420998
36744.4514871292
36739.4825311724
36750.7346871215
36747.0429496219
36739.6748412798
36752.2625753387
36750.3026191348
36745.4931233169
36745.0429957066
36751.4660032704
36743.8011198813
36747.7658943103
36727.1274059389
36740.2995134039
36730.5948914173
36742.5216246691
36730.482211895
36732.5578244554
36738.5906803985
36743.5695450519
36725.7007848199
36743.0358844715
36736.4443021712
36758.6418807465
36736.8429590709
36756.8200107058
36741.8642743728
36745.2578445853
36741.3702384537
36740.9523330501
36745.8494601448
36742.1373405162
36748.8162389612
36740.6714243151
36740.9858951362
36737.3046242768
36744.2323501544
36750.4370761085
36738.339477686
36736.7911994181
36744.7780324341
36737.581399887
36725.2579908293
36749.3562545348
36749.5730165911
36748.5182431488
36740.5709065138
36735.5651319188
36741.8107913957
36754.3442469349
36722.8860379304
36737.4416323933
36732.2508140665
36738.8482646754
36738.4797614019
36736.1366532106
36739.9189570188
36743.013816974
36737.0576866606
36734.0350187302
36745.7595581292
36739.3199157839
36740.5610523772
36736.2525026656
36738.7101785524
36744.6006448003
36742.3936841685
36742.0644100884
36745.5518997491
36741.1815045735
36748.2259439735
36747.8091174686
36746.9970431506
36751.0705019381
36751.5911048512
36748.8771482145
36746.2607761394
36741.522687087
36745.8135514568
36747.4784178693
36750.5998181361
36741.0505298737
36742.552690797
36747.2101615518
36749.5409269731
36747.1885931436
36748.1902152937
36739.6653713335
36759.0180366445
36738.1609272789
36728.0807529116
36753.8827027293
36741.216445495
36742.7257842108
36739.0664075268
36739.878135524
36742.0500320571
36734.6735771256
36739.8888006889
36741.689082272
36734.1098499954
36750.7194141515
36748.1246222356
36748.2396394264
36735.8607266619
36739.8049107122
36738.5256277869
36747.0520437537
36744.2964612427
36742.4178803633
36734.1787701421
36743.3937750621
36743.4053595443
36730.7065517206
36745.3425273306
36741.8300185827
36750.6799593135
36750.1565660509
36749.2972833994
36748.4182106391
36736.0147419799
36738.3994259856
36746.1689590931
36750.413362902
36745.5440354272
36736.7815573671
36732.2560404149
36738.3445804879
36734.0277927384
36742.372375613
36740.2705059095
36742.7488107689
36747.8669531834
36742.5158365006
36746.6507096385
36749.3410604511
36740.513127805
36734.0379789776
36741.4392327653
36741.5227698531
36749.760784902
36740.1652192401
36746.2875265584
36751.2697311432
36736.1919999072
36746.658483016
36743.0806556508
36735.9164890592
36743.4298471123
36731.5135725656
36735.8325966693
36751.2402412429
36748.0510494225
36752.8540018634
36747.8639109712
36745.4747450343
36752.3700316201
36740.7928914163
36743.0653233299
36738.8180864446
36737.3960501158
36740.0130866525
36742.1331965058
36740.4121188505
36737.5187069408
36745.4190601572
36746.147361728
36737.7992189217
36748.2949819402
36740.7398310679
36737.586697714
36747.2822059413
36736.958212704
36742.6632597543
36737.4743229904
36737.1332696463
36742.3258418729
36736.737390783
36744.9684976648
36741.9079184988
36728.1425431064
36753.2044853906
36758.5318594211
36737.3000462504
36744.2833090438
36743.2795634527
36749.091259648
36737.5257092001
36735.8497090444
36737.9684386311
36745.4245422911
36731.9145687615
36749.6725380143
36744.0062109536
36739.8876111198
36750.2208634866
36730.1783136449
36741.7665470948
36752.1363245298
36740.9796987221
36745.0784452592
36740.9966081052
36733.3320768497
36744.1915371619
36749.805510569
36740.979336207
36737.7069583681
36734.8740231292
36739.9325963457
36749.221072823
36745.8115402267
36753.3437153656
36758.1660409922
36746.508624821
36743.8934269006
36746.803581063
36756.4179415023
36737.9948132271
36734.1741844964
36746.0703306608
36728.9874938178
36749.8936697009
36740.423926906
36747.0016553802
36742.6656311374
36743.2725099015
36756.1646448891
36739.5532108514
36737.3682810331
36737.9166335745
36748.5411997348
36745.815726271
36744.3336298983
36752.1359149663
36744.9525952708
36738.3854506043
36737.3976798691
36752.1900904548
36755.1126675931
36733.8778985075
36737.863111364
36745.1063312541
36737.7742414927
36736.4712498036
36745.5829494527
36744.0206682961
36741.7728867704
36731.0716051984
36731.9207108002
36730.7460768135
36745.5749688314
36738.0437628266
36744.5522601392
36750.5596434765
36746.0610310902
36736.4445185376
36740.1430333023
36747.5801546373
36739.5880248359
36746.7553910837
36732.6509844181
36741.7152415558
36746.1867218499
36733.9524448071
36735.2308296177
36743.5917760693
36743.3971889805
36744.9448940332
36743.186074053
36741.787560437
36737.4522092092
36741.0022268499
36748.2072197956
36748.292316192
36741.7778488005
36737.2881598862
36743.8455463443
36740.2924215296
36743.29264447
36747.2619796185
36742.6523711702
36742.6336512562
36747.6702456312
36747.2395067049
36736.7887435454
36746.1975853443
36741.6977976158
36750.4239923385
36748.2537188369
36740.0970097305
36748.35831036
36737.916437917
36740.0737010585
36740.0054153581
36750.1056326337
36747.2438608868
36755.3141375085
36749.4412364216
36741.2275429153
36742.5882360928
36743.5238654682
36743.8674846813
36744.5597860102
36746.9847970705
36744.4424928912
36742.7199748747
36746.2463473068
36739.6372456196
36747.3652530633
36744.7603934019
36739.9779502769
36743.1051145961
36750.3860321519
36750.6452342162
36742.060313089
36747.137764191
36747.51651396
36742.2938427205
36740.4987760932
36746.6259982149
36745.8912670208
36743.1773488965
36742.3746779558
36749.8813451155
36736.4799422835
36758.0349618414
36754.4959067418
36743.3681605694
36733.9229271261
36742.9502971208
36739.6714140972
36757.7896571914
36749.7089338658
36742.311688948
36744.2336784049
36745.9373974018
36746.4380938263
36737.7904387997
36747.7479969671
36734.183064014
36750.3769415166
36738.1661751429
36745.7650856436
36745.792036567
36739.6668993153
36747.8569076422
36737.5318728815
36743.3965653428
36750.5193515083
36743.2685791297
36741.728414272
36735.9908457274
36744.7161502366
36726.8044269501
36746.6418022716
36743.9564519984
36737.7674173743
36746.0392739553
36745.1599682643
36743.9629080489
36745.2912399643
36744.5606683192
36749.7847759285
36750.4615696642
36752.3497131635
36738.4193965184
36749.5810555634
36740.8419477775
36736.1583767997
36747.3934253925
36760.5786622393
36739.9578943446
36738.0275891132
36743.0957490947
36744.21521661
36747.0535553446
36731.635374445
36741.3585363079
36738.587308764
36738.7799991786
36745.8393728828
36736.6519879983
36735.5308228154
36745.6541617883
36747.6079274878
36748.248583122
36746.2300081808
36736.7098441217
36739.2242871161
36747.7022257226
36742.1319857651
36731.5111075182
36746.5074737824
36742.0441823531
36738.9645738471
36743.6327834301
36743.7335154164
36744.6985620022
36734.0214317074
36743.1432266929
36739.2530566572
36743.9139995052
36746.377319482
36747.696421949
36737.5305659025
36735.2892337927
36737.7471950447
36740.1570182449
36744.255931072
36745.2902495548
36738.733341734
36739.0649818498
36735.9244585798
36733.4559230683
36737.3040958759
36734.5466086349
36741.1142514158
36732.4076328272
36734.0642222551
36747.1596431232
36752.3894864065
36742.2226823281
36743.8933402204
36756.1750628179
36738.3613918311
36743.1767390628
36743.8746826875
36745.9731407267
36742.6965267964
36743.6968725647
36743.7933104222
36733.9123061509
36748.2988601582
36736.6797602588
36743.3843242932
36727.0173539531
36741.2356325981
36741.6839738873
36741.2032563875
36733.8789291538
36742.2348762955
36735.75556329
36748.5906069057
36748.0249499748
36745.0221907878
36737.2890118626
36740.5022116169
36734.0627707783
36748.0364046319
36743.3753073849
36748.6942131502
36752.075924605
36746.3467085853
36747.1012213561
36735.8315286721
36745.5951490248
36742.8282845694
36743.6534437579
36738.3923673734
36733.5887180829
36754.9038225318
36739.4189236489
36744.1322580781
36738.4483885092
36746.508034824
36736.0100694015
36744.1504085779
36746.3478495934
36743.3476976063
36745.5403976755
36751.7246270561
36736.2819086062
36750.8700995458
36728.3603573718
36732.8755101592
36738.4719163614
36733.1023681258
36742.5299524662
36745.6216258155
36743.6865235385
36745.7957620021
36742.7523148558
36749.6499058946
36738.0098110738
36755.8495018844
36729.5144836561
36751.737376618
36744.4886818804
36742.0244927434
36729.1528190646
36744.8166689962
36737.9791049308
36733.6843540972
36746.8000451979
36733.858326832
36745.0824895139
36735.1459812176
36744.1559263251
36746.0383083317
36753.1573384598
36746.5295090395
36730.2276480521
36734.3032567825
36750.5426897184
36750.2877691787
36732.8559315996
36744.4429997725
36748.5052415655
36746.5550076624
36747.0516274152
36735.3804335153
36730.8910293146
36737.439540022
36747.829621712
36730.1731074348
36747.810097225
36739.8196026468
36739.3784502109
36746.1494883414
36744.9635408817
36744.9000807256
36729.8496747236
36743.6604535922
36744.488015103
36749.1363103611
36738.1252479834
36732.6349748219
36729.3391120091
36746.2068698169
36732.0261235927
36744.4003544944
36738.1238681597
36727.1667109201
36738.3510719067
36737.9801598084
36742.2431313095
36731.3319235433
36757.0069499518
36750.4287848675
36734.1368683262
36739.6376514232
36747.329238819
36740.3828328359
36738.9740484393
36740.2053147527
36730.8503115528
36749.0289311478
36741.6209220853
36737.6679622338
36737.0459777475
36733.6255643113
36743.2921978186
36743.7121703223
36749.0182217537
36734.3209855369
36740.3297288502
36734.9496917402
36731.5653761244
36742.8360969889
36740.5311994362
36746.6371049939
36745.2173826846
36742.9128356299
36751.0306892125
36743.7868431232
36738.6396102747
36737.933222624
36742.4128669569
36746.6282771982
36749.1596433455
36739.3709791108
36746.1627204523
36741.4902700479
36736.8244047067
36740.0219388971
36741.5377618931
36735.1919048131
36750.3954900493
36742.780567408
36741.4574334745
36736.7267937878
36755.0577442809
36745.2179379628
36754.1351402293
36737.6144142735
36735.6923904397
36749.0708136451
36746.7009230254
36747.0356645198
36753.330122945
36742.8193214515
36753.2617690342
36751.3789193118
36747.954706786
36737.0181629994
36737.6241097745
36765.4708562113
36738.8057265704
36738.682064881
36746.2886430896
36743.8005185158
36732.3680695773
36746.5640205601
36738.4139901749
36748.0737450759
36751.044942983
36734.9573009843
36737.7069156707
36748.8834145385
36744.716520602
36750.9803247869
36749.1171435563
36742.1963388099
36745.7320124489
36738.0174737372
36736.7810066293
36742.7033265337
36738.2393196359
36752.5430191797
36742.1763379657
36736.4027379342
36739.3627222792
36752.8316444604
36721.9593344037
36742.9117731922
36733.8838415432
36745.933031239
36740.0809197639
36734.8773002582
36739.0222806939
36740.4828488613
36735.0464002777
36739.7746438442
36739.0273193721
36732.790251717
36743.1611300934
36747.5571687879
36748.0404112602
36735.3399363115
36746.6114603058
36749.293931217
36736.5801959056
36735.8674067741
36741.9033025812
36743.6862576786
36736.335231312
36741.9131179888
36739.2159831824
36736.6155346288
36740.6727879705
36746.582418699
36745.7817773787
36733.3202611574
36731.1635992393
36739.250757973
36746.5565586582
36745.4021716141
36754.8035135055
36745.1798118768
36735.7737012955
36754.4161950433
36755.1849175185
36745.6700718342
36739.0923343387
36733.5419109138
36731.1904669813
36738.7475587726
36753.598956142
36735.3163582905
36743.9033192097
36744.3511120398
36730.9487051299
36739.223476928
36744.8142926068
36733.1811669995
36735.6095245231
36746.5831764355
36743.2664104468
36734.9165953821
36732.8211366005
36733.7478905434
36747.187952492
36746.6848133326
36739.7975274086
36748.9004589308
36729.3039377525
36744.1439125543
36747.5464307782
36737.63783057
36747.1064279999
36738.3756664886
36736.9563954904
36744.9220897232
36745.0192734974
36744.7558458872
36741.6859008763
36763.6226747928
36756.5622155345
36741.6201879579
36751.4354667086
36751.9908785407
36737.8799988081
36755.4868249583
36735.9102196863
36741.614884264
36750.9337368339
36743.1803427788
36741.0906176185
36740.4229958492
36733.7263036414
36751.8771401398
36743.6605238589
36742.7996165784
36748.9006548148
36740.5683104208
36741.2909687018
36744.7163613713
36744.7339248982
36733.1145980937
36746.3657689451
36738.2607872416
36735.6804089631
36740.5409066405
36743.9947203851
36735.8241930663
36740.5094329138
36739.8365201047
36746.5228588478
36736.9837080239
36737.8217310108
36744.9121140853
36736.1465991922
36735.4490633513
36733.7956801115
36738.5603411806
36736.1223880317
36746.0704243203
36737.5897717009
36737.511617188
36740.3619170367
36738.7428670241
36735.5879694814
36746.3549253864
36754.2874112346
36743.504663542
36748.2398895647
36742.7215132276
36744.284509546
36746.9896802933
36733.5402756223
36740.9509664911
36749.5779373543
36738.7451377677
36740.3410265856
36755.7441367737
36732.520180786
36742.7598872218
36741.8463411996
36739.8204207488
36754.4423734258
36742.3381660688
36741.9734331125
36735.1269604738
36749.7404321673
36746.2408555712
36746.0912476592
36732.9207888577
36743.5063042344
36740.6072900069
36753.61637785
36742.4573659768
36753.1007533277
36742.6420074269
36745.343687112
36739.4709589237
36741.6147917572
36745.4994953607
36745.860174091
36746.3053749751
36740.8320431848
36743.8689582491
36753.0843901333
36739.9357524437
36739.4156959326
36743.0481820643
36749.6637148069
36730.5417789352
36736.3954452729
36740.8380856966
36736.9350410363
36751.3010258884
36741.9340129326
36746.5734312328
36738.8531535358
36747.6786750887
36745.6521009047
36727.0011381743
36737.1072329467
36727.2472360721
36742.9040508239
36739.1558341985
36757.0433489698
36744.9914627987
36739.0491710154
36752.4962171092
36740.3665285643
36728.3408959079
36748.2655692516
36753.8496132092
36741.1905086094
36737.1025076589
36761.8330243633
36743.3233465955
36741.3958579081
36741.8617249797
36738.8686100606
36753.9925409934
36742.2943193807
36738.970441757
36736.0019919898
36747.2271286275
36737.4381302155
36749.3226171598
36739.0861941296
36747.4999511786
36747.2290825642
36747.3912223034
36739.6572944076
36736.4026528729
36737.8908377407
36743.5578801864
36747.8689534463
36751.3743659661
36742.4221772749
36751.6974452388
36738.9274708808
36745.3265123339
36739.9910093341
36741.5782318008
36742.5692306522
36748.9709814019
36743.8374712668
36740.7369766769
36733.3031778951
36757.0977453654
36735.1210947927
36738.9056143706
36745.8360814867
36749.6692481187
36739.4439436668
36738.0718015937
36740.796592302
36740.2823898837
36740.1350535898
36736.6772497852
36733.3148434204
36741.487257802
36741.3272267497
