36735.0906607355
36723.6683986328
36729.7585105154
36707.0403948683
36699.3257644063
36752.3340777289
36705.8739609092
36746.4249912685
36706.8516533832
36729.5353178516
36747.608777583
36706.3105845881
36716.988238318
36729.6288633933
36718.8890125546
36737.0288276805
36739.0371638206
36731.1789655549
36723.8077208644
36736.5557218636
36717.1590373631
36753.0067166299
36717.3679744699
36747.9217841489
36710.1081432798
36751.4644128923
36745.9895147689
36758.2585598448
36736.5513401191
36735.4371843187
36729.5327246175
36744.3380008154
36731.3291368631
36712.0397965813
36731.0074890127
36739.0351448475
36735.8160089519
36732.0256517165
36707.970366586
36753.8629338573
36743.1638124631
36740.9945052073
36726.7681849759
36710.3848288361
36735.6174253333
36731.8263566406
36727.0416578773
36742.5906534664
36728.6079653215
36723.7936801832
36731.8785898984
36735.3335040126
36694.8177523208
36728.3600129554
36738.6692695668
36732.5347021105
36736.2770126419
36721.2784296144
36713.8923267391
36703.7287151008
36748.2560350191
36707.5990930215
36728.247671413
36715.9146527993
36759.4100645351
36739.6997107737
36728.0062709151
36728.2712993918
36712.8094600754
36733.2974304462
36709.8078085227
36730.8406840384
36699.9649676437
36731.1904982167
36754.0677037854
36723.4398362814
36735.0097461593
36713.2352252655
36740.7595532318
36717.0661622705
36738.149990161
36722.1906476507
36719.6068164683
36739.7821215368
36729.6886202802
36721.2928893448
36743.1850063998
36729.2773475008
36717.3667361308
36707.1440624297
36734.5164087786
36735.4037724586
36731.1503384328
36736.984001932
36716.0282074346
36740.3479760065
36750.9123185782
36752.0275041549
36739.7860665527
36745.9346877081
36717.7803288515
36729.3819868177
36711.9246611307
36723.1731544796
36699.6614214949
36757.5894082096
36758.546378975
36720.8012818142
36729.0987986087
36722.1495415064
36698.0630984035
36724.2940322665
36746.1105033714
36736.4083076415
36741.910462849
36761.3023104821
36735.1259894238
36732.55198467
36740.0734808769
36742.107182405
36709.3019604989
36729.2337004072
36743.6714244169
36719.7024208114
36732.6724496875
36724.8348332646
36731.5915519558
36707.5803522956
36721.7371921046
36729.5143337498
36727.7309004835
36721.6281534775
36747.5739465533
36716.3352228738
36737.80988399
36753.8718832533
36728.2197909808
36722.8884577096
36740.0717492824
36729.5991456345
36750.5371919329
36722.5719399242
36716.5208252572
36765.1326826971
36718.4981508064
36743.2902972916
36745.6316601067
36756.9367686529
36731.3528466665
36716.2001804925
36711.3963126931
36707.7218134486
36736.0358858671
36724.2792348291
36724.4834045288
36719.9578888683
36742.9565778222
36731.6201788808
36733.6543712902
36725.5664400795
36752.4340526374
36718.7711879599
36726.2264724801
36721.1779621467
36725.4893829
36726.0982944332
36736.2572922917
36734.6369231148
36744.0823469936
36717.8424935512
36740.533046494
36726.8449072402
36723.8047528313
36718.627248948
36718.5386194649
36729.8816082446
36737.8012949889
36730.4037879634
36730.6037285628
36730.9176889601
36712.2498730123
36714.0460865292
36715.0997677389
36721.218678561
36728.811002401
36725.1831690722
36725.396482976
36734.7108048617
36724.7538965103
36725.9690873937
36697.3041466199
36725.2075014576
36738.8066491674
36726.9839115939
36722.1128041592
36734.2443878138
36749.1818128962
36731.693138281
36759.4261163111
36746.0162856947
36711.3631423327
36740.6050545007
36716.3810982588
36735.0970285744
36739.7437822747
36714.1697165642
36693.1757212047
36714.9452789613
36737.9955514468
36721.4644050193
36731.055812783
36721.6133502368
36766.6090951667
36742.7913518301
36748.3874301832
36737.9158240089
36742.4212490065
36711.4685408813
36736.0409446597
36729.1410848291
36718.7148274047
36713.6449707241
36729.7039393578
36735.4529488446
36717.2752009279
36718.5085179449
36675.1768805902
36747.8496666803
36689.5451859037
36714.1071431607
36735.3250214494
36738.0990920507
36725.4517753414
36695.0518492924
36726.6715179521
36716.8355909814
36729.6515959311
36715.4149186388
36720.370624703
36735.1071408257
36728.60170367
36735.2235454939
36731.6906434024
36730.6249209331
36712.3841898825
36730.7867093927
36721.9009768597
36721.4769580883
36728.598443188
36718.7361458064
36703.0925192855
36746.9839174543
36738.5318768965
36720.025871722
36741.5027474503
36717.1251172106
36730.4722836802
36730.035920655
36715.2539322621
36743.7643557697
36743.49944202
36726.0718727777
36726.2840735175
36733.8673757422
36722.3463910254
36718.1044134147
36731.9990761378
36740.4909762306
36707.5032029611
36740.1766457717
36746.261998984
36711.8359339568
36746.9450855106
36749.8084249284
36735.9760564989
36738.9798299766
36732.6990529295
36736.2387466069
36731.3193080454
36735.2884414391
36732.1689829792
36720.3625414588
36730.464635625
36708.7296652663
36714.1875955981
36703.4893791801
36705.1283239214
36724.8922190508
36754.9729086407
36713.117012595
36737.5731699119
36705.9844744407
36698.3472883352
36722.3391348586
36709.5926644754
36731.0883182722
36744.0990314867
36735.5803071154
36724.698672175
36739.0593337649
36740.4493620153
36737.8187841288
36729.4599436929
36727.7840267951
36724.372110284
36706.2078423646
36730.503589066
36726.544690124
36716.2176599427
36718.0887465187
36746.4181531907
36726.2814263149
36714.8014579819
36717.5652217636
36730.2032920794
36731.4043448081
36693.0415016288
36735.5996145805
36738.7537357116
36716.6837819411
36744.5194806949
36725.336888863
36741.1944220006
36722.5320156435
36729.7425516539
36710.474009373
36722.2453929439
36717.8415010934
36722.5944817267
36713.7942401546
36758.0894517814
36712.8791461466
36731.3872590731
36675.879402805
36740.2847524392
36736.368834258
36741.007012429
36736.6038828422
36733.6050327634
36716.2113720829
36723.2910565215
36738.7106758654
36730.5327331091
36731.169736031
36697.8968370039
36722.0896325347
36737.2688426109
36732.9490290361
36726.8642192014
36738.9598515999
36761.3799579326
36714.9598189882
36713.0990782897
36736.3143814139
36727.7378239395
36721.6263099551
36714.0242486232
36748.6128747157
36740.5382934558
36737.7359051797
36723.2529672872
36711.9308052593
36744.8067637407
36710.7970017096
36729.5788599858
36732.6232497796
36737.7277762098
36745.8562840464
36729.0004341362
36749.1484038936
36719.5997297509
36722.2422978121
36742.6217358545
36738.1850383029
36748.6748410982
36729.9122311536
36735.7408840833
36715.6834413408
36754.9666299047
36730.5814102418
36705.4523809231
36738.5599442206
36732.2564979332
36723.3353888689
36738.0837591287
36730.5610866154
36738.2531539891
36711.6133829031
36729.5691644475
36713.2744407614
36737.8211069616
36722.3427023067
36751.0357852825
36739.6222478015
36734.819679871
36759.882844248
36733.5118742301
36722.6849186171
36731.6065764236
36727.1866817588
36745.2105586581
36742.6732268924
36718.4998027776
36747.4235984411
36723.5125989321
36691.4667510993
36757.0878857057
36743.0604530091
36737.7774389856
36722.2122518006
36743.7940076444
36732.2265324681
36712.7632531204
36723.4093692776
36718.6133874026
36726.9245705185
36730.4019848415
36727.4776810188
36705.122099206
36742.4659763574
36738.2913789283
36703.7442169534
36737.3235801859
36712.6557635177
36745.1170019771
36730.6205400555
36734.4327202948
36728.569593909
36732.9272124371
36737.3753381397
36710.9585087142
36715.9067108404
36709.3117467095
36749.3747026808
36723.365622339
36726.8899555554
36716.9824744471
36753.9306917659
36700.1155345401
36723.6584042078
36707.9778275064
36720.7882687725
36727.9703227723
36733.2186472275
36717.5179119543
36747.9965411386
36741.5953412863
36712.7046094094
36718.573377345
36735.1692113242
36727.0187667722
36738.9315606035
36729.6033548294
36745.5563652955
36745.5409823509
36729.7469426578
36731.4876355352
36728.1632922218
36736.9480086637
36727.0759288449
36736.8448555955
36701.7798193558
36747.3342353955
36733.7597861758
36739.861999478
36737.4747729212
36734.2406434217
36732.2429524568
36718.0587129365
36717.6850661249
36725.8218641347
36736.9344842978
36713.4755393393
36733.5348092706
36749.2965558369
36730.0054663127
36732.8298725388
36733.0392458897
36759.9156461451
36699.7010804876
36736.3431708748
36715.3263782382
36716.7560879206
36747.6166258211
36729.5240703184
36732.7045958915
36750.1035164314
36742.5754844988
36729.6211337173
36708.1874030297
36732.6530676239
36754.8078041588
36719.547835369
36738.9789793168
36727.2137747684
36730.702600207
36729.1630451111
36734.9211303006
36736.7139454746
36717.88060626
36741.4082295251
36739.5164265394
36737.4854407966
36744.173098117
36712.1719768454
36718.8927710054
36723.2931110498
36716.9270706124
36717.7311222535
36707.2390883355
36731.490273139
36718.3573499824
36740.3625047309
36746.3917528213
36723.5686712174
36732.338144533
36712.4462378601
36730.9925125934
36744.1170966539
36731.0664528483
36717.5591568527
36729.5819212694
36722.9623662449
36718.0278710306
36735.7105784521
36732.9051390737
36735.2440393378
36748.450858007
36732.7703070911
36723.3070678174
36725.4868135488
36719.6635035433
36701.9960561942
36749.1282374351
36725.5718711285
36747.2332961063
36713.5790965594
36734.1860548861
36706.4449149855
36752.2373959333
36724.9751320535
36736.1985119382
36743.0730791748
36725.9746938181
36739.2986948022
36720.3444797642
36705.0554300456
36736.9257462554
36698.2384924414
36738.5382569493
36717.7918512468
36740.1716375664
36711.3993514898
36718.4521123007
36731.6301383392
36730.5384999995
36720.6382192669
36737.7482388919
36724.7182480631
36703.4402481464
36710.2903352084
36718.2256829036
36729.0858107101
36742.3061218269
36729.344176295
36756.0061073294
36720.7952449332
36734.4744195238
36735.4234358679
36735.3907112622
36693.3246634586
36737.5803704951
36736.4760175828
36747.6166041459
36747.543072165
36737.9811809387
36770.0857549498
36742.3864756383
36730.680736867
36755.2026711197
36731.4721313451
36718.3829211976
36696.8787241391
36688.5950436881
36738.654284729
36750.0934965728
36740.0351235753
36731.8688410104
36717.8970506368
36739.1265759682
36730.5761044107
36730.0234051751
36730.6131068796
36712.0235317956
36724.0438352137
36735.1549199903
36704.746697935
36722.7101723293
36721.4200822236
36730.8504589197
36749.4212373537
36748.3598530617
36729.5858659658
36738.4653669717
36705.648394095
36745.5716772778
36727.5205119249
36726.784039888
36706.1731052114
36732.3181782171
36726.9637845796
36738.1970621037
36744.892587331
36755.6959588177
36733.6775369127
36736.2140196466
36745.2679237762
36719.781988762
36751.1838387969
36738.5578801573
36739.8518988937
36699.9572251971
36711.3838987842
36723.6618197895
36730.5719859394
36702.575238955
36708.1662868107
36731.8587180483
36752.7505802258
36711.287627385
36725.5847108311
36717.519912017
36754.2077216978
36721.5777375321
36702.0598736454
36725.1658076313
36746.1783934625
36729.3484048186
36709.8356789826
36742.5065043824
36729.7814065064
36718.2243587276
36710.4367496733
36721.6089274981
36728.0657206582
36729.406844127
36752.0431554437
36723.2412198099
36712.2431698437
36719.8208691626
36715.3549827038
36732.9885705379
36732.8074225546
36713.1503835532
36698.1211987487
36730.5529034216
36729.0893238156
36746.6231359521
36746.430038566
36740.5461035108
36744.6733794159
36725.8836409552
36745.7693410714
36714.6717821109
36728.4961381953
36760.1013486444
36737.6245966761
36723.2645364913
36732.0675335708
36732.7862108228
36717.7398061509
36716.4198563291
36712.736101456
36717.4552464192
36716.5868531491
36725.4284140786
36720.4493042296
36749.2016694221
36708.7164323565
36732.4246794586
36692.406466655
36713.5522963018
36724.8858790984
36750.4140274861
36701.5589950851
36719.8391717391
36729.9535964333
36724.5269440869
36733.0846024772
36693.7976135269
36736.5895322873
36709.6199915667
36720.3779239732
36735.9222562655
36726.9939607287
36745.098232979
36736.63207622
36745.5318303785
36725.4329557296
36716.6394678437
36741.2582863376
36743.2842741112
36731.9946684162
36722.9510006921
36734.0858755022
36733.436971835
36723.7054339991
36727.9622748934
36709.7298052691
36720.7468292575
36732.8793914523
36725.4539436994
36725.6687160782
36723.9394110394
36741.6768444779
36701.5097719608
36737.9734725181
36741.7564285888
36753.2170197328
36717.5702704882
36737.6159623857
36718.3086219479
36732.7647261716
36772.6417977602
36718.0726546042
36706.4351103902
36737.6393843241
36700.1139376447
36727.7483854849
36717.728741106
36729.1090695413
36734.016091195
36730.706656875
36731.1942821353
36737.4285460004
36731.1226657424
36730.4123349499
36734.732083276
36735.5049616338
36723.9996034
36741.4529122372
36734.5477716992
36739.9138246216
36734.6775034977
36692.7492226569
36725.7524982116
36707.2856039987
36731.0112405164
36710.2382490114
36738.6608326397
36755.2991844039
36758.0593054977
36717.5845493292
36730.2947194273
36751.8227192171
36759.0137541028
36720.6024747749
36720.6671661968
36742.3043296525
36719.4119640237
36708.7542002826
36725.418283139
36730.5620169986
36712.4789302562
36726.7558168914
36722.4721509404
36721.3302766174
36727.3963533641
36714.6343425602
36727.4526991319
36745.9285821163
36740.6800855336
36722.930620089
36712.0185467199
36731.4002518144
36719.7260392479
36732.0288204263
36707.1370081456
36701.9736705081
36704.8107539473
36720.358761607
36732.208701469
36740.3261571785
36732.6411596402
36720.7248787928
36719.9545618567
36743.922858209
36731.7053055575
36706.2112355814
36722.6683536522
36696.7618800331
36723.9931075701
36740.2655224977
36730.3688139589
36746.4276138473
36737.3545141971
36730.732378717
36743.317866267
36708.8906850572
36745.6378053618
36742.0572244477
36730.0739308754
36717.8537655198
36726.6983784287
36735.4160692422
36741.2100708353
36729.864810324
36708.7544573204
36748.1349738972
36719.6548005499
36763.4982750091
36726.2028273506
36737.5344864008
36737.5159945531
36722.9890534813
36719.4310508209
36729.1771509105
36723.6672902301
36718.3402861451
36717.2797405937
36726.2648316001
36733.4722850876
36735.5312537972
36728.3519264554
36722.3280776139
36729.2137265675
36734.8320913233
36748.1156909333
36720.1878889301
36730.5291735448
36721.5261173247
36726.0383696013
36738.8315600709
36741.5398015708
36726.2243966261
36725.631379504
36738.5764466468
36724.3492217822
36715.411480824
36746.2923211829
36715.244552964
36731.3266055518
36717.9893404884
36735.0843911194
36723.7754879916
36723.9140427239
36709.615511539
36724.82818957
36734.1211527528
36759.758089455
36739.0793779854
36752.2166432645
36729.4168254027
36709.8990986842
36709.2962874831
36734.7733668288
36730.2284044275
36736.5283423277
36750.348839069
36707.6030964416
36706.8002561535
36694.2260872059
36710.0464895741
36727.4760357304
36715.2923021737
36734.3043853562
36742.7448208441
36739.063836615
36698.450275324
36728.793250011
36712.2958878215
36726.494383652
36731.9868642709
36744.0825902709
36742.9411451333
36737.4693792284
36721.4051384629
36709.2127143476
36725.2650963278
36722.8487622814
36726.306677109
36717.1273268842
36721.19464262
36720.9710404275
36717.3235296474
36736.7868431645
36725.8135819177
36704.9120592493
36718.7561306754
36714.6303635224
36725.6136819169
36735.912813649
36700.4625977964
36737.5336688564
36722.3424910015
36737.6670467326
36724.0761442627
36749.0154230335
36729.8306159297
36740.1057836189
36726.7827734703
36754.1175282935
36743.0074824006
36725.3724906496
36742.3792972328
36711.5955711796
36758.3223742956
36734.9865454221
36726.9089233962
36733.5599040214
36719.4353850226
36736.3582227087
36700.8151804971
36722.4895382956
36728.1269852695
36730.5721533603
36712.7914300956
36706.4841757831
36728.486846593
36737.0496458143
36736.3384998616
36752.7525121343
36742.1892514118
36720.1219452751
36722.3360363505
36744.4057788956
36733.2690083895
36702.3373585199
36745.1323479991
36733.943478131
36744.4641482253
36741.3774134492
36733.5048466859
36708.7419000674
36732.9898976419
36732.3940950789
36733.5141308661
36719.1232525577
36721.1409409368
36721.6179438316
36715.9418496695
36727.8526493922
36746.5780363305
36715.9632192798
36745.8057006925
36706.5436866252
36722.3937250471
36730.8947495796
36750.6427046191
36708.1191777783
36709.8099613291
36740.8743450031
36730.0539831679
36753.1916039625
36740.3025512965
36693.8291398562
36725.8750476617
36732.6504965997
36717.7916828803
36747.4283743303
36710.0921833754
36728.1877937871
36734.0574030024
36712.9570587207
36722.622356883
36711.3226094576
36707.1091563416
36727.1173123652
36723.8759250451
36732.6740076863
36733.8762497404
36750.3618489925
36742.1821811487
36754.3375213818
36750.1351063214
36690.3990507953
36737.051771585
36740.4024965528
36733.8553086147
36742.6440030361
36723.5897155377
36737.3734407923
36707.754348902
36735.1104488196
36743.5857706605
36717.6456348302
36745.7073980055
36730.0932495829
36741.12942167
36716.1049103968
36710.1669495199
36731.1466645059
36720.9975306853
36716.503875535
36744.0577939873
36729.5239006175
36726.6178788317
36745.4113482748
36723.1196868838
36738.1056631713
