36695.5123210221
36759.4402585775
36731.2374264456
36760.1615786423
36693.1054071863
36698.2764235557
36720.5038598001
36693.9970183664
36691.2197131216
36723.2890502581
36744.0830767495
36715.1497123654
36690.9042243624
36741.7738435698
36704.7127630706
36734.8481224077
36713.3767887728
36738.0628024501
36693.4003948885
36748.2673444121
36732.3285070097
36740.1015154215
36723.9597725526
36733.0715364384
36717.160064634
36716.2632259051
36704.1371999242
36724.5236597531
36702.7076732161
36716.3604308574
36737.9581957334
36694.5073397824
36718.3991325073
36722.7164879909
36737.8561419396
36725.3750061843
36715.7391663084
36764.0615116688
36711.7511693275
36730.3234873301
36751.9536115743
36751.4053095129
36724.9485886495
36729.7443161759
36700.730412155
36760.2273644611
36737.7372720937
36701.015200772
36741.5306970492
36703.8811658406
36723.3876365042
36718.1732798722
36722.932882298
36701.9463240742
36742.6315110709
36684.1635459791
36719.1664421191
36733.1176621884
36719.4360798996
36712.5839637109
36717.772285369
36742.4731483985
36710.453440508
36725.2854613739
36727.9930920577
36736.8678144719
36721.0282401289
36745.6426636283
36719.612020822
36718.7833801746
36704.5594605021
36714.671413305
36697.2524705679
36744.9607743918
36733.39233013
36728.419243622
36683.2277958157
36726.9206786099
36710.9681448655
36744.7572876344
36687.5249908812
36748.7270072981
36718.2808344397
36709.0312746612
36744.2731272581
36740.2487362165
36739.82223866
36759.8858297039
36711.9954204424
36718.2763497863
36731.3855217034
36716.8363092983
36724.453654654
36706.4634501509
36736.6135944475
36714.6116346922
36717.9992946872
36696.329933521
36730.523426532
36737.7614723137
36725.9687394587
36712.703987268
36735.5653039783
36700.554526833
36706.4496974775
36708.3340079531
36720.1392952763
36730.1101271771
36713.1469239329
36723.8739682589
36734.2352610654
36701.019435518
36695.5704262671
36716.0474818382
36747.435053327
36726.6252788622
36725.0612716838
36733.4054792563
36706.1636296496
36723.324662292
36743.0332444237
36715.8714530495
36758.1147463413
36735.0830497308
36748.8421969693
36718.1685878339
36704.4059325822
36712.1625822778
36729.4710719869
36719.8869393238
36713.0340031979
36716.6708554643
36708.7251890393
36694.8797181767
36716.8656234884
36723.9468927009
36692.2978636307
36694.4183226629
36741.8040519862
36736.8494263216
36744.9747115405
36718.8781708903
36746.2764918752
36738.1904032096
36737.7436857563
36730.4229111764
36713.1782411766
36704.3481684361
36717.6641224161
36737.6040961165
36705.4601783352
36708.4594115781
36710.0652355918
36727.6442086087
36729.6602271956
36696.0920901652
36725.0135526214
36723.8068017929
36733.8263828544
36732.7288112582
36734.7484122522
36733.3930342892
36728.6478295863
36717.7392398788
36697.2257836366
36723.336406479
36725.6498397568
36730.6226185821
36739.9228619013
36732.279912733
36688.884700765
36696.8968381357
36708.012075336
36727.1571047055
36738.1564359796
36698.7160913476
36730.0084044309
36707.750027136
36713.5486727748
36710.3876862272
36715.1403588066
36702.5559924506
36727.9069519231
36753.1068451905
36705.8315183685
36719.4269308049
36730.9983456223
36702.8077284726
36693.6271258716
36727.2975567497
36707.2299779653
36691.1194801893
36715.7333460689
36750.9179725879
36744.2798368003
36727.9139877975
36723.4786330099
36722.7908733178
36724.543634281
36736.4562071188
36728.2069490775
36732.0994375095
36708.3926454158
36734.7557397162
36753.6275455246
36713.8492685307
36706.476162332
36718.3643015026
36694.2009092882
36735.4589234685
36690.5846117698
36724.8268579055
36735.6859791941
36727.5656629358
36717.8915521107
36733.6122331826
36738.5296289997
36728.3104673508
36729.3670426231
36710.3309095589
36734.4822284377
36748.7596712801
36718.7191527287
36728.7416912925
36728.7067976806
36734.9253982878
36744.8309551037
36704.0682509771
36731.996962983
36717.6925706189
36720.0686594675
36711.1882661494
36706.1254305076
36744.9355579074
36712.8354203641
36749.8680209156
36725.0437765385
36732.4498381625
36722.2951546679
36684.4016453393
36734.796208564
36717.7209317974
36734.067992069
36715.8926950578
36727.9053236207
36726.437393371
36723.3543746946
36704.832959248
36724.9197434072
36711.4735095232
36714.9569750803
36717.5125791812
36743.8427382039
36697.4144153937
36719.2788015514
36715.1969584716
36704.0493131596
36711.5555122863
36704.3554252181
36709.2041890798
36726.4687845403
36713.8118020191
36709.7882938003
36711.8416554984
36714.6929356039
36719.2997992648
36733.3401369034
36704.0741669547
36718.0625044943
36719.5535201738
36708.4329219652
36722.1155713533
36727.4905182048
36737.9522914697
36745.1196880513
36728.7446035327
36718.0062903437
36722.7736476956
36710.9603398142
36709.2807632899
36722.4769750767
36689.9955970099
36709.9205804929
36716.0606331779
36698.1770523502
36710.0707446593
36717.0712646465
36758.9977912372
36724.7248171003
36731.8159502405
36709.2871093189
36709.6663767402
36740.873069225
36695.5336245689
36719.1876657615
36723.3900659659
36721.4702604923
36714.3133610649
36718.9250526164
36726.8157527703
36736.6134627032
36695.7501699799
36719.8912555651
36715.0801239042
36724.818547439
36723.2288209452
36727.6664821722
36706.5977762306
36716.7361801529
36725.7779463275
36705.4897925022
36704.5602401005
36725.8039015277
36724.9472391298
36715.5532285098
36717.5371528994
36718.4505455264
36709.6157458871
36745.0791804073
36724.4012196355
36724.4353797379
36702.7235116331
36733.8468309057
36747.3880538149
36723.1767571483
36726.3356640085
36733.4896329238
36727.2140385813
36693.453168563
36707.6026267324
36721.7032212256
36727.3722550059
36728.31555366
36723.5109985695
36725.0336473928
36691.7100951626
36698.2242555005
36746.6242093668
36747.8537252803
36700.523228393
36744.7240643762
36739.7313175169
36705.220805816
36713.3137576904
36713.1653954255
36734.2803541724
36700.8955563011
36720.5109892117
36719.1159147135
36716.4289633578
36739.9283324372
36695.3711481669
36724.348025784
36713.6325779733
36710.9008541065
36715.5700127279
36730.6742341776
36692.7514241646
36714.450971987
36741.3625854086
36723.5208496472
36726.2639691933
36725.5973654869
36730.4905360195
36705.6480421257
36695.075800694
36746.4699207818
36736.3291718294
36695.9553896381
36725.1771106441
36750.7294601313
36697.1662026213
36702.3978820047
36702.970414539
36719.8301921697
36707.2052339071
36730.9133533296
36688.7950137644
36711.7627096701
36727.5504288774
36743.5848377625
36704.3666272024
36673.7649351826
36745.9601647165
36744.4386450051
36715.2417316666
36718.0839464537
36721.0740835114
36704.1443594307
36741.6673719145
36739.0736759887
36720.9691009547
36705.5072130549
36735.512393599
36729.4625835238
36712.2777264995
36720.3473877173
36720.8163044036
36726.7086620342
36705.0965321909
36731.8533440987
36701.7004485295
36680.5156093913
36707.837577763
36715.5981848155
36721.6344665873
36702.7759701565
36691.1468011592
36733.6664418241
36712.7386951285
36705.1330292706
36730.4680425677
36739.5628055407
36719.6281639433
36741.107748787
36697.4151952468
36712.7237583657
36730.168678148
36735.6972941505
36740.9684496095
36693.1902622805
36699.5005724826
36698.1837968258
36713.7833316964
36728.8313528159
36714.5884762296
36751.3739274439
36736.6895206716
36696.2703260176
36722.9830065593
36679.5418083437
36732.2190570079
36709.7953241374
36705.2266037472
36735.0958260917
36755.1558888912
36735.6875076163
36732.0932429112
36747.3786829019
36731.3324572351
36738.8011667688
36722.5809912288
36770.3576907915
36713.6472233244
36724.0688939432
36692.8205105887
36720.9881741528
36711.0173137992
36716.733743286
36735.2894343993
36710.2489887376
36700.8393331884
36711.6873929141
36729.8043929747
36717.1037620652
36706.6145852928
36730.5648396656
36729.3681091377
36735.1447677168
36724.3135418612
36742.9099841599
36728.2143250594
36730.7205648317
36733.4370704826
36709.8378258767
36726.2292724677
36740.2284114823
36701.6445557739
36737.4803438124
36719.1050199831
36687.8017401639
36723.4089335392
36726.2393263983
36720.8786021011
36737.7786229088
36705.980727701
36714.310304778
36728.7336347895
36706.3085276614
36731.8618524167
36751.1313195057
36715.8908869676
36721.1989826417
36698.4624003635
36727.9246752481
36711.8673941924
36708.4394412339
36687.0481325488
36735.2129796481
36722.4289749452
36683.9453748551
36705.3571928533
36742.2211493581
36730.0068546286
36705.050409931
36720.1651415319
36714.547598535
36695.1388552001
36741.7799262248
36735.422087804
36742.4246570188
36739.4323740133
36748.0544900236
36741.1252771219
36740.6956143627
36726.6665075323
36704.7826689474
36706.9279585746
36716.2462592792
36714.7639091844
36731.2341620847
36704.4972082044
36730.2536984039
36730.9633188072
36751.6990854639
36721.0117528414
36724.8054072521
36708.9510436384
36740.7823322079
36744.2620683808
36712.036836562
36733.7580445511
36734.3247322229
36693.87197899
36741.1124941531
36693.8212839971
36703.8741559809
36710.5835057174
36729.626972197
36711.858122843
36733.6755802878
36734.5457661373
36732.0047965894
36742.9134124641
36723.9182780393
36718.0093718228
36694.5678657728
36719.1840849333
36713.5520525496
36724.0536336707
36712.4315908137
36701.3524356986
36716.3062690824
36726.0586265165
36719.9884499387
36728.4262835076
36756.5721790389
36732.0142467359
36755.2792110328
36705.1273754259
36731.9129226344
36691.6329980673
36730.270964368
36708.3001235122
36722.5311361962
36745.017584136
36727.1603676156
36755.1520304892
36751.8682082412
36695.0068535767
36702.1449916604
36747.9721203941
36704.4879649069
36697.7385516649
36731.3649413173
36686.3377908104
36725.6359789044
36719.2852144464
36715.1910219802
36727.6268166605
36745.1355765412
36693.9726850551
36734.3784885138
36736.3604922744
36721.4844598992
36711.4235684736
36747.3691762159
36737.5478364511
36719.3485489375
36750.2780965774
36728.9965754204
36710.7888232652
36741.3998938975
36722.4237081196
36723.260766561
36714.4656358557
36726.3190201761
36713.1117357396
36727.950199096
36722.1850217918
36712.3982052788
36727.6805551022
36732.5964621291
36754.0936880967
36700.3740002013
36733.3569324485
36681.4577427653
36717.9107321723
36697.8170703455
36694.4892141727
36705.5791958315
36715.5422194896
36710.9074765646
36724.5624066106
36715.9352711767
36731.6505940931
36704.6232982798
36725.281522355
36717.8879062251
36723.4808811894
36689.5308552474
36721.2041776147
36702.6822386855
36724.060369708
36713.9876310254
36724.8939479945
36710.5940340032
36699.3120607258
36709.8949518133
36706.4989196414
36736.6077687656
36727.2157264169
36715.2903969115
36711.2386041732
36719.0147860971
36711.2246574395
36724.9624041235
36718.1758230643
36704.3814387477
36724.3985969162
36719.9414366884
36694.8367923631
36741.4802681582
36745.6799321019
36720.3439006422
36734.5827270955
36741.2444230207
36727.126813639
36728.9482733191
36695.1842412669
36694.1045345169
36702.6846730405
36711.2029618666
36732.5760817119
36739.9707926352
36740.1123352767
36732.3041382844
36751.5851479354
36721.9464818838
36721.8284575559
36703.3685992753
36704.6397104236
36727.1106115606
36720.1241941757
36702.3113145946
36718.9634310317
36709.1453526908
36705.4120582158
36733.5876462316
36723.6228056612
36726.2308027118
36700.6327117964
36702.7690550116
36725.1004752137
36709.2107460561
36722.4049003038
36699.4313623314
36725.7748012284
36724.5277660882
36705.4302218556
36747.5581453796
36747.6616078023
36715.3384225296
36721.6368780213
36690.0840728877
36689.8117746631
36705.2005279328
36745.2164633328
36712.0365781917
36702.4267819794
36684.9032018259
36757.9437948485
36707.442815227
36746.2124317567
36704.1457187337
36738.3237788649
36718.9502137871
36699.0583013659
36737.9985102953
36710.3424373959
36720.0272067925
36768.6708665957
36711.7996922197
36744.1349137974
36707.9875857898
36714.6445786162
36729.4365716162
36706.2391666734
36724.2469935484
36726.9347477142
36731.2071726101
36688.9746110462
36742.6455442587
36696.8936938838
36721.5044580523
36705.3485583469
36706.0969254155
36708.9461666927
36748.7903060288
36694.2118180962
36699.3812482136
36738.7011811225
36703.5299723614
36734.421255473
36718.8665214264
36712.2534188207
36712.4004397586
36696.203639307
36742.5673844332
36732.1742771098
36746.7136954905
36703.6894471454
36706.4159266011
36705.6126136046
36726.8453703601
36701.9426664618
36734.2951649093
36747.9581632046
36733.9949091571
36725.4341697774
36732.7787657611
36707.4211545602
36718.3112470772
36767.5906086862
36733.7768107175
36718.7287480732
36710.9359460784
36721.8491808543
36706.3443708994
36701.9995393651
36670.3329174977
36694.776906653
36717.2241386667
36691.8216417399
36716.8617410318
36716.1550845063
36733.8570186391
36700.9845542501
36735.0975515101
36701.1151662209
36705.7014788402
36707.1707520371
36700.0348459271
36701.336026555
36701.1446446633
36686.7108112349
36735.0951344044
36727.2535682358
36730.8547881316
36740.9741124832
36728.0812385847
36726.5223068658
36708.8447828277
36724.2870720423
36737.6443648936
36687.2822943686
36723.769923767
36722.3244207096
36705.8944201319
36719.9527569475
36727.9328876412
36700.5793066674
36718.763269112
36698.6544258804
36707.6545151906
36685.8141539464
36727.0976222733
36696.9111533332
36702.291115261
36703.4329314057
36737.8935837067
36698.1313877674
36735.6049303627
36693.5243804214
36713.2774696415
36745.5040449368
36733.8094741245
36740.6679517908
36683.3141662609
36700.003813932
36694.4254972288
36732.3040917039
36714.4484812929
36703.5199030928
36708.9079898435
36748.5875140358
36708.9825308996
36716.6398981892
36699.7734499717
36730.4810096607
36713.8075035647
36731.2328353961
36730.1138624078
36711.2566870945
36728.025219569
36721.6605738247
36737.6249289634
36727.7816167033
36720.0392086497
36740.4609224461
36706.8812247524
36707.5485153392
36720.3870572115
36727.3062550175
36730.5926198828
36723.5715605831
36725.2406376551
36751.4075602179
36751.1124456541
36702.8713842034
36728.8735807089
36756.9495241285
36716.1670541983
36708.1557059294
36732.9462258882
36741.5589327907
36654.3294749403
36720.3068183325
36731.1764897764
36697.5072946445
36683.0191743801
36724.0132650885
36712.7330515356
36737.9423901358
36698.0426121768
36714.980148393
36719.3998499064
36723.8888228636
36702.4048261706
36732.5387327361
36733.4387734063
36726.8944383022
36729.3399700833
36746.7653338644
36698.6514665172
36723.133824625
36717.4976812188
36729.3083564709
36716.6916464475
36748.1877213371
36723.3695152928
36738.3556387038
36722.3939185257
36716.2865707858
36691.3978930496
36688.9420222344
36724.8243466424
36716.2548983222
36750.1394043859
36750.5622841118
36705.4850752485
36704.7703717351
36715.727747186
36711.2787140865
36734.6398365116
36725.1310099458
36741.6024013815
36733.8776876456
36719.998136691
36721.777566307
36712.1233647468
36720.560594494
36709.5138808013
36713.9559065859
36742.1185326495
36720.0211899745
36722.2343325322
36707.5641340633
36732.160490892
36732.8223245982
36706.1271760932
36701.713323163
36681.9392623782
36706.3662897509
36710.5681376264
36721.3565773324
36698.4026142627
36730.0152545687
36688.525916469
36700.1645100546
36710.3672329084
36705.3935825487
36709.3897416096
36713.4552566994
36743.9148033436
36728.1504232461
36703.6434736136
36736.5531102398
36711.0773616011
36691.0289860328
36723.2232880963
36734.88669509
36735.8495965593
36757.4912011132
36726.6941555733
36734.5554415891
36735.2876185357
36707.3826842382
36731.1111743038
36692.6932630775
36744.085866015
36743.6935255543
36738.4868889984
36717.4963161948
36712.6231924899
36694.0101083113
36733.1045016102
36689.2492849451
36741.0143772412
36730.796295257
36727.9259109467
36684.5690861244
36714.1527634516
36701.7584502012
36719.4654542114
36713.1825935009
36733.5018664507
36702.0852940369
36712.2998789608
36715.6854972317
36700.0506221325
36692.7717362854
36721.8911693383
36739.8598302706
36720.8055677721
36704.3182621737
36722.6515877087
36707.0990267997
36719.6001914724
36710.5325241961
36707.5838496414
36693.7554964968
36724.3526208711
36729.8963491963
36691.8182523426
36715.5772683828
36713.0924574703
36683.0063310282
36724.7852728491
36716.5722658853
36726.5853673729
36724.8344925201
36735.0219033898
36712.3980693918
36702.2956321433
36713.9694549591
36716.1623400339
36730.5391879467
36708.2803466532
36698.9814585464
36721.0159640764
36703.8882583422
36715.9289187091
36716.2286712499
36726.3442542539
36706.6010141627
36700.5836235645
36752.4671666464
36725.9108276165
36706.2288469238
36705.4309772659
36736.5062994784
36727.6167028659
36760.4277962392
36737.8781760077
36709.7213897036
36706.219860494
36737.2109799316
36717.6016716552
36730.7612877167
36738.9505903992
36695.1897723355
36701.7602643411
36720.9126346131
36731.8718858386
36757.8414240083
36712.5304022155
36719.0619888313
36696.2842275594
36735.5793382675
36708.1903074265
36702.1943083873
36733.3614959973
36711.9167217081
36725.8190986311
36717.9136840159
36710.6379715712
36735.5045170874
36697.8950205185
36736.8374879668
