36712.6033951366
36714.1618443121
36730.2358291094
36719.9103131842
36711.9007311693
36727.1026554512
36715.6691773607
36714.4886125331
36721.674894752
36718.8446307163
36742.9515767978
36714.6605968303
36716.429424609
36727.6895506018
36709.8343973662
36724.1860924576
36708.9123385561
36714.2412117369
36718.2388776026
36702.7021081995
36722.3393996209
36729.1951902622
36705.881997546
36710.9071015508
36724.1540885089
36706.9974167487
36711.6697647075
36723.3084870819
36718.6665074007
36713.1704405359
36721.66481175
36722.4432497619
36719.9431852995
36717.1570941199
36724.2239265603
36711.9250129032
36718.4811603136
36723.9946202965
36739.1048246076
36720.3687202653
36717.2779413221
36708.4602597511
36719.0632061846
36720.3301559763
36724.5727027166
36721.4752811789
36721.4378930909
36725.2042404868
36728.4655145485
36722.3415058724
36723.5650198813
36710.7191143529
36724.0649756347
36718.0218163918
36709.3133884008
36718.3955284855
36705.6829640053
36708.5279146971
36721.6589129736
36711.6269549461
36727.5711090888
36734.9565690003
36727.2837561132
36717.9431053612
36725.0996638252
36726.362666435
36721.3973453762
36717.3903144772
36728.7496947904
36716.3643295189
36732.568753898
36724.1216264226
36709.0925520467
36716.8374093872
36728.2552219645
36711.9727381581
36709.3775567387
36722.6995176973
36728.9253960085
36731.0179378792
36721.2164693271
36707.5396427737
36706.4742016034
36737.3603984535
36706.5668616962
36732.7791923889
36718.1426115517
36706.9128648713
36736.9595680446
36712.5342460022
36730.0539683176
36707.6476794247
36713.3917932374
36712.5624187026
36734.3589306967
36717.8118397609
36721.8065997384
36720.5579567828
36719.1159178285
36713.3205070258
36715.6815976617
36755.8158756223
36730.8737997814
36710.4384682853
36707.8845278133
36714.5785411415
36725.0103186979
36713.8780754772
36715.2493991151
36716.1110222725
36720.8884826266
36715.6756828315
36724.8508894364
36719.038708936
36733.6061486562
36724.0907045798
36724.3394005382
36710.8831842243
36714.8945163771
36739.3392099592
36717.9419203626
36711.671943491
36711.9168063966
36723.4294880706
36727.7370172602
36717.3299620765
36716.8817102467
36708.5513002003
36735.3064018493
36706.5078407236
36714.4149759331
36709.5254264368
36733.0174051582
36722.2183312681
36721.7619612704
36707.0064526819
36715.1571698497
36707.8244545135
36711.325402564
36723.0489949434
36723.4790003552
36714.7365644458
36716.1009218106
36716.5895387426
36720.1045353876
36722.3882923236
36727.0870933909
36730.0309476537
36715.506440065
36720.5225962362
36712.9907833042
36720.0618013805
36708.1444246788
36715.1907848943
36718.4017770011
36747.8717308124
36709.6559396865
36714.0535706144
36754.4749213238
36705.451377022
36717.5988999115
36719.4879688465
36708.3570430239
36721.1685903382
36725.029167144
36711.7721159955
36710.062166539
36734.4785970207
36719.3273798197
36721.6073173594
36722.2076025761
36709.826903911
36737.4068307888
36716.8621479348
36704.8852282282
36694.6868685244
36729.5026112245
36719.8629524078
36711.3436188086
36706.4677338803
36712.3208050569
36715.618863858
36722.7957968586
36720.7989022567
36716.1187729411
36725.9246950929
36717.943734088
36743.0328208755
36712.0266122651
36706.6093184975
36727.267842678
36715.7794528478
36713.9223462563
36720.4085932346
36717.376261983
36736.0486824572
36723.5290380847
36726.3353016709
36708.5902124902
36719.4455497144
36719.749801739
36720.6059961125
36725.2034268046
36742.4724478009
36712.8725955696
36725.1239209914
36738.3346213513
36710.5187623412
36717.0345525001
36714.7159249402
36736.3798864773
36725.5525132957
36723.4756872351
36711.7731327434
36696.686903976
36724.5441050639
36725.9028331924
36711.0743663102
36719.264932725
36720.7027636719
36721.1343354431
36716.7537968418
36708.5121824273
36710.3966991618
36723.4691810563
36715.516232753
36717.240902168
36734.4523382832
36716.6613185479
36731.4477833379
36727.0703398211
36709.0785674372
36717.5777127553
36711.7398232961
36717.8036746112
36728.6111747207
36721.9870416602
36717.0508239713
36716.8270069207
36722.6470089026
36735.961170096
36713.5845617597
36731.3458138112
36722.8729921461
36709.0936624901
36727.0468247971
36709.1862554928
36708.636137416
36736.0251133591
36714.1246258367
36711.6013512924
36712.9906268688
36708.744781093
36717.9357552477
36724.4652605578
36716.4133508
36715.5635926089
36715.6821264943
36714.6258653957
36716.4292373474
36741.0133579406
36721.5413235221
36709.8908755616
36721.5798926431
36723.6257317568
36722.9209764005
36716.9324106412
36720.0288265757
36706.1881014433
36714.8184406883
36705.1040546551
36716.4693703835
36711.4841553251
36719.2554776578
36720.0363975394
36727.715473943
36704.5276460291
36721.202697154
36720.6316058867
36716.8942773514
36734.0258428142
36718.9081006507
36726.7586845008
36717.7352183128
36725.3089892513
36720.0242148249
36717.6376752866
36725.691300542
36730.5029414442
36720.5708038207
36709.9480770576
36700.5835324784
36724.9641231265
36724.4186035507
36714.1018460734
36718.0124547379
36723.818642064
36724.9857122655
36733.7362057148
36730.7378669426
36721.3330120494
36733.8437264276
36718.9209660722
36708.6056670968
36718.9152638168
36719.5448597585
36718.3213250436
36719.9863205578
36714.8728244335
36701.2881070556
36710.4764258898
36726.3164264423
36725.7244764504
36727.9929704135
36712.5416001349
36723.5732536923
36736.0953491117
36718.2924991536
36718.6073522639
36717.8831720335
36721.529419211
36716.3423685748
36715.7652114636
36721.1237976198
36710.5940503689
36717.7874439537
36722.3093521455
36723.7115976023
36714.3618006777
36705.3963630709
36719.7973542885
36712.0069816067
36725.3640591387
36717.7699860109
36697.7883844606
36718.6345079408
36718.9030504765
36716.5027130051
36719.5935625611
36721.9367335851
36714.0628437743
36736.0116083218
36741.7925748858
36724.2685705692
36715.724850833
36727.4160653653
36718.4729953732
36721.6227899552
36709.7344653406
36717.7842517667
36705.2503094609
36720.0993989474
36731.2889470713
36735.455242993
36724.353522071
36695.6948068811
36728.1256481021
36724.1730845662
36718.1483549115
36723.6298603205
36720.9621154959
36709.4172274473
36723.4397072933
36723.0974590366
36705.7189727797
36706.3673411267
36716.1736409887
36716.4748219867
36718.9892362318
36726.132232538
36725.5878901181
36714.5099942332
36707.439730179
36721.6356718236
36719.5844295317
36729.2124308632
36714.7068488651
36723.7888968683
36727.5480452863
36718.6385255803
36731.8526377467
36716.9400233136
36715.6065611026
36721.8594256062
36730.868951297
36715.6470086932
36718.6854868472
36721.2681211976
36717.9582784159
36712.7911614595
36713.5182834603
36735.5133572851
36702.715167543
36703.1537719601
36725.2856467679
36707.7538663399
36713.9392550875
36717.0338174378
36706.035242396
36721.1618631066
36714.4064658189
36715.4151491833
36709.7062203729
36710.3319921557
36718.3315928172
36735.0732617394
36712.2666946106
36717.9024023816
36710.2404563041
36709.747302478
36730.8408008573
36720.8382150221
36713.805480938
36725.7321273007
36724.0627371763
36705.2185392176
36705.5614865398
36733.155847282
36708.7722186107
36707.5195323434
36716.4636516461
36726.5372758944
36713.3906478875
36723.1263293328
36713.0062680877
36719.1061465241
36728.7327565109
36726.2076102799
36717.8524957526
36709.028156432
36702.0828394729
36715.6207389005
36741.1511005733
36711.9091602141
36715.0816229926
36716.7604744132
36720.6817033433
36720.5826630767
36714.2682898178
36731.235556846
36717.8233500326
36709.9768383588
36711.6283207989
36713.1158747439
36729.8640537605
36739.7091981514
36721.3046566823
36717.9030291732
36737.8740833879
36713.847499782
36725.7235807935
36708.9080119748
36718.5920421347
36722.5627725999
36710.1872123765
36718.1636073767
36718.3398043764
36727.9847264533
36716.9712702849
36725.1004497851
36726.0720278634
36726.9175151598
36712.2499782422
36718.9307544867
36716.0313022454
36730.4808350494
36721.1591441876
36717.6666182105
36723.7258743625
36705.3951522743
36719.9530607562
36723.1775399291
36722.4903666257
36711.788829586
36732.9820271515
36720.7791972867
36709.7722554314
36717.7832031072
36736.9844204203
36706.7146282403
36720.9098836922
36724.0588386338
36714.1611149246
36710.5248022955
36716.3246260883
36742.4395789777
36704.4499771874
36705.9382635332
36716.9108066995
36712.5505240603
36714.2027211268
36709.1159666502
36723.6483507931
36722.4621389595
36704.3891942835
36710.9624524306
36726.768845529
36722.6627527759
36708.3297484556
36701.6214641633
36713.7289830567
36716.2771153684
36733.5666393107
36737.6635959675
36737.3608682217
36723.1953421547
36707.2829902777
36721.5206512907
36737.0488260406
36725.3408782345
36691.4976187955
36723.5667335633
36708.2104816001
36732.4853977767
36719.644047174
36723.0947141136
36723.8515513039
36707.3193764177
36703.9529686966
36717.9892015293
36719.1044305057
36720.7124474691
36740.2992982712
36714.0232934541
36713.1723463967
36712.7151066435
36719.3451123818
36706.8365829547
36713.2761465121
36715.0101563031
36701.9761635559
36701.6669075596
36710.3645526796
36731.3837793809
36728.9873639351
36719.5511229688
36732.5184513433
36712.1449196933
36714.4877362681
36712.8525747563
36717.4966484873
36709.7634029347
36723.8186903542
36738.9502750741
36727.0993569164
36707.810581904
36697.5428863461
36715.3680383808
36723.2597658
36743.0733857367
36721.3379263706
36714.6972742632
36710.0140519333
36721.2548325729
36726.9704396981
36729.217866362
36720.0181309099
36726.4683207877
36717.7575022849
36694.3730512054
36724.9794157661
36710.2910888702
36724.611474322
36725.6137502949
36731.4331286559
36719.9906868549
36739.3455673234
36702.6087970147
36716.4448200926
36711.454860812
36723.5904798105
36704.5517882715
36705.1098277919
36720.6687448658
36722.7903062251
36714.8511723075
36729.7966561219
36713.6018689895
36724.9225372945
36719.2482989896
36724.8265209893
36708.269469692
36716.7378504067
36698.3211128362
36739.0963959944
36713.7651968552
36731.5899734395
36713.6547866754
36722.7253041405
36733.3478425195
36722.7093317998
36719.4496060857
36713.2254072794
36721.100224736
36720.7635658871
36711.8824041224
36709.2017799535
36718.1425582249
36724.8465487784
36712.6608554867
36722.2580734421
36723.2919355741
36724.3388527488
36715.0271640618
36725.7967013951
36728.0169674673
36723.8474816964
36737.2048898277
36727.6709745895
36738.6575215295
36715.2158939768
36716.5251110031
36716.8901123664
36715.9505456465
36726.6106152539
36720.6506103904
36724.2334747887
36712.9380207931
36721.8684959951
36700.958426356
36721.3516630271
36715.333148711
36710.1050529685
36715.1754677746
36758.5980037435
36713.7640870396
36735.7721141211
36721.4030722359
36712.6504275762
36724.3545690156
36711.1230236177
36729.8157071951
36723.0369272719
36712.566993755
36723.0362137426
36736.4753356285
36720.2205715531
36721.8278264702
36735.0278053339
36714.3907183964
36721.4208745589
36722.2045886456
36710.4307392426
36718.1256341086
36713.4254001637
36708.4374722004
36722.1467868393
36721.1983586223
36714.8509639205
36717.3987189753
36717.1075337919
36710.243191656
36712.3209702902
36721.1734675709
36715.9050396545
36715.5344449627
36720.6659757726
36713.8016901977
36708.2068133269
36723.6931390813
36715.9484751815
36716.5091657532
36714.3768626424
36727.5492575562
36723.5546282658
36718.5666508931
36721.653194187
36718.4470651155
36713.9665041304
36708.200251675
36716.3427974735
36706.8064224056
36725.6676244067
36722.6320298782
36725.7397912846
36727.0751057949
36715.8008172524
36708.6152746319
36713.023381919
36717.5016655327
36705.7021883868
36735.5319329748
36723.7722680484
36712.2656454358
36709.0925943749
36713.3153161168
36722.1907133991
36728.890626582
36711.2432418383
36716.4462722519
36711.5201979883
36712.1776484685
36716.3585879587
36703.869432146
36719.8973121411
36734.1753388795
36717.1187941509
36729.2938105928
36714.7730901012
36727.9470250775
36753.2187701289
36719.0156493296
36717.7788694065
36721.4818854932
36730.7919055872
36720.0939142665
36725.7908531987
36705.790984328
36707.9780746647
36721.6429210735
36710.1963351431
36722.1700234841
36736.3921772152
36710.381146438
36713.9281101558
36718.8808289607
36738.9245932235
36724.7735895529
36716.7672854186
36696.6956253787
36711.6553259724
36725.5145409386
36706.2281518843
36696.6909838148
36744.1125255682
36718.5975336796
36730.8940033594
36709.6998954291
36717.6239908799
36720.6913009524
36716.445057135
36739.4112346765
36715.2699565154
36717.3653473646
36741.1542724355
36718.6733295608
36705.3061628396
36713.3982433943
36719.3339611232
36720.3371068399
36719.9172223081
36721.5184314495
36710.1919256537
36708.5926726996
36708.5920708723
36727.1272997625
36724.5188624225
36711.2654287458
36720.9171690798
36719.4945021334
36718.1386137823
36717.3157813197
36711.0095244607
36720.6397147652
36721.6925478203
36720.6635698622
36716.6646785702
36713.0739225811
36722.1633562771
36714.0756327512
36718.4347835816
36719.2570406094
36715.4234945577
36714.9753898438
36710.0982608595
36731.2261132066
36707.7664268129
36710.4020079375
36720.1685750372
36718.6070123714
36719.5173757683
36725.2148917257
36709.0764371469
36716.9928085098
36715.1614639402
36731.4004389227
36720.8465789293
36704.8233503993
36735.972711906
36700.6122176358
36734.9523017411
36710.6269958556
36708.2465685779
36708.9248805882
36718.5052602597
36718.5353065369
36716.1633961952
36731.3220598301
36722.7529515487
36711.4435652132
36702.4734338504
36707.9630471585
36730.4552085607
36742.5470964987
36721.8381225096
36719.4023185834
36725.6567867961
36732.3671828191
36720.7331981432
36731.6494078718
36720.3661027498
36720.7361938853
36714.5880955764
36719.5579702116
36723.4318558501
36712.6999640977
36715.5191644088
36708.211408742
36726.2660511318
36711.69622738
36717.4275501425
36740.3205474562
36706.4713107908
36708.9712254829
36717.2156184881
36714.3499375357
36714.8572106152
36697.8273740072
36714.0502477513
36706.5099306892
36715.7548307452
36720.1790115934
36729.3375865718
36720.5492181388
36714.1007764492
36719.4193002877
36712.7213336054
36712.1124433442
36725.0933081421
36709.0529883194
36719.1526737407
36712.569281325
36708.5840094812
36718.4221393053
36712.2943459091
36724.1457999464
36712.1540347327
36722.8603895582
36718.6516239429
36717.3712554229
36719.9254632827
36723.7093402827
36727.1747177731
36705.5001644766
36731.1766671609
36737.5799017867
36697.3370414436
36721.3249610067
36701.5737180723
36710.5441089282
36739.2239213672
36719.7896704139
36723.9107017754
36727.7788281838
36729.8356782877
36742.9655170597
36719.0072522782
36733.2269523191
36722.4135180263
36715.3258100947
36707.223012344
36724.0086109147
36706.1621665378
36726.5390850692
36708.4409156408
36733.694930411
36720.6436626832
36720.7344464502
36716.4154026377
36717.7951447193
36726.4377357594
36719.9517319076
36718.1322174615
36711.4892888332
36729.5547777639
36730.167844809
36704.5661133875
36714.5606532403
36724.7593931221
36706.102401983
36710.8458654275
36719.1022943687
36722.9174356096
36715.0868937572
36713.1086237893
36717.5903340889
36718.9533937208
36735.613993351
36695.9730540122
36718.6309570615
36705.229497198
36727.3197553781
36727.9935327259
36721.041877691
36716.6687824
36736.6261363432
36707.6054340868
36727.1268717239
36708.6022187181
36715.0406833144
36729.2263724685
36708.6958530709
36707.0077852695
36729.315605106
36712.7127422721
36718.2272116664
36718.6950223834
36727.0588077992
36720.8678632744
36735.7677587418
36708.8645880454
36720.257951628
36718.7722079073
36717.2176683722
36720.6206096162
36722.3980617529
36711.9490527789
36708.1676642801
36717.5147858011
36719.3384891867
36726.582714439
36709.5532008351
36718.5888923821
36716.7105044572
36712.1153766957
36714.440066455
36731.7546880176
36718.9149635886
36726.3383084095
36712.3346823567
36722.3980593524
36720.1636014214
36714.2440588768
36726.5224234215
36727.1344883936
36730.4775189318
36716.2929238197
36717.5478494028
36729.4062718773
36721.5408754085
36714.4594052986
36722.798960572
36716.1242695697
36713.2099847968
36721.5235443665
36723.9945485133
36707.3662759299
36723.975042287
36714.6490567263
36721.9614282061
36721.8285054343
36712.5247818901
36721.4428768545
36713.1063328795
36698.478319025
36711.3575694671
36716.2339126216
36746.0388211108
36717.5127931978
36727.2577798534
36714.4579516915
36719.1799430103
36715.2632799422
36729.1710131531
36722.2882780681
36709.5470269966
36711.6181613237
36717.0286238119
36715.442589426
36734.6389278074
36725.0996562333
36722.2183896835
36700.7535502319
36718.5318897042
36714.6181638907
36713.4938411267
36707.2353166259
36724.8920291043
36713.7710259224
36709.5387550916
36727.2302219869
36723.273685738
36720.9252776828
36710.1378601975
36726.4307295781
36722.9758479059
36716.5120878431
36727.5252961022
36717.0313468234
36719.8944252759
36710.1104616775
36719.5780867225
36718.2719909914
36719.9281374692
36723.9001871125
36711.141202118
36718.8609967249
36723.9568265811
36709.2871594724
36719.583022356
