36702.9291866553
36761.5506787841
36757.5451517028
36722.3689773126
36740.0961794623
36743.8002196108
36736.9545343607
36719.5856105698
36704.0141073861
36719.9633021173
36731.9971498528
36717.9882908856
36702.8521806694
36722.6328338835
36705.7522962889
36734.3007037316
36730.0816305643
36742.6278705821
36682.5572696659
36751.0001274025
36723.5006918853
36735.6837659533
36710.0955305713
36705.9561258628
36710.9142239629
36714.2073300761
36752.5078009775
36703.0298894833
36734.4506031437
36707.9303844298
36717.7035521178
36702.7568396798
36723.7364349275
36767.2179146424
36742.0054889982
36708.4174296301
36707.6035196317
36738.1112257785
36725.2189119295
36705.6540091486
36715.2027612181
36698.9358492711
36711.5938960969
36739.0488284837
36724.0609105555
36718.387225593
36742.0816092165
36751.2885248585
36732.6893442944
36727.1098902853
36752.3572505623
36709.8774577109
36717.750995733
36749.0402478791
36726.945124546
36756.6481341646
36746.359828929
36723.6588660793
36728.9948075201
36727.7275485515
36734.6972271471
36698.0880950695
36742.2504314949
36730.4647040202
36733.1457957719
36716.0577442695
36740.8936462323
36702.3969708011
36757.4119607518
36707.8967173001
36751.7224885891
36715.0579365806
36726.9823879662
36713.8887404803
36753.1182880556
36735.8437681673
36703.2769901266
36706.1138676779
36724.8744694942
36723.0810855676
36701.9214133789
36721.4785227279
36698.4431619293
36746.2234045932
36723.9004548141
36719.8706081137
36688.5621200589
36727.1484734706
36738.1857350669
36733.08421465
36766.9312160727
36711.7137844762
36694.4863752732
36731.9402259427
36721.8097468709
36729.1746228863
36747.3827287618
36711.8188200555
36735.9789635263
36712.6611146888
36724.4602107002
36742.8095600169
36742.0147010727
36699.8929747734
36741.4946452281
36705.5075981717
36703.7842348891
36713.229002193
36747.3482116481
36709.4298857069
36715.8574203659
36701.7179053321
36703.3884636549
36714.7425218945
36710.1894843223
36720.2718104826
36744.4700434161
36736.7849674816
36725.4597393866
36699.4671356779
36700.8072634113
36724.2057707432
36729.6090261125
36729.005015684
36723.2325340613
36674.8609950252
36691.5422682047
36684.0851974014
36724.4234206843
36704.0006211101
36729.4671798959
36699.3108981278
36752.0507553032
36758.8291706893
36745.1351583118
36700.818524936
36753.7295784955
36692.2967617576
36671.0359025327
36743.0790115761
36749.269922933
36709.5772846571
36682.5987574654
36713.5522978222
36715.6207492577
36758.7367776629
36703.3065493993
36736.4660233366
36711.6330134818
36709.2080881421
36763.8036370293
36726.6953777887
36699.3579289772
36705.2340442355
36710.165786676
36724.3739799162
36721.2116168976
36716.7989773216
36750.2927922703
36711.4180781014
36750.5843490868
36723.6739746657
36745.4410421588
36701.0753937618
36704.1990678664
36725.0496292785
36744.962432308
36686.4894982096
36714.4732221337
36723.7882545673
36744.8878410229
36706.4361115796
36735.4553467299
36716.2674113752
36721.0276674499
36739.63320242
36703.6070089749
36709.138382844
36737.1189908412
36695.9644657145
36705.2475917023
36721.7375996109
36743.4478834191
36732.3574269541
36727.3098720906
36683.1579119065
36719.8640852432
36737.815638082
36695.8653931066
36724.493104369
36733.436458788
36728.0972034208
36692.1898556914
36750.3969839756
36716.5555877539
36692.8479247829
36726.7948664415
36726.6409985042
36722.5050653268
36738.1082670011
36728.0076380794
36701.4907783802
36722.5350436975
36735.5811997865
36695.7160562287
36718.4400134855
36758.5947002792
36701.0802397835
36691.9019730405
36740.0672751767
36729.8059677236
36728.8146061748
36750.5791489112
36734.638172338
36714.4892791896
36730.8972240709
36724.6273621274
36698.10625187
36709.3493953165
36709.4473369871
36724.7371955937
36723.2218330117
36725.4722188106
36730.1987008225
36715.5314571816
36726.6417182373
36711.8882745753
36741.0160750886
36708.871706332
36710.1110048209
36738.3671764795
36714.9101783795
36715.504249115
36733.4704988814
36719.7843162226
36695.6708556864
36707.3306145957
36716.5512512412
36721.2427035267
36745.1127925499
36737.5730180377
36725.4819597083
36685.1216799406
36764.3101430418
36719.9402428598
36729.1142411519
36723.4301952472
36689.7697147679
36669.2298136636
36742.3586202632
36699.124515847
36736.1558462546
36723.9074654262
36757.5235842617
36740.6933004989
36695.6331360876
36742.9137530142
36718.9235226445
36718.6367064932
36748.7040968845
36708.3572469733
36715.5653959235
36762.9014058423
36694.6625002381
36717.7829962065
36745.2183878376
36718.960652956
36735.6494654248
36729.175605558
36750.3001856761
36724.9508292579
36718.5158125426
36731.9097587451
36736.0209984887
36715.1049275491
36697.3969441702
36724.4322224253
36754.9535488687
36740.7105667643
36732.0949962326
36728.581845855
36695.068179006
36760.1249306651
36715.9181864683
36715.6851324282
36749.9650385308
36722.9752565712
36749.7699014543
36700.6461191173
36727.4718089821
36749.3864935302
36729.0080082129
36713.3188929875
36748.279937081
36724.8241483822
36760.9678346106
36726.0675106297
36754.4629379157
36738.7606568593
36704.8217656872
36731.0335999486
36722.1073507517
36727.1231588346
36698.1970934012
36723.7583565338
36759.7571075673
36692.4462623253
36703.5734239942
36731.994114481
36728.7354316504
36724.6146685384
36730.6863414528
36706.4653143105
36707.1604864635
36714.959290131
36727.4712807236
36761.1930506984
36747.0022548121
36751.3459900355
36750.5000325223
36720.5241542325
36707.6860153805
36709.5761527032
36696.1557538031
36712.9759781887
36723.0330919932
36746.9432599402
36751.6701739149
36725.6203661714
36728.2037973104
36710.5843484414
36716.2936779747
36704.6830921029
36736.0497604837
36713.102270074
36722.3918970512
36739.033463674
36745.8785042673
36692.0534593105
36728.4175965445
36723.5030687438
36698.9784824935
36727.5173747505
36735.2994395392
36709.6401464675
36718.7344206484
36717.2618083676
36738.6857807118
36694.6848592072
36746.1793546534
36705.4094378618
36709.3065684664
36719.2433541804
36736.2656878149
36734.6137806672
36723.727877902
36683.2565914736
36720.7410176028
36750.2416455571
36669.5839826225
36724.661630045
36714.6082450384
36699.3634898867
36671.2102289975
36708.0437460988
36730.1453820171
36754.7504001722
36750.9319141775
36740.7068137662
36738.2575369506
36752.9681151888
36753.2964689304
36696.1761178428
36714.3308004156
36690.6533931573
36714.032391984
36699.7353939165
36711.9751759356
36707.3184183193
36738.526252667
36721.5688456296
36700.8441978574
36717.2205643764
36750.7871841101
36718.1547881967
36722.8750851796
36713.2424448097
36717.8367628115
36742.7338465783
36721.1151852834
36724.0840959978
36713.5315648953
36719.3992546541
36685.8947778271
36710.2479463328
36726.3349964126
36694.742665134
36704.694120786
36735.3298973484
36719.7306016034
36753.4573154872
36719.0854457167
36720.7091805606
36715.8792222495
36703.6265020497
36734.10366189
36737.6810339909
36686.378882883
36748.2691357203
36714.2304641054
36727.1571471264
36733.3070589805
36734.5728010662
36733.1477962891
36740.6686077392
36724.8676326617
36729.3512126847
36673.2963266059
36709.192831265
36732.8981533431
36747.2702810399
36720.594881536
36736.9890713369
36729.157511871
36724.5373512934
36729.5671654947
36757.399398706
36729.7706610034
36707.9595959448
36700.8180891521
36732.4500375747
36704.0539348307
36720.2132749723
36709.0031606854
36719.2284066422
36720.7185443128
36707.3719964798
36708.4358210843
36713.1323409724
36713.891358737
36750.4063322471
36716.7218177557
36710.824930699
36722.6459050993
36712.7518391057
36709.1189356008
36715.2772563379
36724.2850843366
36736.6459508036
36721.170440977
36723.8250473877
36738.6407585843
36714.1349942551
36737.3117593969
36743.4893199533
36758.1290338655
36756.1940734466
36755.7830735737
36709.7940897388
36736.9316728772
36687.8350791321
36726.8583621097
36728.2248754343
36702.8002167743
36694.7028416022
36732.9710319194
36704.9972518052
36709.7677035788
36706.9286796648
36714.3696469453
36706.3238783814
36722.3306553774
36736.707406225
36740.931091009
36716.9971279195
36730.6237350767
36683.5341710501
36734.3698704107
36688.7002004329
36692.6852938417
36689.8836443785
36749.8349695846
36708.5158545397
36690.3389951837
36696.4813048772
36709.1080699557
36715.1625760971
36712.1275594444
36734.3042541969
36728.8930588818
36709.5935921041
36684.3935296267
36733.368603675
36715.1942058332
36719.3324235567
36714.7979172992
36688.5224027431
36715.0027843685
36736.0068750016
36743.4386348502
36751.5326005186
36710.2638842565
36746.5302914794
36734.5377728091
36695.5264264518
36721.6676488756
36694.6044390371
36722.0471618163
36710.7996361794
36737.8911220844
36725.0909946482
36713.7426922819
36711.6749080514
36679.3634606334
36727.2689326378
36724.6448931009
36716.0957608215
36707.4016222846
36718.6339346811
36709.1854766549
36722.0790548724
36731.8225360755
36756.5730911645
36689.7989758474
36760.7239275622
36681.4797718374
36717.5834844494
36700.4993291398
36713.5220162037
36720.9289089964
36736.5776576183
36696.3945847592
36739.3531215429
36754.1061271589
36712.2496177732
36738.6173072799
36736.2757651526
36704.2845193936
36692.413961198
36721.4540904078
36711.556378358
36717.6936261047
36710.8677746702
36722.8568747731
36731.4314209454
36719.4008318441
36745.6015436275
36752.2525798818
36707.55446774
36750.4410186724
36736.9049036804
36700.6559617607
36734.0765401391
36710.8884634605
36724.8471926438
36720.0396653431
36719.304208487
36710.3228680551
36742.6257766574
36738.3645884745
36704.3697964968
36735.489924472
36700.1311631512
36727.5166562287
36719.0248944616
36731.3664511593
36700.8283991614
36745.8027442818
36725.3416894874
36731.9526140533
36735.0578836413
36730.3176066367
36745.5142452794
36730.6265193782
36715.674694165
36709.6346337666
36722.1467319626
36747.0089301211
36733.5181526587
36725.1204710226
36698.1349332014
36701.5768136011
36724.151250714
36703.5298386181
36709.6494336314
36723.8858894243
36734.2103081037
36721.3174922023
36739.4066607513
36699.2034723825
36754.9357004826
36736.6456251542
36718.953205341
36693.3489363328
36736.4232959433
36733.6845422509
36749.8626660448
36713.2180053628
36673.8136703637
36693.7461753031
36733.823697148
36730.4871490181
36699.4667935355
36723.7441344902
36731.9756245224
36719.8482038543
36715.1624803155
36673.1364466542
36740.2137033327
36732.158542659
36716.9557413368
36743.3877187165
36708.3906093706
36693.9451201224
36733.22019518
36699.3875601368
36720.8740800153
36748.5474692574
36735.8854468725
36699.2500855335
36738.0097859276
36734.0638457423
36755.5546103537
36727.5664363706
36726.0142157054
36719.4507381472
36722.5244419679
36759.832522693
36737.7495767429
36734.326061979
36706.9991588938
36675.8158438892
36706.979045897
36726.3274311096
36706.7681147751
36730.3600059181
36736.4774158505
36726.3640510209
36752.7541642235
36742.2645704622
36695.5508023025
36739.8294132598
36731.2269200046
36725.1508857852
36713.8576783743
36730.3637681694
36719.6009866661
36711.2940165835
36761.7034972802
36770.2714994779
36759.5845437608
36733.0468433938
36711.1759622639
36748.4091838163
36701.5760918429
36713.3447596277
36715.8976755536
36742.204590233
36732.8628860448
36715.8235401097
36719.7216904412
36697.9636761494
36746.0202028514
36753.1018925638
36711.88158548
36696.4260040293
36738.5577020186
36733.6578758022
36722.3006910128
36686.3840484383
36706.6940144904
36722.5601383527
36763.4088916797
36738.2404298894
36711.1417000919
36767.0881441008
36676.5545186519
36749.080772326
36728.18250113
36705.2547031977
36731.2961110582
36698.0602045549
36706.7223616897
36736.0256028382
36748.0532311053
36717.2586342363
36753.4193469565
36732.8075709448
36745.4442865393
36741.0656414961
36680.9891305096
36737.0370867099
36712.9890931725
36725.7835310898
36735.2567086125
36712.4234129979
36690.7251370996
36718.5023780991
36727.4204162326
36695.2371260035
36680.9712124999
36689.4612415198
36703.5464698679
36713.0016249838
36707.2506806232
36700.8720108592
36746.3549502509
36729.4528021359
36733.0215243556
36701.9108744634
36722.7598071483
36735.1246626609
36675.926149175
36724.3996861432
36713.2893406109
36746.1804680634
36740.5089501736
36750.0507883097
36740.8751825185
36744.764000614
36743.9506253782
36748.4864197992
36699.0323943938
36748.9520435811
36727.9243060272
36735.2950704963
36741.9560443425
36720.5990056732
36735.4382862448
36725.2499447752
36720.7295987075
36718.9158998189
36699.1668754124
36716.8870018532
36709.6821978279
36723.9430910356
36745.6765330863
36724.4654885986
36732.7052025875
36715.607202243
36680.9652517986
36702.5392071231
36722.6980889529
36749.1146151846
36713.1179244302
36709.5254524749
36697.0343261099
36694.8428712496
36740.5468602463
36714.3847811859
36710.3100699556
36718.4129196699
36700.5329035145
36675.1520927405
36713.8865117996
36734.375084333
36723.1784761048
36726.7383899742
36695.4273074134
36718.9166703501
36749.1273911599
36719.0398317829
36688.6586129884
36739.2680330662
36725.0045013186
36759.781596061
36713.6405036115
36711.8436963044
36712.6444616122
36723.2571556599
36709.9311608293
36712.2741894627
36746.0457064301
36706.1253370218
36731.1739293494
36736.6961261772
36736.5915050229
36717.8466848752
36703.4808758164
36690.8776659018
36751.1261603722
36711.454226166
36724.5525623825
36726.725127891
36737.3125923967
36717.8264162586
36733.677109941
36723.5266637699
36721.1510133551
36687.2059380371
36735.4001969065
36732.2857409495
36734.4813468104
36737.3728336705
36693.3699869734
36679.5658527942
36742.5446188143
36703.3759990439
36719.996031726
36702.8049297641
36720.4348111007
36725.7054959708
36696.949543458
36733.5607762034
36699.7952098572
36680.5512117549
36736.573665614
36762.8816091767
36726.6628732874
36721.6524638434
36711.188755171
36735.5497273821
36730.7808009212
36704.1507877638
36709.080610877
36732.9978760992
36721.2073512512
36702.4876177351
36675.4471986084
36733.4303400815
36735.266395753
36721.9875217736
36754.5322095661
36728.3702496448
36749.6107753979
36730.0790550519
36717.2390431747
36736.2586284841
36710.2724852425
36715.5916451807
36732.4812421055
36723.1876151117
36743.3929831406
36727.5622093493
36732.6587775061
36732.2009513683
36698.3917183389
36726.8702209158
36745.8754540957
36741.1587396604
36735.3075645163
36725.8342763244
36687.2390212325
36746.3024150846
36715.2109873627
36738.7768311158
36715.4377302265
36736.8781373386
36705.0853652623
36726.7948929752
36729.0094524808
36736.732424153
36713.9711245061
36728.6704072317
36739.9185185511
36742.121046945
36725.8823416178
36692.6807213522
36703.7519852979
36706.1953065937
36708.0149122516
36715.1877286761
36761.5391042188
36737.2485026988
36749.1365914985
36720.2966517021
36714.0853230047
36761.4081509609
36719.9211411241
36743.604351083
36725.6424960292
36730.5523680597
36727.6174693354
36708.3974332522
36693.0309351938
36733.8004498646
36743.4903250903
36729.061959251
36733.7455227288
36733.4808302413
36717.5200010679
36720.6358237582
36752.2519726945
36742.8296896991
36730.5300135187
36712.943607465
36729.8175221591
36739.9781946673
36699.5616329963
36766.7870785381
36676.4167721302
36732.7165970776
36712.6354959587
36713.990355016
36704.0972204245
36703.7749301621
36728.6311862148
36702.0437740541
36696.7036097318
36747.1586567009
36707.9529516365
36738.3325188045
36730.1602643894
36721.8998327269
36705.9092544994
36746.3194338712
36712.3742374952
36699.171162687
36691.9921705749
36754.9664240847
36728.2726580751
36739.6620029705
36714.310602061
36713.7892766709
36729.3609310402
36709.9098093565
36737.8641880958
36740.1851139345
36733.1697738762
36710.9657044538
36707.9601864861
36673.3798219426
36733.0427309316
36726.380487235
36710.1511623052
36736.5471314809
36737.7830365604
36702.9113137322
36671.3696224453
36720.7167570366
36724.6312146948
36733.3485591771
36754.1947900181
36711.9795313397
36718.7558999681
36708.3623630291
36728.9214555544
36741.2417173932
36719.4889007204
36730.1105545172
36683.0178379873
36735.2548899108
36792.2367645066
36727.3789502093
36734.0092302328
36722.5388736676
36717.7983963758
36739.9740321333
36743.6358516832
36684.9535781704
36743.0463214751
36710.5824778836
36735.5793208273
36751.3277165335
36706.0771365635
36738.9401675786
36740.5560631567
36704.6098732755
36733.5353150493
36721.71203706
36683.197685325
36739.4947479116
36737.1663583441
36711.8198127121
36730.7417293285
36724.7302748748
36745.3662874727
36713.8239462052
36750.7845734509
36723.500723342
36749.5978450248
36744.6814759592
36736.6465213285
36746.0823975315
36748.9955314921
36725.1995931956
36721.8354016055
36696.3863688689
36746.2421815819
36744.6961577205
36699.1111615154
36696.4764051982
36736.5815755772
36696.3396200696
36735.8759053273
36704.5709713758
36716.2084076883
36693.2122715798
36708.8016849259
36735.8345062997
36728.1754091323
36757.2332957356
36710.6996576597
36708.8127843302
36699.6467527558
36695.0094379304
36712.6898794785
36731.050163657
36729.8778621652
36734.246881445
