36748.4268712062
36749.4690229499
36748.6290746324
36749.5669219212
36750.2841807969
36751.3072820251
36749.84132507
36746.3029353666
36751.0279576042
36745.5620417645
36749.1319807511
36749.1319807511
36750.3907551283
36749.1880721804
36749.3426807963
36750.7699852428
36749.4643841667
36749.7828631525
36750.5038616057
36750.3504293747
36749.4162190332
36747.5692314758
36748.5254149815
36748.6290746324
36749.5669219212
36748.6290746324
36750.9092885947
36748.0998153252
36749.0364609275
36748.5254149815
36746.5018402947
36746.6217096817
36750.0522383532
36747.9109036117
36749.1880721804
36748.8858415187
36745.4719700902
36751.0769899745
36749.0573353058
36751.1101467202
36747.4722032117
36749.4643841667
36747.5537393257
36751.4295863202
36749.4162190332
36749.4585436148
36749.5141832083
36749.7600350482
36747.5537393257
36751.0279576042
36749.5669219212
36748.099686569
36750.5885900152
36749.8666871013
36748.4268712062
36748.5254149815
36750.1744615381
36749.2061507107
36750.5885900152
36745.8954484285
36750.0651625614
36750.0687462005
36750.1681379253
36748.4487378646
36748.5254149815
36748.4268712062
36750.4242629054
36750.2539081429
36751.0769899745
36746.8201623065
36751.1101467202
36751.4295863202
36749.2853098927
36748.7275259163
36747.5692314758
36748.5015648831
36745.8954484285
36751.1101467202
36751.2732577171
36749.4867446594
36751.0769899745
36750.3504293747
36751.0769899745
36750.5885900152
36748.3591620236
36750.1681379253
36749.1880721804
36749.4867446594
36750.1917186338
36751.1101467202
36745.8954484285
36749.5891675026
36751.2732577171
36750.3504293747
36749.7600350482
36748.7049226723
36749.4643841667
36751.9247736236
36750.6462063839
36746.3029353666
36749.8666871013
36746.878624015
36748.5015648831
36746.3029353666
36751.3072820251
36750.5038616057
36749.5287307941
36749.6606956283
36750.1759532571
36749.9533692668
36749.8583333006
36749.6588599817
36750.4934974207
36747.8371347996
36750.7699852428
36746.8201623065
36748.8360964074
36747.8371347996
36751.0769899745
36749.5141832083
36750.7699852428
36749.4867446594
36751.9247736236
36750.6973684179
36750.6914994489
36750.3907551283
36744.9276863372
36748.0998153252
36750.5038616057
36750.5885900152
36749.2618027877
36745.4719700902
36749.5287307941
36749.0364609275
36748.7799347909
36749.4643841667
36750.2539081429
36750.8879665289
36749.2618027877
36749.4162190332
36750.6462063839
36747.5692314758
36749.8637478943
36748.3060455556
36750.5038616057
36748.4268712062
36748.4487378646
36749.4690229499
36748.6290746324
36749.4690229499
36748.9313832826
36747.5537393257
36747.8371347996
36751.9247736236
36750.4466766792
36748.5254149815
36751.1963782391
36749.84132507
36751.4295863202
36750.1759532571
36746.0804275842
36750.6914994489
36748.983452753
36749.5891675026
36746.698571064
36750.1744615381
36748.7049226723
36750.6462063839
36750.1917186338
36749.2331369761
36749.6588599817
36750.8879665289
36746.3029353666
36748.6057768933
36749.8637478943
36750.8879665289
36749.3426807963
36748.6290746324
36748.3060455556
36750.6462063839
36748.9313832826
36748.8858415187
36750.3504293747
36749.0364609275
36750.1744615381
36747.9109036117
36751.9247736236
36750.3907551283
36749.713994459
36749.4867446594
36750.4934974207
36749.1880721804
36748.8214541216
36751.9247736236
36750.5885900152
36749.6538255579
36748.4268712062
36748.5254149815
36751.1963782391
36750.8879665289
36746.3029353666
36746.5018402947
36750.6462063839
36749.4867446594
36751.1101467202
36750.4466766792
36750.1744615381
36751.3072820251
36745.8177233317
36745.8954484285
36750.7699852428
36749.5141832083
36748.8214541216
36747.5537393257
36749.5891675026
36749.2853098927
36750.1917186338
36747.4722032117
36750.3907551283
36751.4295863202
36748.4487378646
36749.4867446594
36749.8583333006
36750.2539081429
36749.713994459
36749.4643841667
36750.5038616057
36748.5254149815
36746.8201623065
36750.1681379253
36750.4932543618
36749.8583333006
36746.6217096817
36744.9276863372
36750.1917186338
36750.5518577285
36749.2853098927
36750.9092885947
36748.7799347909
36750.1759532571
36749.3577203057
36750.4934974207
36748.7275259163
36749.7663149978
36745.5620417645
36749.84132507
36749.8666871013
36749.84132507
36747.5537393257
36749.2331369761
36750.2539081429
36751.0769899745
36750.4932543618
36750.3907551283
36745.8954484285
36748.8858415187
36748.4268712062
36747.5537393257
36747.9109036117
36746.6217096817
36750.4466766792
36749.968570247
36748.983452753
36751.0769899745
36746.6217096817
36748.6057768933
36750.7699852428
36748.0998153252
36750.0687462005
36748.8360964074
36751.3072820251
36749.2061507107
36750.1681379253
36749.4585436148
36750.3504293747
36750.2539081429
36748.4487378646
36751.0279576042
36750.2539081429
36750.8879665289
36749.5141832083
36749.6588599817
36749.84132507
36749.2618027877
36748.7049226723
36748.5254149815
36749.2618027877
36749.0364609275
36750.5518577285
36748.9313832826
36747.8371347996
36750.6462063839
36750.9092885947
36748.6057768933
36751.0279576042
36749.5287307941
36749.1563342888
36746.8201623065
36749.8666871013
36749.0364609275
36750.3907551283
36750.6973684179
36749.8583333006
36749.3577203057
36748.983452753
36749.84132507
36749.0573353058
36750.4932543618
36750.3504293747
36747.5537393257
36749.3426807963
36748.4268712062
36750.0687462005
36751.1101467202
36747.5692314758
36746.6217096817
36750.4242629054
36744.9276863372
36749.968570247
36749.84132507
36750.7699852428
36750.5518577285
36747.8371347996
36749.5287307941
36750.4466766792
36748.8214541216
36750.1681379253
36750.2702580874
36748.7799347909
36749.4643841667
36749.9533692668
36749.4643841667
36745.5620417645
36750.9092885947
36750.5885900152
36749.4643841667
36746.6217096817
36750.9092885947
36749.7828631525
36746.6217096817
36748.0998153252
36750.5038616057
36746.0804275842
36747.9109036117
36748.6290746324
36749.4643841667
36748.9313832826
36751.0769899745
36750.9092885947
36745.8177233317
36750.2539081429
36749.84132507
36749.9533692668
36751.1101467202
36750.4242629054
36751.9247736236
36745.8177233317
36749.5669219212
36751.1101467202
36751.1963782391
36749.713994459
36745.5620417645
36749.0573353058
36746.8201623065
36748.8858415187
36749.7663149978
36748.8360964074
36749.6606956283
36746.698571064
36749.2331369761
36748.0998153252
36751.3072820251
36748.6290746324
36749.6606956283
36750.7699852428
36749.8583333006
36749.1319807511
36748.983452753
36749.8666871013
36747.4722032117
36747.8371347996
36749.5891675026
36749.4867446594
36746.0804275842
36747.4722032117
36748.9313832826
36744.9276863372
36750.4242629054
36749.713994459
36748.3591620236
36750.6462063839
36751.1963782391
36749.4867446594
36750.4242629054
36748.3060455556
36750.4466766792
36749.7600350482
36749.3426807963
36748.099686569
36749.1319807511
36750.9092885947
36749.0364609275
36749.4643841667
36747.9109036117
36749.4643841667
36746.8201623065
36750.5518577285
36746.6217096817
36750.0651625614
36748.7799347909
36748.0998153252
36750.4934974207
36749.6588599817
36749.5141832083
36749.3426807963
36749.1319807511
36750.1744615381
36749.4690229499
36750.1759532571
36746.878624015
36748.0998153252
36748.099686569
36749.7828631525
36750.0651625614
36749.9833711876
36748.4268712062
36749.1319807511
36751.0279576042
36750.7699852428
36749.5287307941
36748.5015648831
36750.1917186338
36748.7049226723
36749.4643841667
36749.1319807511
36750.4242629054
36746.878624015
36751.0769899745
36750.4932543618
36748.6290746324
36750.8879665289
36748.6290746324
36748.8214541216
36746.878624015
36744.9276863372
36750.2702580874
36749.7828631525
36748.8214541216
36748.8360964074
36748.4487378646
36749.5669219212
36749.8583333006
36749.713994459
36750.1917186338
36749.1563342888
36747.3281109973
36750.1744615381
36748.9313832826
36751.2732577171
36749.713994459
36748.6290746324
36746.6217096817
36751.4852104437
36749.4867446594
36749.2618027877
36749.6538255579
36749.5891675026
36748.099686569
36748.9313832826
36748.4268712062
36749.5891675026
36749.7663149978
36747.5692314758
36748.8214541216
36749.7663149978
36745.8177233317
36748.8360964074
36746.6217096817
36750.6462063839
36750.1759532571
36751.2037210035
36749.6538255579
36750.1744615381
36750.2539081429
36751.1963782391
36747.9109036117
36750.8879665289
36749.2331369761
36746.5018402947
36745.5620417645
36750.0651625614
36750.1681379253
36750.3504293747
36749.9533692668
36748.0998153252
36749.1563342888
36750.1744615381
36746.3029353666
36749.3577203057
36745.4719700902
36748.9313832826
36749.4162190332
36748.8360964074
36749.84132507
36749.968570247
36749.5669219212
36749.2618027877
36749.713994459
36751.0279576042
36745.5620417645
36751.9247736236
36745.8954484285
36749.7663149978
36749.4643841667
36748.7275259163
36750.1917186338
36750.5038616057
36750.0651625614
36748.5254149815
36750.2702580874
36745.8177233317
36749.2853098927
36750.4934974207
36748.4268712062
36749.968570247
36747.8371347996
36749.0573353058
36751.0279576042
36748.7049226723
36750.1917186338
36749.5141832083
36748.099686569
36750.1744615381
36748.4487378646
36751.0279576042
36750.1681379253
36749.968570247
36748.7275259163
36750.2841807969
36749.1563342888
36750.1744615381
36748.7275259163
36749.4867446594
36749.6538255579
36748.8214541216
36750.5518577285
36748.3060455556
36750.5885900152
36751.1101467202
36750.6462063839
36748.099686569
36749.2618027877
36747.5692314758
36750.4242629054
36750.6973684179
36749.2061507107
36749.2853098927
36750.0687462005
36749.84132507
36750.1759532571
36751.0279576042
36746.3029353666
36746.5018402947
36749.2331369761
36751.2732577171
36748.3060455556
36751.0279576042
36750.6973684179
36745.8954484285
36747.8371347996
36750.1744615381
36750.7699852428
36749.84132507
36750.5885900152
36749.968570247
36744.9276863372
36749.5669219212
36748.9313832826
36748.8214541216
36750.0687462005
36748.3060455556
36749.4867446594
36749.6588599817
36744.9276863372
36749.1563342888
36749.1880721804
36749.2331369761
36747.5537393257
36748.7049226723
36748.8214541216
36750.0522383532
36748.0998153252
36746.0804275842
36749.4690229499
36749.84132507
36748.8858415187
36748.983452753
36749.7600350482
36749.4690229499
36749.8666871013
36746.3029353666
36749.0364609275
36750.0687462005
36751.2732577171
36749.8666871013
36749.968570247
36749.3577203057
36749.5669219212
36748.8214541216
36750.1917186338
36750.5885900152
36750.5038616057
36748.6057768933
36748.3060455556
36746.0804275842
36749.6606956283
36750.1917186338
36750.7699852428
36750.0687462005
36748.8214541216
36745.4719700902
36746.0804275842
36750.0522383532
36749.6588599817
36750.5518577285
36749.2061507107
36749.1563342888
36750.1681379253
36748.7275259163
36747.4722032117
36747.9109036117
36750.4934974207
36749.3426807963
36747.4722032117
36747.9109036117
36749.5141832083
36749.4643841667
36749.2061507107
36751.1101467202
36749.713994459
36747.5537393257
36749.0364609275
36749.0364609275
36748.5015648831
36748.3060455556
36750.2539081429
36749.2061507107
36750.7699852428
36751.0769899745
36750.1917186338
36749.5669219212
36750.5518577285
36750.5885900152
36751.0769899745
36744.9276863372
36751.4852104437
36749.2853098927
36749.3577203057
36750.4934974207
36746.8201623065
36748.5015648831
36748.6057768933
36751.1101467202
36748.7799347909
36750.1759532571
36749.968570247
36749.4867446594
36748.4268712062
36750.1744615381
36750.3907551283
36748.7799347909
36747.8371347996
36747.9109036117
36748.8858415187
36748.3060455556
36747.8371347996
36749.1880721804
36751.9247736236
36749.4585436148
36748.3060455556
36751.4852104437
36748.9313832826
36750.4932543618
36749.6588599817
36749.4162190332
36747.5692314758
36745.8177233317
36748.7049226723
36748.7799347909
36749.1319807511
36750.2702580874
36751.3072820251
36751.3072820251
36749.5891675026
36748.8214541216
36749.0573353058
36750.5885900152
36750.8879665289
36750.1744615381
36749.2061507107
36750.2841807969
36750.6973684179
36750.1744615381
36749.5891675026
36749.2331369761
36749.6588599817
36750.4932543618
36749.4690229499
36749.4867446594
36748.8858415187
36750.4932543618
36748.099686569
36749.0364609275
36750.1681379253
36749.4690229499
36749.5141832083
36750.5885900152
36748.7275259163
36748.6290746324
36747.4722032117
36750.4466766792
36751.2732577171
36747.5537393257
36749.2331369761
36749.9533692668
36749.7828631525
36746.878624015
36749.1880721804
36749.9833711876
36751.1963782391
36749.968570247
36750.3907551283
36749.1319807511
36749.4162190332
36749.6606956283
36749.968570247
36751.4295863202
36749.9533692668
36751.2037210035
36749.5891675026
36750.4932543618
36746.698571064
36748.5254149815
36747.5692314758
36749.7600350482
36750.0687462005
36748.8858415187
36748.4487378646
36748.099686569
36750.3504293747
36748.4487378646
36749.2618027877
36747.3281109973
36750.1681379253
36744.9276863372
36750.0651625614
36748.4268712062
36750.4932543618
36749.8666871013
36748.6290746324
36750.5038616057
36750.6462063839
36750.7699852428
36748.3060455556
36749.2618027877
36746.0804275842
36746.698571064
36750.5038616057
36747.9109036117
36748.7799347909
36745.8177233317
36750.8879665289
36749.8666871013
36749.5141832083
36749.2853098927
36748.0998153252
36748.7275259163
36749.7663149978
36748.8360964074
36745.5620417645
36750.6462063839
36749.5141832083
36746.0804275842
36750.0522383532
36751.3072820251
36749.8583333006
36750.2702580874
36749.8583333006
36748.983452753
36749.8637478943
36748.5015648831
36748.4268712062
36750.2841807969
36751.3072820251
36748.7799347909
36746.6217096817
36747.9109036117
36751.4852104437
36749.1319807511
36749.3577203057
36749.7663149978
36749.1880721804
36749.6606956283
36749.2853098927
36748.7049226723
36748.9313832826
36748.7799347909
36750.4466766792
36750.7699852428
36749.2331369761
36748.983452753
36749.8637478943
36746.698571064
36750.5518577285
36750.2539081429
36749.4690229499
36751.3072820251
36748.5254149815
36748.0998153252
36749.5891675026
36746.0804275842
36750.1744615381
36746.3029353666
36749.3426807963
36749.1319807511
36749.5141832083
36749.3577203057
36751.4852104437
36749.4162190332
36750.3907551283
36749.4162190332
36751.4852104437
36751.3072820251
36751.3072820251
36751.0279576042
36748.6057768933
36751.4852104437
36749.3426807963
36749.8666871013
36751.4295863202
36750.7699852428
36747.3281109973
36748.8214541216
36748.6290746324
36751.2732577171
36748.7275259163
36750.1744615381
36747.3281109973
36749.7663149978
36749.9833711876
36747.5537393257
36749.1880721804
36750.6462063839
36750.1744615381
36749.9533692668
36749.8583333006
36747.9109036117
36751.2037210035
36749.2331369761
36749.2618027877
36749.6538255579
36748.7049226723
36748.099686569
36749.5287307941
36747.8371347996
36749.5141832083
36749.1563342888
36747.5692314758
36751.0769899745
36749.1563342888
36747.9109036117
36749.0573353058
36751.0279576042
36750.1681379253
36749.0573353058
36749.8666871013
36751.2732577171
36749.5891675026
36745.5620417645
36750.0687462005
36746.8201623065
36749.4867446594
36749.968570247
36748.3060455556
36747.5692314758
36749.6538255579
36749.8666871013
36751.2037210035
36750.4932543618
36749.9533692668
36745.5620417645
36751.4295863202
36750.5518577285
36750.4934974207
36751.0279576042
36751.1101467202
36751.2037210035
36745.4719700902
36749.4690229499
36745.8177233317
36748.8360964074
36749.8666871013
36748.5015648831
36751.1101467202
36750.5885900152
36749.9533692668
36749.9533692668
36749.4162190332
36748.3060455556
36748.3591620236
36751.3072820251
36750.5885900152
36749.7663149978
36750.9092885947
36749.1563342888
36750.8879665289
36750.1681379253
36750.4466766792
36749.3426807963
36749.7828631525
36750.4242629054
36750.1917186338
36748.7799347909
36747.5537393257
36749.4162190332
36749.4867446594
36748.5015648831
36750.6914994489
36750.5885900152
36750.7699852428
36750.3504293747
36750.5518577285
36748.6290746324
36750.3907551283
36749.713994459
36749.4690229499
36749.9533692668
36747.3281109973
36750.3907551283
36751.2037210035
36749.4690229499
36749.2853098927
36747.3281109973
36748.4268712062
36748.3060455556
36747.9109036117
36750.7699852428
36747.5537393257
36750.1759532571
36749.4162190332
36750.5518577285
36750.7699852428
36749.2618027877
36750.2702580874
36749.6606956283
36750.2539081429
36749.2061507107
36749.3577203057
36749.3577203057
36749.4162190332
36748.099686569
36749.9833711876
36749.1563342888
36749.2331369761
36746.8201623065
36749.2618027877
36748.5015648831
36749.4643841667
36749.1880721804
36746.8201623065
36749.2331369761
36750.8879665289
36751.4852104437
36750.2539081429
36748.983452753
36750.5885900152
36748.6290746324
36747.8371347996
36746.6217096817
36748.7049226723
36749.5891675026
36749.968570247
36749.6588599817
36749.6538255579
36749.2331369761
36746.5018402947
36749.7828631525
36751.3072820251
36749.4585436148
36749.4585436148
36749.7600350482
36749.3577203057
36748.9313832826
36750.3907551283
36750.1917186338
36748.983452753
36749.7663149978
36750.1681379253
36749.6588599817
36746.5018402947
