103676.252864757
103932.079429039
103950.358422409
103794.494992337
103676.729044489
103901.525790284
103738.718481356
103809.567498405
103716.949429056
103709.17396642
103660.432895631
103765.754355737
103807.357973571
103975.998504744
103744.642755153
103778.057886891
103813.24892841
103896.058750234
103970.070477396
103724.638359656
103738.885436665
103877.987639104
103754.705570359
103924.550534817
103711.176403034
103709.987078004
103780.701907082
103655.887563439
103731.479352758
103985.456588425
103826.445015253
103617.80387921
103846.719733212
103804.82456807
103912.789924794
103962.189435097
103878.523679486
103674.053767287
103745.964430542
103927.587005664
103996.758210341
103759.649128773
103846.80286233
103966.574779687
103861.648310864
103624.378367552
103975.5566414
103760.646108178
103756.185680001
103859.268766292
103875.384897584
103794.857898174
103748.332007889
103767.769391853
103713.114440354
103784.817315118
103661.766777147
103798.282480734
103763.058151867
103974.535060197
103654.597268808
103832.470416233
103728.580145833
103981.914924322
103876.244841241
103783.053750752
103710.850539944
103825.478336047
103827.11277984
103921.88412764
103692.921488363
103943.879025895
103880.556159999
103725.632039344
103846.174308469
103692.891884164
103699.682457423
103849.401494661
103778.577668105
103746.458327037
103734.783482843
103757.446521585
103766.095897988
103845.097929244
103797.090484744
103904.658181951
103758.074808714
103841.528169836
103893.609729759
103970.352674156
103955.068927894
103729.332451937
103746.170933992
103927.571506273
103785.355998895
103739.735177733
103883.775446954
103726.320131725
104001.856568843
103746.79930303
103891.48551625
103768.50953269
103870.057275836
104027.402971008
103819.5548515
103710.367443252
103834.440137574
103947.810801069
103764.272536095
103892.574543302
103802.930387469
103988.701939422
103721.785074757
103785.939045995
103677.320652057
104069.564216531
103860.666546576
103911.106738908
103689.711271767
103726.806396879
103933.168384538
103805.077753337
103648.400762374
103876.839963446
104024.814144052
103929.916184824
103767.570098379
103949.879726756
103690.372923915
103931.351495308
103794.94388789
104005.540701406
104067.77260407
103784.420810986
103690.914202728
103708.362927424
103779.23827105
103797.27388462
103837.542771491
103746.030260529
103702.814858423
103720.249240819
103882.281465428
103708.499516828
103884.566867238
103731.313744359
103868.552985833
103726.384993646
103827.580802768
103989.710166199
103773.754902744
103805.938434023
103761.310543129
103708.560465537
103989.528664013
103920.155039108
103756.319644074
103714.430845665
103972.471546404
103999.550232487
103856.572919152
103971.388126043
103861.144868496
103886.453007133
103789.923274897
103863.002122109
103798.217973702
103744.147783498
103733.753978291
103773.512839953
103781.578210011
103750.649495163
103758.1780534
103811.027984468
103804.826739974
103742.409048206
103646.533070284
103836.669639416
103881.978687874
103828.132083839
103951.810904092
103760.754483686
103675.406055607
103805.010187311
103902.956669949
103891.240960987
103706.322810769
103828.035373096
103893.453866585
103786.140477617
103940.441147563
103786.343841675
104030.860245076
103939.961035992
103932.319005768
103770.335442366
103832.438882586
103733.434260694
103776.211697731
103675.49095519
103996.831796488
103821.777367663
103806.068586143
103908.823078778
103779.654136228
103872.369910144
103788.706961925
103732.217448835
103735.531592497
103962.559591927
103830.723733861
103759.723152534
103726.508652782
103894.007586531
103957.417908995
103793.115845716
103725.949171921
103871.893168742
103818.372227378
103928.257440891
103800.741912215
103834.448498379
103692.287593151
103977.46036668
103843.625168613
103622.281028897
103900.601179603
104017.553072449
103915.510300836
103925.044128902
103858.11703527
103777.988706242
103724.354487696
103825.462062695
103861.044879601
103747.29409862
103772.427885338
103814.484515769
103696.340732262
103722.484046609
103701.629406798
103751.46749406
103690.273062928
103894.650213098
103761.246279269
103931.998838951
103979.845468179
103937.142675206
103837.010498969
103791.950942657
103913.992246892
103972.586242811
103901.648526161
103824.995498535
103717.601156575
103653.279630811
103707.684379363
103720.393394812
103856.039678585
103713.218132097
103767.905257134
103702.411703855
103972.425904284
103942.878566884
103717.229828542
103753.140603186
103813.471824599
104024.8629168
103872.116682482
103797.914629842
103737.60826106
103849.652697481
103858.257957932
103713.293731229
103774.13704545
103860.339129072
103730.972229085
103835.008317841
103679.311498335
103754.939028909
103868.095577769
103774.829661218
103763.289853472
103750.568438752
103762.768441135
103750.407867901
103755.658220642
103878.875364673
103728.47690013
103761.499003533
103701.285233163
103971.153732863
103761.876218267
103745.397088947
103898.958869666
104019.868418574
103771.39548822
103816.785927376
103740.567797333
103692.008644032
103794.922049004
103833.539790258
103825.587123025
103870.257688156
103914.582563079
103793.947659465
103909.24675917
103804.870431351
103928.355939956
103767.221577408
103714.038522513
103891.504100239
103957.055421772
103694.948410578
103818.114801426
103748.447370438
103682.541773301
103723.551138878
103635.421579783
103702.582034391
103852.9269856
103961.826993672
103717.041085212
104003.964803362
103890.661584206
103797.285292489
103862.488231264
103757.593735425
103762.366641475
103860.545770679
103738.406161623
103952.486230087
103948.650322035
103872.929500302
103905.850314879
103861.813846118
103958.967530108
103766.541583587
103757.992166278
103728.579130208
103790.401959263
103841.55878777
103819.304835489
103849.204212231
103876.483135952
103655.06922009
103760.307131914
103778.344985548
103883.461452258
103720.864707807
103749.963751684
103695.236469611
103827.883161131
103720.730158395
103894.490518597
103790.212629072
103874.402065476
103769.377844892
103780.594068669
103821.054501265
103794.228423744
103781.463264377
103768.982754903
103726.311679212
103908.428044702
103776.649811739
103818.738130634
103703.588054297
103863.12713602
103748.096107244
103767.658988062
103861.383523222
103694.578037715
103915.726063725
103710.091247531
103898.536255886
103856.702572065
103711.025181218
103904.343630997
103796.9871295
103751.935498687
103829.138893104
103960.560216241
103729.870949681
103768.395866329
103921.310974114
103911.036464492
103823.68243468
103783.548655512
103714.283856098
103829.583977659
103988.364078579
103859.187192328
103763.965152477
103837.301046661
103779.000872524
103897.503419371
103793.669874449
103720.606756044
103982.199866936
103886.062923355
103704.772194124
103833.687392645
103906.520792444
103778.461490767
103836.651862285
103822.65861648
103881.513343514
103736.865233411
103775.209221478
103893.764380682
103970.256955577
103769.459557763
103653.656651241
103676.563038984
103685.700973524
103812.696236373
103968.977568146
103986.464338837
103793.757125662
103694.993771836
103829.949265795
103798.424790104
103916.463581599
103760.80144679
103739.949299506
103898.406916055
103728.07430134
103853.645538447
103856.64180289
103884.070421616
104003.594807162
103737.58027244
103773.18057254
103778.180191893
103720.279567532
103776.90838797
103735.942675479
103801.111786784
103743.926678296
103880.836483187
103743.82883949
103812.74943336
103959.776943645
103767.366766578
103717.746766437
103758.022088423
103730.277148549
103711.97995033
103852.774402819
103938.111672137
104027.539828647
103724.692327249
103904.607755208
103854.02561207
103693.919778823
103945.349687344
103788.051247283
103698.573286483
103906.025479848
103685.008242084
103871.213465935
103706.84048288
103719.223915967
103830.314244173
103799.803016696
104006.006648765
103773.683007839
103847.857953607
103850.113207524
103701.040239774
103787.946968085
103787.951677198
103755.480589958
104021.166744278
103941.659050062
103811.911761222
103831.278632103
103879.949310693
103928.410835994
103756.554914972
103700.159610897
103733.329629542
103737.000019366
103861.300663646
103825.1277496
103878.114725235
103711.615477509
103881.138236732
103707.464898252
103767.608164304
103712.118238168
103798.656885749
103768.675813844
103664.739009019
103868.50902904
103799.132006117
103796.89363149
103850.862541915
103832.157343518
103974.055920308
103879.632835826
103892.811353294
103937.436996037
103743.885274502
103728.479233433
103676.290973469
103989.207373056
103900.410557884
103969.388029592
103826.532149628
103931.016150268
103899.352096548
103678.707991458
103756.061593395
103855.719525363
103940.290984422
103753.911051343
103800.242747211
103734.075813145
103791.68661588
103887.379836276
103969.155248832
103916.192463888
103892.611541919
103882.580155518
103838.874277225
103812.091866713
103732.236129583
103726.293959183
103791.62770658
103749.642158377
103698.375218101
103721.620366756
103793.127307589
103792.74856537
103819.365403168
103835.100920882
103780.434554571
103924.280925125
103845.22142736
103881.105578842
103844.520688879
103822.976237489
103656.108600856
103876.995450121
103714.369698674
103703.974993742
103770.665596361
103732.379595997
103775.740287801
103789.045809336
103657.270831938
103866.920713012
103930.302216089
103865.8683493
103781.175956901
103901.592918332
103990.049154891
103736.412647432
103712.936961305
103854.777201744
103710.193043267
103754.152425099
103965.041694115
103698.435201194
103776.451462882
103707.312622119
103962.343137147
103774.067457586
103743.879899555
103722.672126021
103808.185475403
103819.491243443
103841.03846853
103758.346050715
103737.749273037
103928.281397427
103720.638449109
103961.173634766
103647.922048512
103949.4809447
103724.140920012
103679.663180603
103875.982622972
103699.305259242
103972.074139375
103871.869661072
103674.770491599
103756.622528761
103783.01667579
103745.248986517
103797.956230475
103984.086183732
103740.635227503
103765.71393099
103871.084187029
103730.690851153
103842.530246674
103748.452864574
103765.330614531
103885.014510848
103846.656656169
103719.166235193
103716.927895321
103786.500832618
103684.645297621
103815.328003495
103828.484816457
103935.97688971
103730.219458391
103762.37627561
103765.926282688
103806.434743854
103742.041737053
103718.891592848
103950.653007064
103863.107897631
103781.580870013
103954.445428416
103745.034972998
103788.994721011
103796.364120545
103765.658729746
103872.7176711
103648.574934453
103761.483439121
103761.330876898
103928.774615853
103861.11631289
103718.087656682
103976.057844604
103853.236869455
104045.195594196
103850.42980863
103675.729399344
103793.449369175
103774.249344431
103707.698323079
103794.634800937
103995.805003275
103935.295087001
103768.587986847
103755.349213371
103950.75848449
103901.301070902
103707.733115044
103704.274846446
103883.03232524
103782.649819114
103849.406853143
103779.972785383
103778.327104219
103884.523604832
103727.149875727
103721.118632426
103981.524150977
103644.025705162
103862.099022545
103687.798511238
103782.640166794
103887.980097842
103780.359627942
103985.193578962
103718.288318858
103916.7746414
103716.862574704
103755.334677631
103851.685375171
103935.766478384
103787.64772136
103885.912082315
103850.267337855
103938.489287489
103855.906108957
103715.440924842
103926.751344369
103937.489991143
103898.435300178
103917.148615791
103658.494323547
103739.387707249
103942.757210824
103886.975066234
103707.13417186
103956.642144127
103785.271044801
103718.912641772
103853.326555161
103811.650860739
103873.345109296
103730.356820532
103716.021302017
103903.77225432
103827.469527333
103736.744256325
103730.343397498
103736.880897321
103824.877276216
104037.198249272
104098.372942615
103690.659659188
103997.883805069
103703.355491436
103880.563867219
103735.01435874
103781.614710476
104025.353072828
103686.224156364
103865.482864993
103915.81069761
103839.687781449
103711.822052035
103827.804840072
103912.028125172
103828.59621403
103770.886344107
103939.219905644
103710.65970811
103980.135995931
103686.987864047
103757.651222554
103713.943131072
103796.069392018
104002.174012069
104035.53070011
103741.890416748
103804.181488872
103804.980127068
103696.072314761
103856.763093513
103971.412713681
103739.973338212
103768.572876877
103731.064241176
103805.920007122
103667.072965709
103891.381496931
103840.053409395
103795.754912098
103769.371113457
103674.497917242
103859.273910728
103970.86305647
103967.45997581
103744.87360228
103879.172946935
103891.353822833
103752.379073974
103833.421494364
103597.293132715
103877.566753291
103770.390594381
103675.772860678
103688.880792389
103688.015703625
103845.267251431
103981.263859812
103728.274996672
103928.047520888
103726.829564146
103903.98376317
103825.081169975
103730.853743332
103950.971389394
103830.091518208
103761.305677658
103743.778726139
103799.501676201
103924.712325922
103970.114731748
103750.038857302
103928.265446663
103968.480783331
103785.519953532
103672.718360524
103758.032641421
103861.419638763
103875.621720229
103672.69613842
103958.01395832
103795.527651507
103756.834202351
103967.567830945
103730.801907408
103841.245658286
103859.56435743
103711.618385379
103900.991592592
103765.097119345
103929.81466662
103998.138761802
103814.332120293
103801.843201508
103851.313061005
103728.754076552
103732.77035978
103729.958632288
103908.576993582
103858.584284983
103969.144739562
103827.190034196
103824.251856537
103771.362181705
103724.462240914
103751.042792667
103779.954235281
104014.608140961
103736.763173218
103865.162188821
103928.188652984
103731.464109103
103897.923310001
103677.645990469
103928.307960746
103938.636204845
103777.436466138
103932.217366743
103731.867585332
103792.583933981
103902.981078955
103731.853326061
103747.621388612
103746.267101224
103916.852205462
103960.201255258
103852.776951516
103718.657303567
103581.835284921
103902.387283209
103772.408159754
103902.007481635
103774.007474487
103916.21062909
103736.617981024
103755.64266974
103895.395753081
103837.176692593
104015.831938358
103671.795947073
103943.108329568
103744.747574809
103760.70198579
103810.6501996
103779.550863416
103908.667914207
103920.360712798
103786.967528736
103735.826968792
103727.558179011
103701.619993201
103806.484721986
103928.420812581
103740.637409112
103915.920272562
103800.156873101
103796.562882753
103773.761725082
103772.514370378
103713.322371524
103742.826324086
103922.223258288
103693.233209647
103795.050390847
103848.852820018
104001.593229172
103748.012690698
103723.521446428
103836.605915389
103762.011968494
104001.165102783
103913.565020364
103744.605238029
103757.025993937
103743.018522244
103745.1879497
103750.94789317
103997.305635365
103824.825296302
103926.619095959
103638.420664433
103983.32171858
103793.192032193
103763.928906399
103842.32454616
103653.29308578
103860.696586852
103791.363086686
103764.49857665
103670.522923297
103951.178336035
103845.449430328
103818.081133455
103615.519357516
103764.865040372
103779.441599154
103714.208773382
103961.120218685
103772.499397071
103753.845639416
103923.918342285
103937.808412324
103842.359597302
103745.79284144
103831.012424805
103909.746562114
103856.619220136
103903.269258214
103880.159818258
103745.337483377
103743.190760825
103971.434860162
103785.064792535
103718.996462848
103803.214206492
103772.222153997
103906.228643897
103790.077925452
103748.705123412
103842.461293141
103743.953877024
103729.720365245
103765.546328732
103778.47629268
103741.944172209
103721.185598109
103786.568551692
103820.161999198
103834.317567161
103756.394505656
103794.515362449
103916.030975042
103780.455168356
103942.10326808
103872.386030414
103997.366337128
103857.403265332
103900.93386464
103888.407268985
103745.56539072
103974.083583969
103761.518966933
103779.688072004
103762.602452021
103763.593079743
103839.993028396
103917.862283551
103811.87588217
103876.57901307
103696.028412841
103906.928536259
103884.274943569
103724.967897075
103762.427416143
103690.19412771
103817.904008567
103719.622743068
103793.137676924
103896.346135566
103736.171979421
103727.686683839
103807.016541226
103688.898968729
103772.750211784
103899.641862817
103889.975154603
103792.551688869
103749.926980537
103998.054952669
103809.848963363
103836.734119595
103869.884856369
103821.90398684
103793.194766467
103785.478439543
103763.971783347
103799.786290978
103655.754042155
103937.257345247
103666.726717302
103945.921025408
103802.107899738
103699.78027303
104019.062280627
103860.01871132
103751.168028473
103799.900048568
103851.484561805
103767.512143593
103729.356007173
104002.670073999
103807.904874163
103725.536906248
103818.859484846
103777.8012903
103897.526661439
103675.229942783
103730.819717042
103680.380220517
103818.793296283
