103694.495001882
103725.459985874
103822.343697535
103782.816514438
103776.759895822
103898.40995166
103845.020979568
103792.058129007
103745.446256462
103847.694651201
103765.07997617
103783.718605316
103821.460637073
103746.274904238
103672.935334523
103812.407915672
103957.332387021
103865.081033057
103719.530970925
103836.724523934
103700.876343997
103923.949541828
103793.03897686
103820.920461124
103801.53846043
103810.377158388
103732.444809168
103973.437524378
103764.599478709
103728.448128168
103688.870942099
103916.104615316
103755.829869307
103788.771430092
103648.880934622
103966.253992278
103854.934471587
103808.715080214
103773.470841506
103873.693277292
103742.107063096
103804.057254334
103771.091566432
103720.997892724
103869.442385365
103748.745611494
103811.090095389
103822.332310823
103923.903383622
103755.036251073
103765.734929651
103789.608217172
103768.680117828
103742.261158743
103749.256352304
103668.385885503
103937.578966941
103861.506524594
103783.491049029
103869.310151718
103767.005830809
103880.242269154
103793.506356326
103715.126091541
103846.181340771
103753.522403205
103796.30573172
103961.847113402
103912.933521306
103964.719343345
103916.928133031
103756.258796389
103729.971828768
103742.39311729
103720.430892649
103686.749379736
103804.279611848
103835.177756608
103842.120692188
103743.422882244
103775.123916914
103777.159073391
103700.763255648
103894.201162515
103796.207707876
103747.466814602
103727.710372792
103965.452170367
103895.436273516
103898.86460504
103829.28650718
103815.675863061
103801.541938698
103823.279940106
103812.034089752
103786.315915377
104021.841590509
103892.207504195
103973.075313038
103812.944460251
103901.349607725
103781.936803697
103973.035184665
103784.517903583
103932.479474406
103851.452290229
103820.010628903
103930.385792355
103981.61989662
103834.225814389
103797.424418508
103973.817633907
103700.633748322
103762.260059501
103880.641751523
103777.514331634
103847.289487525
103828.400037547
103902.701909608
103774.771576118
103958.088762015
103718.030383174
103945.093936301
103977.272025092
103884.87754407
103804.623164914
103821.639699163
103942.890662198
103761.593807864
103986.923762538
103748.971349411
103928.875611058
103806.183698236
103786.573837664
103763.396811907
103735.562575126
103736.317571499
104029.72300426
103760.483827811
103887.407781252
103804.931407234
103984.916908071
103740.973872109
103970.382914071
104011.766080785
103934.565004592
103735.85743509
103959.280434811
103788.551208274
103758.421506347
103736.081895026
103966.698877334
103863.72498147
103784.922364005
103802.518202293
103830.858649642
103756.036072576
103747.806790422
103946.278171739
103932.931814554
103959.030211389
103772.878339964
103779.631416488
103758.820351032
103750.107253121
103717.434324307
103731.022826277
103776.941416336
103830.105799472
103957.958919782
103822.744080361
103781.69921884
103728.288088359
103940.882706864
103758.686624472
103793.155533061
103988.715235689
103846.663207391
103723.82203615
103862.210346266
103780.184266596
103956.254318939
103750.938155496
103954.921065519
103739.812645199
103747.76297822
103813.760227833
103796.604240771
103796.0467862
103736.355518975
103803.771694918
103806.543777505
103707.611394335
103799.937739161
103952.144108462
103721.172327692
103962.175585235
103754.837285792
103772.542961986
103775.920977865
103876.016736887
103909.886904212
103832.014183841
103804.203714122
103771.073555292
103749.716319124
103954.562932195
103770.930598017
103763.443576575
103757.339295954
103725.252645013
103755.705734851
103776.710587009
103821.553693159
103762.557263957
103765.364995635
103966.916271296
103865.383966881
103796.754756787
103960.017033276
103751.605129863
103780.063817185
103749.209833176
103747.430397785
103815.890652159
103753.214347912
103983.506709858
103799.892857435
103761.073837112
103729.418910972
103799.591993164
103783.595693521
103776.329405364
103800.511041284
103819.524102205
103736.876268045
103983.145983335
103886.24341337
103989.49940911
103777.242220065
103728.049798189
103941.028225404
103812.176592833
103929.453615132
103791.219251104
103920.022598014
103772.704451852
103693.453550016
103780.517226605
103742.087905205
103758.986223761
103779.454626458
103857.809776358
103967.34573272
103874.057508695
103793.782593845
103772.771042157
103834.959045067
103970.772736392
103811.677084707
103801.208627093
103735.598976633
103743.152098212
103711.286759837
103976.106466688
103966.964610367
103745.321772892
103837.547099152
104055.857545706
103768.886312552
103770.491470594
103810.138005718
103776.993620803
103749.562381175
103933.485735022
103795.038780021
103782.71788514
103750.397294236
103756.351187866
103820.786333311
103798.476004839
103812.606666428
103803.027410912
103713.8556321
103727.412186021
103797.229356143
103809.195442178
103695.473849295
103827.974205026
103786.984176459
103749.661482849
103794.552639967
103876.784863232
103988.207810059
103792.4044172
103778.532974227
103839.28326723
103802.83907231
103771.661238967
103683.349099674
103788.601366753
103808.964685409
103797.211371742
103775.005108254
103758.415006402
103947.663527844
103790.730602659
104034.885411139
103909.545157479
103926.00751771
103757.154543005
103706.882931576
103763.130652921
103877.041015178
103730.847120427
103818.516570999
103726.451886398
103751.165780155
103733.110231924
103902.538074892
103752.779015427
103753.864718066
103782.561945608
103737.531811236
103938.682360147
103933.722239063
103801.539647801
103994.972770789
103784.519366822
103715.039756204
103974.73771602
103793.218083995
103826.325541805
103712.46777207
103798.532139248
103791.436491065
103726.220243984
103748.592967294
103980.431483988
103744.154464678
103790.656898346
103764.127852279
103983.894597449
103858.996798592
103828.031767242
103772.112142972
103945.992568069
103789.351686671
103786.64382782
103830.344965552
103970.677028108
103865.62598532
103689.96767602
103834.946182064
103748.754892554
103824.288142477
103734.903442629
103739.6308774
103754.194487168
103762.81501613
103787.601823173
103757.016832248
103731.440301576
103759.146523471
103744.682858786
103791.358779951
103959.475617577
103747.987536446
103936.429342135
103743.758301893
103903.218108699
103750.577887052
103786.467397399
103724.262716195
103751.456676733
103784.252363549
103729.176510616
103948.908257269
103742.612082959
103778.827143183
103791.269818216
103815.423613871
103797.733292186
103933.349368711
103720.86251192
103753.878275463
103992.65110765
103743.768463675
103738.482653605
103934.500626923
103900.794464185
103986.365281008
103926.299252417
103784.602435542
103733.641908396
103895.153892217
103977.573934819
103875.024465745
103957.944880372
103780.2730637
103998.034660757
103737.99773
103779.619270003
103760.025065966
103791.148915491
103791.672820061
103739.354220843
103830.151290322
103951.185706095
103778.228515971
103794.272229412
103762.119681629
103729.904624617
103917.950381911
103913.895078497
103786.549211989
103802.082652177
103836.011919014
103743.393799802
103757.507341871
103755.431341365
103817.505473271
103838.376513107
103698.051786694
103805.150319605
103987.859402265
103755.118884012
103977.010145283
103836.857017927
104035.081152836
103807.65362706
103785.564815513
103749.263604372
103880.967219644
103769.887926298
103765.948885306
103781.952188951
103921.092946313
103913.191381965
103773.019807976
103919.436150406
103789.117536417
103814.953857573
103952.160885993
103806.681295212
103832.785493918
103794.035772912
103788.158056055
103724.509369853
103812.386417971
103727.939990747
103889.457064628
103811.845632986
104050.039507172
103957.559069935
103738.20616405
103814.152287623
103676.073750128
103777.660373099
103905.977960297
103715.4560774
103768.425243915
103764.54618741
104001.055649813
103755.580780236
103996.402664836
103821.957265457
103947.349007044
103725.766405042
104011.434022532
103776.54010779
103844.924585272
103957.831200599
103726.108830024
103809.919176308
103739.456777626
103928.894193915
103800.828371493
103968.883441022
103937.654422646
103737.109874295
103794.920705693
103818.233636109
103795.281034991
103764.947419375
103911.779655292
103824.880381535
103795.780004998
103775.056769398
103743.448892697
103779.156953311
103851.775887388
103734.051051512
104010.679118434
103970.372012475
103777.093428077
103736.043751995
103739.811126009
103760.113257461
103798.435001422
103806.51818946
103800.710853689
103810.997510643
103745.933613124
103734.297762658
103790.531255126
103740.076753819
103692.232609882
103991.577554973
103950.099987015
103948.084826672
103869.600121468
103865.665082853
103884.278541703
103768.814496819
103751.307860985
103767.003028293
103759.736621719
103881.943531194
103736.833089258
103925.971107846
103883.771311445
103770.961542567
103770.689706969
103737.478666429
103953.691675147
103947.739936639
103762.732854028
103780.018803983
103790.115539985
103911.805236301
103851.297803105
103773.831596864
103809.615560637
103715.459961905
103678.411678241
103745.303404241
103813.331097707
103831.127974147
103755.906358291
103700.429645002
103782.532514415
103821.968795018
103819.880234973
103790.190723621
103932.881112444
103918.142828789
103957.588402177
103774.644350452
103801.518391522
103845.742654183
103739.207703884
103788.767697499
103750.202558869
103793.55512674
103793.655838822
103731.174172941
103767.335851976
103754.831525055
103837.146203447
103773.396840441
103777.878414382
103767.964417236
103755.470886332
103764.00382278
103755.051585724
103767.70543642
103914.458718634
103771.388385173
103718.013635175
103922.399191903
103746.279336779
103748.043575366
103965.663084714
103797.971331216
103817.738899917
103836.785879543
103928.222697481
103957.729201308
103965.948479249
103779.294836729
103807.562500877
103803.507348635
103765.436581307
103987.283037316
103776.618799111
103906.056799344
104026.696248234
103791.900010573
103752.259665148
103823.344115347
103926.478057528
103728.606730443
103777.030455035
103732.437297469
103796.857586136
103765.76267384
103926.792641167
103808.376817376
103717.667000364
103937.276121623
103988.556348715
103740.84534144
103809.139459366
103788.354217506
103911.133217834
103706.679043403
103822.198434379
103736.334366367
103940.236101464
103788.90044328
103746.04982689
103774.526868513
103770.49723299
104013.193317209
103757.933865329
103767.375026391
103830.564450194
103812.129841858
104006.76966838
103946.308591899
103722.506000374
103804.689012289
103775.956085641
103748.06915011
103819.593441248
103817.35625894
103789.975840292
103731.601235449
103828.638247936
103751.165389934
103802.352294148
103835.559301549
103749.636874506
103747.857124709
103790.927210092
103872.641804209
103776.902141837
103934.927313293
103844.741631006
103808.086555363
104034.419549549
103734.207935176
103966.583473628
103731.750617372
103983.788745791
103789.309513111
103774.104338242
103765.824441636
103779.522460726
103804.365793253
103808.883381629
103739.427719065
103765.250816962
103761.284474228
103789.383756796
103981.647181889
103773.832158608
103760.611126987
103785.96806342
103980.068556446
103776.510850126
103839.385625575
103779.142064626
103990.811568097
103828.277507881
103775.467861656
103768.737040565
103755.860989119
103934.939940181
103766.543733757
103856.331272464
103782.370231921
104004.740694248
103979.498882691
103771.321992946
103777.34413983
103819.824197505
103793.975092423
103649.008926552
103784.57821635
103979.011430327
103779.757104205
103919.386143016
103806.54396785
103731.030600486
103781.024216118
103786.045272007
103764.410250443
103781.909369614
103873.039893216
103774.323618778
103814.33570605
103713.427117634
103785.907717506
103802.81188144
103845.546888693
103889.235680174
103851.863713319
103736.795881222
103995.673044467
103762.831121237
103979.06169457
103824.601153221
103962.541369378
103770.11238355
103676.645612137
103765.439064421
103984.932079454
103973.728942993
103783.314241287
103752.453179778
103849.924734942
103959.128637878
103804.951699211
103712.472616145
103862.250194696
103959.345951679
103881.06071387
103955.007905228
103748.82585891
103706.272183177
103792.249956204
103948.705307787
103800.546492658
103828.917264919
103732.583734196
103808.304715238
103764.108199113
103768.27638959
103781.953636518
103960.153960651
104008.89414842
103789.060974565
103957.936635378
103731.879507813
103770.527143302
103936.666926594
103975.999178559
103986.564767691
103956.975587309
103805.716105191
103780.882835307
103767.216943883
103757.43353902
103947.211931904
103810.175971597
103780.731915766
103904.297195083
103741.693175878
103707.127325689
103782.327601275
103755.8752918
103868.790568387
103872.706471872
103774.598238264
103788.571749639
103916.618002474
103760.197714583
103760.830270626
103779.004009399
103851.334037553
103922.917682392
103727.415471825
103807.890220882
103804.754063881
103792.685465605
103974.817317428
103787.821515756
103791.77010018
103953.528559729
103740.845093315
103762.007863145
103719.178718608
103875.885760429
103773.87326447
103985.706759128
103767.298475002
103789.064055884
103710.318568217
103702.727677582
103779.555110131
103742.710287863
103769.210580334
103766.870724121
103983.412677576
103713.798825402
103781.491528658
103953.413631713
103978.627102694
103926.290466354
103759.618083671
103715.776976837
104031.653447074
103732.001181126
103808.648894272
103819.336352045
103815.182787998
103820.445612917
103756.436920628
103744.985071751
103863.91138289
103722.018676788
103778.287308851
103928.866300474
103718.682269973
103772.73636101
103769.480477685
103745.300490778
103878.754314728
103750.067880329
103787.994021001
103762.98470621
104008.18224853
103791.211694457
103835.383418786
103925.117428969
103816.424223864
103777.460173939
104002.931740901
103833.497976994
103795.214172229
103790.732428879
103785.761849071
103766.148264777
103754.182078576
103787.99538417
103754.08068197
103747.604370243
103927.148282717
103816.962939829
103744.407986761
103854.236169382
104039.668893323
103731.494255001
103777.965920993
103737.934207159
103778.426753331
103797.901669129
103787.566161943
103767.903845542
103835.374909988
103759.330488644
103768.415942898
103757.523418046
103736.295338031
103783.537729098
103862.337054651
103809.092540606
103748.896423294
103776.509050594
103711.338249174
103970.308215571
103718.333414186
103996.301463983
103785.401438782
103958.524122709
103809.31767098
103747.931557547
103899.748444821
103818.121644458
103781.575210349
103706.60120376
103972.963459309
103780.797633105
103799.816245452
104043.60344458
103758.625888986
103813.303674993
103784.578922033
103716.75607368
103953.890174055
103776.438540052
103785.817570339
103763.437598267
103981.033398259
103769.026911832
103731.396097026
103737.968676102
103775.799586627
103783.7152378
103730.585874842
103804.867574828
103766.643439348
103802.661876509
103804.371769604
103828.166402654
103752.143869984
103914.167605606
103767.610709547
103749.335328034
103759.432005108
103715.969894442
103737.362951032
103797.095624272
103854.463302991
103729.971067261
103804.066637096
103982.651705228
103756.647818115
103774.506094575
103814.543619081
103827.141448007
103791.094242521
103840.477091903
103761.038171308
103922.426075856
103825.605789639
103983.950578936
103800.668427109
103770.854657324
103752.004160919
103776.653804686
103707.496923981
103794.37896439
103740.367584777
103826.704484926
103746.172950592
103814.477475354
103917.996744689
103910.312936822
103809.150288547
103778.819459313
103780.467255189
103789.146796459
103780.830831151
103874.916497232
103730.579116773
103763.623489917
103784.296183069
103789.141606241
103781.054244631
103766.814860684
103769.270520489
103951.150418364
103780.460883739
103783.893527063
103732.282074179
103973.25446079
103948.449413065
103760.924446144
103916.985238733
103956.253597059
103803.290525544
103855.597756295
103814.590411597
103696.835935742
103705.750539001
103819.384584934
103716.718554516
103850.09936022
103806.186977989
103769.891754554
103796.499812117
103730.422043577
103835.662043268
103815.967371946
103747.752301532
103812.467030627
104000.781982865
103754.565723682
103764.742238561
103870.065353957
103743.516335022
103760.344072513
103820.677940593
103735.51736882
103923.76894658
103706.728741541
103822.024420621
103935.5325468
103725.798755801
103776.377852824
103752.306388142
103816.003404781
103803.709195754
103903.36852107
103767.866085645
103734.027087093
103781.50530726
103772.857102989
103784.050019265
103806.984300428
103785.34177096
103743.030698385
103970.426248114
103780.971173163
103783.598085913
103764.868430044
103793.910218374
103791.781660001
103757.95849047
103774.326882579
103806.425560988
103914.252595096
103750.572955595
103817.919772992
103775.967773054
103758.47212566
103782.41297468
