103471.181881424
103820.02798462
103864.937773277
103869.093121801
103830.789487368
103559.004281431
103795.942257923
103841.819880806
103779.008582929
103865.44325829
103858.734842995
103936.825552441
103787.955074413
103872.508096211
103865.533218944
103837.356152917
103872.216658823
103855.991191406
103987.511769551
103854.179067369
103771.496465054
103858.807837275
103911.277958993
103821.147756849
103693.850993097
103906.803272084
103644.337580033
103778.037309628
103798.201398364
103939.720205679
104064.593780267
103927.228369257
103802.371904432
103927.573546391
103831.62544299
103688.238934873
103874.726879784
103801.017350154
103816.092132433
103791.255133719
103785.373948996
103821.68315394
103849.33987391
103947.249265465
103721.485709369
103953.290887776
104046.341032754
103912.360046882
103789.32968512
103904.837101742
103804.34424206
103835.906937361
103851.145015818
103722.52947121
103772.493976799
103910.475106763
103943.02092318
103835.899632445
103816.16305102
103754.776560173
103715.877748975
103901.33238904
103901.919794839
103901.741793364
103936.500945071
103835.570757412
103728.126440472
103949.055412628
103586.860813335
103600.946599219
103829.1155776
103796.065664508
103901.476189804
103798.726036012
103752.617022467
104135.179688106
103684.057909314
103750.688787123
103866.665276558
103913.854055248
103739.340975863
104059.936242854
103920.719557037
103839.610395134
103717.717944063
103918.993027768
104066.250594173
103797.099003379
103886.135157147
103877.025996421
103810.640818983
103749.436064416
103717.149482051
103831.066185719
103805.020098038
103899.446115305
103986.838105636
103967.817595978
103754.568736955
103967.013583434
103855.844391818
103914.839955203
103760.89395219
103937.951547741
103720.030633155
103805.726016941
103869.527743949
103848.631370989
104014.676636787
103881.993231923
103676.816609813
103877.491016783
103742.867193985
103917.374906121
103834.357220266
103721.238261792
103830.743127807
103750.454427491
103869.072385559
103959.812695434
103849.785523598
103696.198140475
103902.80125804
103785.178784393
103787.770262935
103654.892331349
103870.725609687
103981.423962673
103671.763850192
103780.598382332
103700.581258974
103820.930135621
103827.661187876
103638.095509466
103935.935413823
103940.844219984
103711.798228282
103750.994966278
103779.73615519
103879.235973996
103873.638428953
103809.305720335
103884.838075582
103687.708510458
103814.080049463
103837.490468818
103756.073859546
103925.349088629
103855.512013609
103917.790140551
103830.256610225
103818.705311144
103896.185558442
103919.186317995
103868.378211613
103832.610218389
103904.299808021
103933.901168164
103857.341979505
103704.27458313
103856.111407725
103835.102548149
103759.775284917
103915.770684351
103853.815388273
103830.482884183
103770.435697391
103785.872113392
103819.469404211
103805.70838523
103942.72670372
103917.258734638
104214.176425263
103789.525109222
103878.078364611
103714.514823854
103801.653476662
103860.063535787
103913.921605757
103936.873926761
103795.896106582
103758.315088798
103738.877525574
103732.019895847
103734.951786355
103784.659541716
103908.080762105
103902.195914524
103570.499425553
103925.110040676
103947.135885414
103928.577197474
103856.727549822
103687.495576398
103766.477723128
104041.123060655
104029.017566224
103723.709247401
103959.025161186
104013.040617292
103806.268477361
103808.008218879
103832.755851324
104007.242447539
103955.189041739
104030.175211574
103823.161729996
103850.014280101
103772.060017291
103798.142210609
103794.625601451
103731.33712492
103767.189767454
103926.775062413
103685.391211586
103829.111713107
103885.981800898
103734.27358618
103746.516215976
103769.151448292
103758.41991225
103733.38223636
103704.079618715
103807.791682523
103737.759340042
103918.710741196
103689.762371961
103710.949173213
103828.09789974
103726.684653602
103930.020126289
103751.543643991
103686.547016955
103755.281134156
103826.961727874
103657.915665955
103846.631795238
103865.044508401
103770.118191222
104050.647344104
103674.982676106
103754.185701972
104044.228585331
103888.658580644
103909.286956899
104083.13005294
104003.867477069
103751.750335791
103825.900715602
104004.595053335
103881.79222163
103854.065922835
103897.328627512
103920.233512412
103968.558642088
103896.121191003
104039.999463229
103987.634771176
103635.777392158
103885.455111154
103785.937109212
103929.358698798
103608.333556507
103729.253581857
103822.286777655
103903.375682907
103824.236433086
103817.319973575
103689.729198024
103791.942385574
103833.523248983
103967.023258133
103727.791150001
103734.011489616
103964.695698904
104049.032800057
104104.757280353
103986.96875793
103752.710795236
103783.668005908
103935.421178066
103787.668793295
103968.074069448
104052.796927819
103823.166662936
103933.180644743
103800.07135338
103739.135599868
103987.725446813
103641.998065114
103907.082232144
103794.861182855
103665.050352759
103794.862198427
103938.194468074
103768.75000176
103825.951167411
103933.143152538
103989.058718627
103990.088261659
103710.017472797
103908.767506706
103791.502948606
103928.197023629
103940.63834878
103740.754383328
104012.362818715
103783.750774855
103785.911683097
103835.896976722
103804.8589144
103786.828553489
103741.994351719
103761.882170113
104003.136087729
103870.491703918
103904.965533541
103871.160967117
103974.90021939
103947.057256535
103895.708780065
103807.464718006
103853.268414986
103825.943939142
104015.485815806
103870.494789646
103937.957193057
103747.915830599
103716.045213163
103887.835346688
104047.143864116
104067.736769475
103967.13991005
103922.330388548
103829.582724022
103784.830255852
103978.000126483
103786.711582915
103817.51966881
103853.841715314
103731.933092701
103849.493897473
103853.660745697
103974.853773551
103660.001503562
103844.229765259
103808.512910706
103791.562631219
103728.496830605
103882.208512212
103813.589969762
103898.529044776
103893.448325341
103880.931684162
103764.608706668
103699.894841045
103837.164441831
103676.540009231
103779.883872147
103713.195925031
103765.586488387
103789.31871676
103746.729361173
103891.639809324
103766.210448931
103814.121811948
103694.903928579
103810.549571015
103735.597139993
103729.207312187
103710.285048045
103780.754452397
103913.397324446
103827.141762215
103972.655632214
103847.475535938
103876.044713891
103998.748585576
103819.553600549
103984.139846953
104050.639889611
103754.865471969
103777.899012779
103704.479830149
103815.023972266
103864.7087951
103694.734485367
104016.748742784
103753.103568567
103852.774042925
103894.109810326
103763.07562678
103798.043260766
103903.211599847
103768.284591742
103824.980999139
103708.301034332
103759.143637049
103811.274967156
103885.609355313
103770.332255014
103742.117850341
103561.65479834
103749.861134989
103852.159769867
103882.398992886
103760.487319606
103886.448363546
103813.168391385
103760.757293983
103915.753553673
103792.787498705
103793.313720599
103828.111947674
103685.79225627
103885.002545634
103936.778620564
103790.421958168
103842.894808408
103748.967595544
103754.759873331
103872.382004228
103889.820485585
103736.436286227
103775.360746999
104002.925316872
103857.856124665
103761.683477384
103816.483291893
103823.896350526
103887.958012196
103717.143607795
103801.013102922
104085.718035721
103841.79928157
103728.847597091
103807.126588043
103915.345675088
103870.096229583
103692.297127122
103837.190760718
103871.418218951
103806.337976036
103807.668221309
103617.218441486
103832.562967618
103865.893115848
103883.850758116
103816.680689047
103872.305112254
103732.527338624
103865.413457925
103976.881593789
103681.504187531
103836.862495556
103768.5349994
103863.375859067
103908.321183855
103891.469947066
103607.078404211
103920.616644749
103785.164430299
103802.947521775
104023.956838558
103997.467042943
104002.692815199
103686.015532543
103937.650268412
103740.615869474
103748.197896035
103745.831289636
103640.878641058
103894.428998933
103796.287727337
103921.753247377
103802.975334779
103869.77166482
103747.080470304
103641.992087466
103845.285975709
103951.519937838
103819.072511621
103747.503784515
103865.94161103
103831.154447814
103669.824563327
103923.766484539
103915.513362111
103959.399108409
103980.959686423
103953.637864408
103925.948553596
103750.054893243
103804.774978028
103779.887638983
103785.839878293
104116.441323359
103769.865766371
103867.920245788
103888.394176597
104027.00621885
103752.733452931
104011.174640978
103755.446915863
103745.107454655
103957.11260088
103977.664234321
103735.780659304
103629.283088476
103737.412357766
104027.659497737
103894.00425603
103873.613757174
103932.521654468
103853.241575937
103803.13353022
103956.907099577
103761.866395819
103872.188233612
103867.960534656
103955.560777066
103664.538239889
103765.660673133
103834.261115123
103883.836586684
103773.031274316
103806.939390986
103982.756057579
103798.825607103
104020.458345701
103787.781144267
103778.426507391
103909.510172828
103930.065436462
103845.325688641
103713.857720563
103678.789136148
103753.443451989
103880.653164129
103834.30504631
103640.679593522
103740.675766572
103734.105292329
103666.690472806
103909.174953525
103982.53675975
103756.7672141
103871.94394856
103725.061621939
103894.397940366
103887.349042641
103759.26829641
104022.821543223
103935.021088554
103902.222933515
103761.939705108
103900.773473924
103683.182497577
103602.802791742
103782.36064893
103701.987776493
103820.35410457
103691.832897285
103787.202553605
103796.252082608
103852.105548009
104007.37597846
103911.493140256
103719.054671215
103741.066152894
103924.917422793
103625.714508402
103945.781397263
103865.2743958
103640.391592014
103712.547115265
103585.65026625
104010.002377393
103883.187861611
104067.828295083
103773.553471524
103803.641980929
103633.502279748
103830.807831655
103763.57663998
103863.909430653
103914.14914639
103848.631996951
103831.930282529
103955.898607207
103949.268510225
103870.560442116
103870.542654177
104010.045167854
103948.123647116
103910.749935363
103961.077062866
103946.229694994
103737.808679099
104044.283134721
103911.88452923
103830.379179096
103750.256492544
103848.115892015
103853.408753283
103762.794859438
103780.371637112
103831.46922102
103750.612015527
103788.501811447
103881.603231109
103731.959432506
103699.784108821
103804.874772072
103868.12848675
103835.366706557
103732.095317329
103720.471638119
103831.197502758
103727.806355071
103950.506661965
104020.65987883
103799.895496963
103856.470102844
103844.165308131
103878.498715183
103932.632930764
103814.941721027
103998.94677445
103817.219214262
103746.013742186
103846.019102927
103846.922186206
103982.415031107
103797.652662141
103900.215385349
103981.799013266
103861.838485329
103837.971103392
103952.033881079
104086.393999906
103859.333509545
103881.147785178
103882.748445684
103792.58846862
103702.707390097
103801.597748799
103814.561549498
103793.198329311
103774.393828272
103885.370859466
103853.241038959
103814.642217646
103654.383289826
103816.753348081
103861.568075368
103757.445173854
103852.351607318
103658.402458314
103888.029550732
103838.762740908
103838.149256186
103730.031751926
103740.604729475
103818.438036204
103611.75327992
103735.537716563
103709.559605095
103807.648370236
103659.720029825
103676.87312223
103667.104822161
103924.982489942
103640.221123277
103636.092176222
103787.719982156
103845.869593314
103829.206019333
103790.457147591
103822.371692973
103560.062808863
103750.466495216
103831.074281775
103720.328097016
103923.523332033
103963.241172644
103801.565080475
103719.23724101
103896.786492471
103869.279178206
103788.917906474
103708.726007618
103923.683777781
103710.913078258
103807.047018535
103720.935287099
103916.13165978
103894.248567794
103696.723320326
104004.200690306
103691.381186223
103833.770815848
103790.156279889
103815.765292265
104093.887442562
103750.487844942
103887.286045592
103733.59782022
103787.142652709
103950.660638903
103607.508699369
103861.066504125
103839.448806026
103625.883721157
103745.135883062
103742.01901074
103830.163575327
103863.443297653
103865.72137855
103861.981349121
103771.289753707
103713.963794149
103833.411909494
103909.181131976
103904.865525199
103708.450057221
103752.562966106
103899.358560901
103925.23501216
103654.532289314
103979.532402117
103734.245718188
103572.980016062
103863.73806769
103764.642530962
103814.257229719
103809.841063743
103994.595118088
104027.44470118
103915.357366833
103747.774314578
103782.044287957
103819.908364646
103720.222303764
103844.405851194
103745.175152103
103824.517661291
103974.357607219
103653.613411442
103683.17584255
103775.912427642
103820.215896006
103803.381952627
103744.730567653
103794.805645945
103768.662493702
103595.88556617
103871.322612574
103803.118898724
103849.004059838
103807.670219315
103832.704443328
103841.364871817
103777.266490177
104016.495264507
103812.612824085
103738.114774788
103862.288894898
103922.475424335
103777.277382073
103934.132003591
103839.691440105
103840.106799087
103744.49457396
103966.667728948
104006.88585786
103772.73471802
103575.93559261
103839.687110989
103935.820500408
103758.043885476
104013.50999555
104026.526473581
103777.989563589
103851.007792819
104012.580993321
103845.153061429
103826.384899006
103926.521120135
103954.341689371
103688.688178773
103804.093486905
103789.734645861
103662.923067672
103851.587230195
103878.817185782
103634.703394915
103939.787375209
103680.500938065
103803.52973624
103794.399271269
103788.503449872
103783.143537711
103825.289549304
103852.016031444
103578.25755334
103745.791939056
103849.23119796
103777.678740564
103692.805681662
103767.622648691
103827.479231883
103796.733651088
103731.662669093
103718.601039153
103876.737691262
103995.078037672
103833.143285157
103785.901809607
103656.350092743
103845.849658082
103844.881253368
103902.625145101
103779.395041573
103818.487612748
103687.738606298
103896.817673272
103847.840625728
103900.371130211
103690.722568424
104024.110106854
103939.147475676
103799.627470589
103901.571446473
103618.598460649
103734.569254245
103807.46525014
103724.41655215
103920.456653328
103939.742591935
103905.302004728
103904.620901288
103840.560433151
103828.086470628
103895.907507448
103854.275793372
103856.895810507
103975.041063222
103841.814177049
103754.690576495
103608.841458826
103623.973658726
104002.227002352
103728.750179244
104024.682528781
103785.572022049
103984.791680959
103741.075296525
103845.439532947
103747.599749593
103764.20338266
103956.602050096
103838.779968191
103633.719662813
103828.764885856
103774.856616034
103835.998944381
103772.893410076
103922.313901761
103936.840443916
103823.718012926
103754.440051956
103896.283308565
103839.885163262
103867.140127486
103802.931226571
103803.798134115
103733.401974618
103697.57063194
103923.117773685
103881.517268417
103827.531866315
103702.345636313
103741.798269613
103711.132252725
103803.758044652
103818.282682678
103826.130443252
103755.924616554
103874.003371784
103782.861576875
103800.246056734
103955.613676783
103875.208177438
103957.331262487
103770.514239897
103641.514026097
103752.787208945
103815.396316577
103648.605661215
103944.684296543
103940.651179226
103832.261430989
103855.48806129
103681.773229216
103834.359144012
103813.784545802
103880.006238713
103712.414663677
103650.211457047
103948.306778159
103715.555709476
103832.318560822
104021.091449026
103720.129987612
103703.971956727
103827.224631618
103861.534650768
103922.181558571
103903.515922138
103675.410959054
103781.878042136
103738.421611929
103686.961130229
103857.475641416
104103.738159539
103925.964919471
103869.461668155
103948.127696652
103833.014128647
103769.20364376
103747.908878274
103781.453172634
103817.381479081
103884.749276708
103929.375872518
103907.866756086
103653.953135482
103960.584165371
103935.231420109
103896.881891039
103946.847812751
103797.700133188
103991.553744159
103550.345134148
103793.792323593
103767.942018296
103981.906938675
103827.518602425
103895.457937915
103871.340361951
103689.400214745
103856.42898141
103805.391993668
103938.107819944
103886.533081926
103696.578382988
103689.055637336
103761.587911467
104026.822637468
103870.002707841
103775.605394257
103754.527719323
103592.471984409
103802.354885561
103617.19049052
103745.657758944
103705.532169674
103642.901724697
103888.870188541
103788.685203737
103937.814244223
103908.294370651
103855.220407038
103910.32056861
103794.814839568
103781.533346115
103752.637626396
103876.612932189
103844.031097034
103847.268171137
103765.471629173
103762.731892409
103720.150758798
103831.911122573
103864.730324882
103883.407835391
103829.919517875
104054.551752045
103787.358005356
103904.787582971
103779.019650283
103813.639794558
103902.342677964
103820.974160844
103826.627597961
103904.787787311
103905.240030826
103830.627479344
103763.935846872
