103939.668584026
103967.846487652
104106.785413525
104273.552536173
104293.184720867
104572.92122844
104066.415732736
103588.94087158
104162.257402928
104420.713565844
104102.813649337
104205.546187939
104290.345134124
104222.07080016
104518.299831397
104019.056016438
104325.825968994
104393.584916121
104230.841970825
103979.412619545
104061.337445732
104041.811999387
104260.668014727
104159.657076451
104229.214226119
103991.267873903
104072.40798321
104359.216629834
103789.87519566
104084.417076791
104254.989407245
104113.26154722
104223.096057881
104033.04281303
103818.641764517
104166.480195383
104116.253623528
104330.239614362
104132.40471296
104256.310056741
103814.209054154
104192.374692458
104469.978118479
104282.923629447
104262.966356205
104170.190634571
104134.321339904
104030.522291448
104402.557381718
104222.509708194
104141.304804049
103782.652952237
103995.824931399
104175.403828373
104133.060209606
104262.408020115
104173.324575132
103724.71555805
103949.769754368
104218.616049171
104513.720238454
104294.647510741
104001.891720303
104344.951645727
104033.565257289
104429.370456035
104068.467461679
104150.532849086
103619.480907699
104074.340414233
104126.309250138
103979.887166155
104403.888262083
104128.755454125
104036.953550215
104165.253297281
104018.548852472
104328.102267218
104366.546761396
103920.113143961
104071.710137413
104064.184030402
104386.425763252
104303.765183483
104279.384066561
103902.132805312
104230.725557232
103971.571935203
104299.85463186
104085.23707437
104325.38323155
104012.709732267
104378.155287062
104004.136166219
104266.402218325
104195.226532735
104029.665062096
104437.607450677
104071.1627209
104196.942519402
104362.009818691
104067.298652116
103778.521323813
103843.172562555
104225.002516136
103867.390933693
104056.750819051
104095.650998803
104155.7885788
103631.181412946
104258.654232906
104083.612253391
104205.390078037
104072.385003317
104434.039603715
104144.028897438
103974.04259682
104106.145229139
104426.880913137
104375.040248413
104108.842202969
104132.63368618
103958.510530803
104064.462832899
104024.029246084
104050.101744561
103829.969353108
104147.199187095
104035.838835987
104420.265293856
104295.450198062
103949.649998813
104267.972100264
104419.237113875
104003.856513289
104029.599400276
104190.133102088
104046.551861599
104340.769694565
104524.300323228
103850.772819964
104191.943540794
104372.336351255
104403.222072275
104430.504059642
103928.963120619
104035.187700675
104193.508534124
104274.574601303
104078.403203695
104492.288818181
104148.705910647
104273.046945541
103953.209908854
104313.965087992
103868.926397635
104237.86132499
104265.326525446
104325.962264789
104100.348377177
103719.644173629
104028.560888702
104192.356314171
104178.990735274
103955.526604025
103861.172350333
104198.169339526
104535.451316002
104517.372358775
104104.714933153
104207.099767468
104563.259953639
104265.273404387
104381.783456554
104024.594788248
104259.454381871
103964.195879065
103773.198441434
104326.08570445
104235.699084661
103990.703224576
104251.797436502
103997.845787764
104153.074019709
104285.106023915
104074.877388349
104307.678969956
104521.963494834
104301.81469242
104151.710649129
104565.949102718
104034.542965062
104038.440050563
104061.770848695
104102.587902791
104401.248007026
103868.756926988
104436.669699151
104245.42940063
104162.21785918
104301.819640603
103808.186236849
103972.613096234
103820.419976128
104310.658067703
104133.065809909
103921.186353097
103949.176607426
103831.474934337
104207.666322511
103716.392805739
104161.886978973
104324.36874947
103710.607568029
104232.884886249
103988.484993133
103976.593855822
104392.808220092
104249.310649129
104219.938328495
103885.551063879
104208.278613113
104191.906316681
104098.225611659
103856.488462571
104482.568278148
104011.635827725
104111.095525643
104121.627551677
104443.996258393
104330.79985898
104195.678526118
104010.036731454
104135.861648603
103990.711092262
104019.226799989
103989.251194654
104321.257703076
104216.446080073
104142.730951426
104227.284683694
104472.915672827
103839.498047694
103988.960983985
103824.832846303
104099.483700853
104152.788330725
104294.270895868
104412.178119025
104109.544942388
104446.30330921
104444.117178168
104383.076392072
103940.650835862
104393.268433637
103871.625137786
103990.588095041
104188.275217664
103804.481268669
104395.393887434
104186.345451046
103987.079518911
104340.247810185
104000.387791106
103983.863800393
104164.894288838
104261.37036621
104180.345314036
104224.497802202
104250.389963821
104151.31191642
103936.832517744
104457.935121846
104203.732307737
104052.133751465
104312.258269018
104346.59634834
104515.490817353
104266.140808421
104123.300484344
104358.407755076
104422.995435707
103797.265315122
104292.094953315
104738.321850572
104068.781441153
104467.989985456
104242.388482919
103760.312548356
104187.671222937
103850.137527056
104426.797801473
103786.484797113
104193.562231772
104221.030132802
104163.715527583
104420.835756288
103973.610124419
103893.716368158
104106.118581679
104058.755884418
104143.896420741
104466.810528395
104125.26787385
104368.840808559
104105.966679783
103822.597903683
104582.938941882
103964.107574435
103719.331072992
103987.768248711
104245.595437676
103976.000819512
104014.257556103
104006.656985226
104058.420310667
104227.240506834
104248.667948042
104018.505910416
103867.765723716
104296.788466563
104195.687176739
103658.829078197
103877.458260381
104260.548114451
104213.232711033
103861.825719287
104285.644067377
104314.591960841
104078.222491403
104233.487231725
104167.367957996
104088.434454659
104021.898301967
103928.866874805
104019.372857628
104173.290848268
103977.622629444
103871.383410267
104216.036187814
104417.816990092
104407.082243521
104201.557108237
104147.946619441
104022.175110491
104267.934964967
104232.318884561
104065.212918474
104341.42936622
103939.344989536
104041.856900836
104700.513765207
104480.027553147
103776.501118271
104114.685433262
104036.784412948
104172.480091062
103991.994588087
104099.846136196
104261.182456425
103836.057915458
103951.366823431
104138.546769367
104326.568820719
104044.347820497
103767.42557115
104063.708026885
103997.771667566
103861.657266263
104078.399021681
104084.652135379
104144.751093323
104219.52130211
103904.976470324
104159.426713962
104347.971181787
104177.283737688
103885.941595896
104025.041915275
103994.371405227
103886.269855223
104379.196932524
103993.876714924
103711.504142092
104316.957078904
103870.34365683
104064.982022831
104214.735937638
103793.719519702
103839.405464542
104119.284849515
104155.521758649
104247.53913042
104099.280715742
104012.173608935
103926.761122531
104416.264275157
104190.00571984
104119.692852316
104117.055848509
104260.211256649
104453.805922631
104268.362068917
104046.024349865
103990.376535605
104002.733795478
104097.176473996
104136.908273158
104083.088151305
104527.269157057
104394.819755381
104691.348821702
104395.969360977
104161.440495602
103812.129308538
104319.115808249
104086.208541834
104101.489495263
104361.497593628
104322.94048254
104129.622017601
104188.481128847
104132.984958896
104182.880816137
103983.895996417
104451.529222482
104088.457593669
104030.99545912
104012.616365847
104153.02757733
104471.872812539
104451.631153077
103902.811489996
103790.545327027
104065.487739296
104271.567824333
104124.276391152
104190.431064349
104063.043079972
103907.246330563
104028.959978262
104245.004796011
104136.845345379
104157.180424222
104220.917853826
104517.76855835
104188.535092037
103756.906052738
104009.811743752
103957.999890133
104166.51050567
104124.840815594
103958.8069743
103765.385045117
104157.527092558
103939.111064645
104101.345650641
104118.422493526
104128.004991879
103691.312252727
104296.734921367
104211.627131165
104215.310233676
104460.561424837
103863.749108169
104015.044159046
104334.410538118
104277.214611087
104181.607548354
104204.085288161
104025.697183934
104409.567919784
103920.384865099
104108.54963378
104053.321406337
103981.989840213
103996.052103446
104432.501882711
103817.451427444
104161.664492211
104253.938955717
104274.529295031
104011.253329891
104157.93243227
104083.484881899
104260.131470993
104641.900977747
104133.957793303
104254.271186299
104020.524704644
104472.839472024
104011.319237897
104016.860013898
104350.397906505
104105.075650021
104213.163139236
104206.972952708
103915.599966265
104092.280926411
103759.570569719
104322.463440562
103994.731175276
104297.874418439
103997.495586051
104274.922522098
104227.899185296
104076.393100968
104164.863512735
104484.095036564
103663.409487874
104086.21113102
104212.68586166
104162.158834011
103998.92775395
104390.46389279
104461.421866494
103687.862546765
103914.738914265
104216.379355695
103627.977859724
103983.02109751
104183.521164596
104031.157381269
103991.860050183
104462.311238005
103855.80410618
104490.529077536
104194.779376848
104150.431132334
104072.359507671
104103.42015814
103923.227294796
104156.877470171
104207.123844821
104294.058472785
104338.377364115
104197.505870116
104000.769008463
104024.153749494
103837.889378217
104000.37371712
104272.80105478
104151.751637304
104493.402442286
104012.154164874
104214.408993203
104227.419417757
104047.764202608
104256.437551911
104130.106919921
104101.536283892
103955.305278276
104297.815639661
103965.288877009
103885.135363757
104089.008659766
104069.765197339
104144.914041457
104413.203314293
104143.777802337
104176.969288254
104256.462904332
103934.082972632
104055.401745695
104152.30316405
104443.788387125
103970.742223862
103865.391414174
103979.444041118
103770.876112124
104032.231402377
103652.409009796
104199.532548834
103955.862629331
104027.275702569
104305.076535657
103871.554181621
104245.023684823
104017.407505488
104201.808799943
104258.265301474
104352.924051163
104166.473641853
104306.718948454
104400.010861312
104399.891752303
104058.020435797
104216.906229427
104128.400523963
104458.078942533
103998.10238464
104098.10695223
104060.599857999
103994.965107929
104248.613186466
104219.482555482
103958.856113482
104164.352875114
103899.719562625
103899.777132159
104188.387336139
104208.890163365
104193.363699614
104185.875520467
103813.703097001
103758.647593572
103667.931148055
104239.393646444
103994.337706719
104297.669926726
103955.867058038
104281.449539846
104391.18810695
104498.653396015
104232.867404872
103874.141966353
103951.020905162
104151.7581432
103983.395508716
104005.295393047
103774.717802816
104215.798964324
104304.38028927
104290.573342877
104397.35371704
103729.733090723
104151.053987607
104093.77385179
104181.600710046
104305.19050885
104054.771587222
104131.336509822
104635.140822427
104310.307155013
104057.610428939
104806.709773046
103735.880983774
104096.001975436
103695.513117078
104454.856314546
104252.457399348
104132.569486329
104221.807136683
104042.206261037
103982.08018471
103962.278254474
104207.792037135
104317.067733993
104169.333203005
104129.189111704
104442.047398594
103794.127743394
103879.459416926
104381.37461698
104435.89650374
104148.440341619
103835.883567491
104279.13601176
103863.384209173
103989.768374449
104185.600677347
104669.584770049
103969.064663699
104222.521502385
104616.340590525
104029.811594292
104072.811155032
104291.058314052
104156.302503051
104035.7346083
104142.229161831
104069.306100073
104139.357811049
104370.722916681
104278.426509728
104220.217253465
104267.494290535
104170.220375447
104139.010704061
104123.089055314
104034.610405669
103782.41994328
104522.755329314
104015.252956877
104333.421735664
104407.971183812
104245.411656354
104003.1239556
104233.057628742
104197.553319092
104086.620988749
104394.50868567
104321.455737457
104264.471849147
104410.300677778
103915.097256397
104382.562947878
103912.302019735
103783.191491654
103969.011933014
104493.775418719
103999.875632309
104514.251645076
103994.452454493
103858.305399119
104078.509753024
104090.720784762
104099.260355136
104359.375244345
104152.093825271
103913.087742388
103901.768036106
104091.371852904
104213.533448812
104539.228507085
104243.937526516
104378.335156761
104208.854367718
103942.595025606
104402.647976907
104068.573757888
103829.331773004
104167.072710649
104328.867699793
104311.994441059
104097.773272924
104353.476734543
104642.658973772
104242.063782229
103961.214109797
104083.638934039
103897.984247966
104137.499445979
103888.471109708
104142.828669732
103828.400181618
104316.325262826
103965.799243303
103903.984461487
104156.460508883
104156.870427144
104421.658252653
104201.295059268
103930.387373119
104196.881231054
103850.246145877
103875.688850685
103958.555644141
103855.459982175
104258.045137007
104035.943735672
104256.952232635
104070.463061984
104368.870956815
103987.265733431
104055.570051139
104063.170865288
104217.128582189
104042.131845574
104034.336599974
104043.512585143
103667.132532782
104277.36970612
104050.891654197
104007.369583786
104224.002838348
104678.745636801
103905.522451128
103673.812195539
103992.854136939
104167.525818652
104078.577385998
104287.001708584
104200.829093323
104150.023296454
104298.934438655
103704.726167995
104434.689064991
104318.458911507
104154.498503814
104371.909928042
104112.153895475
103759.621347586
104080.599299748
104260.279544497
104079.764760254
104053.651295637
103997.361848364
103848.157641001
104005.757135685
103647.62047253
104023.659306778
104383.105509155
104049.74788761
104113.929648731
104015.677126186
104095.536547543
104281.392800038
104324.991044921
104221.658927445
103591.571933016
103969.840945855
104349.076219932
104223.460755231
104324.237934744
104169.467658854
104094.514349777
103767.158190344
103590.249525755
103994.900230816
104259.12843522
104005.90672509
103994.161921816
103786.80732812
103995.056753105
103902.513466948
104163.863665064
104060.53626156
104310.759500178
104165.70891724
104591.43163419
104068.711363286
104244.63867488
103956.838824326
104201.506651356
104086.677971205
103869.892658201
104216.538756154
104467.194541634
104207.866651207
103886.885523832
104161.096372731
103926.836714773
103988.603113557
104567.71757321
104402.197931957
103844.088684804
104093.427041868
104264.458945152
103770.320578688
104108.682166049
104141.144817468
104269.518721218
104040.900029858
103914.597019011
104233.453134334
104166.148384257
104083.849496424
103775.662054985
104184.508898548
104295.677576389
104293.132108207
104134.46270666
104168.64424464
104096.363361274
103658.124305726
104227.693882523
103830.939698
104428.018325766
104034.800923837
104205.875807272
104100.036656354
103966.0991285
104008.848094395
103806.483165018
104366.610970044
104043.236034625
104453.152406249
104040.48896383
104098.202937502
103847.934546969
104003.676498468
104156.172166098
104288.944842601
104110.106884021
104200.229934631
104197.314341293
104121.965226411
104204.763293793
104176.961174318
104178.719111986
104077.572479321
103996.025760966
104305.711576527
104261.041145611
103740.380106962
104100.153669057
103840.419062873
104037.348438921
103956.230678039
104268.50999695
104328.259148658
104274.320637006
103873.426995036
104346.26320845
104106.542259702
104234.320774314
104437.589075881
104346.51010417
103658.078719393
104260.972027462
104430.713648601
103918.246712866
104116.96808001
104134.637631978
103996.873580141
104138.826632875
103827.357267761
104257.700384604
103868.610866069
104154.343471953
104258.456585145
103831.211410638
103996.274117302
104231.282850915
104046.838176938
103977.293699977
104173.28286813
104120.260152235
104077.742769172
104212.988436588
104064.739434979
103954.364178222
104053.95733716
104319.28014638
104123.075574249
103805.506930597
104229.742631626
104447.97742672
103868.328415895
104093.839449616
103806.622679942
104089.029561924
104507.530970534
104183.214880427
104332.26106705
104126.826737456
104028.264949659
104026.243386649
104074.78501699
104060.54898466
104221.785051795
104460.932262601
104232.684333789
104250.424320278
104290.36007237
104267.773128854
104067.267061516
104232.037609489
104189.648689819
104167.057902878
104252.41124886
104044.744821702
104338.039300474
104228.20130642
104198.692327031
104590.49933808
103793.384111429
104308.442376564
104096.950812003
104086.644769229
104236.082733863
103943.504740018
104133.165405102
104080.445754195
103836.177854298
104156.345871781
104006.056854245
104447.698476999
103964.77414331
103924.10506703
104050.66573573
104354.611317523
104120.19136119
103993.941313758
103720.093425858
104174.961343548
103735.857278897
104750.808721919
104103.772801792
104180.704752561
104342.780126627
103695.710706427
103706.963727735
104021.417128031
104088.242381512
104258.981043617
104035.663443016
104212.301562513
104161.940634366
104099.955188586
104148.734706655
104388.066355945
103825.375679787
103961.914196483
104126.239756233
104390.079210342
104612.325187669
103966.280730745
103915.092529623
