103891.692526134
103763.652759289
103676.598011034
103791.273456617
103882.088750476
103857.965240776
103943.871939131
103800.384625325
103970.938909856
103980.141911431
103643.152767992
103903.343265376
103787.990315862
103997.677169983
103751.163888375
103732.750944792
104130.245337008
103693.161115258
103846.842696625
103664.236544506
103931.169592135
103764.613726241
103801.997622205
103875.194171358
103779.651791336
103963.753518747
103837.977559087
103931.814067425
103976.626122355
103694.570936577
103794.857658618
103885.370870576
103630.67428746
103809.195565889
104135.400057882
103740.730633647
103962.122107312
104091.502170669
103936.076034986
103821.994964292
104003.515514803
103795.588080263
103985.61277624
104137.823412212
103838.987083845
103726.49105828
103666.303428664
104087.503146678
103598.743909445
103729.869634372
103740.200563895
103707.564814617
103854.055603105
103848.787843908
103797.524092335
103740.397162698
103868.110640994
104016.282186429
103885.280800407
103873.072241049
104021.682027046
103873.119813753
103906.015336154
103766.913105588
103937.086236249
103827.930875464
103975.139325942
103752.171839495
103831.067984987
103899.457430093
103825.837598403
103681.127912778
103888.947394126
103814.494151569
103858.303224558
103868.720611393
103867.646276504
103990.987046454
103780.986098664
103811.572382214
103962.110578487
104033.87224911
103909.1077064
103580.110542008
103557.093938419
103890.931439754
103746.77954479
103812.633326247
103817.657686888
104090.048679597
103730.331027285
103889.264231898
103692.725224059
103935.279690408
103761.279646197
103920.7705482
103662.852483336
103957.437929891
104080.443950201
103874.898042411
103695.34822599
103688.18835493
103730.82651876
104156.725012117
103893.067939589
103934.73052364
103987.665571161
103921.657771775
103861.122601851
103605.401619258
103869.326182997
103985.126511565
103925.718485885
103825.581108569
103770.866906136
103597.593186894
103743.286580456
103820.409033465
103790.668409489
103914.27014125
103693.878512071
103840.157317558
103798.612503768
103925.892860042
103812.362301193
104296.362707173
103982.196549868
103844.771210431
103759.180208455
103747.12532387
103982.817894758
104351.899062298
104100.401132478
103724.001230726
103890.810740578
103977.789801213
103840.61347821
103801.429110776
103923.712662561
104102.084967957
103866.143947354
103766.206877186
103794.859139845
103804.164384608
103958.340908611
104211.021423482
103717.829249023
103868.124414865
103664.179239808
103969.287873661
103778.366899906
103982.63060763
103731.31040728
103885.017589377
103730.966930088
103844.037506963
103721.305095014
104066.618086752
103868.428893161
103862.099006611
103907.543004377
103745.351020217
103829.860691629
103609.382944777
103789.134761516
103874.4868426
104069.016485395
103955.680397037
103895.454102882
103609.723346264
103873.511103261
103755.818568166
103745.700176453
103903.677476765
103683.406034888
103987.430662866
103726.678414717
103924.932284176
104172.37442591
103850.233785094
103826.209614303
103756.249608094
104051.918265189
103762.514384531
103826.129283161
103804.125935338
103634.918914035
103717.766126579
103713.557804672
103929.339665955
103678.651414461
103771.775286055
103953.676932973
103745.829869853
103810.822671177
104011.430024654
103961.877188882
103772.020327689
103904.103377957
103718.876999136
103731.723094526
103884.719566626
103851.956875182
103760.822522512
103843.480342517
103969.522067813
103787.575170368
103988.694216454
103970.720779213
103776.381595587
103727.827117748
103745.091395045
103962.022064419
103778.715728576
103868.564416616
104015.587249133
103803.128824193
103908.786780616
103760.014372875
104090.878460653
103887.394782394
103975.852764935
103730.293221587
103786.408728188
104017.711075144
103815.469289176
103625.234246754
103850.734541595
103899.774556156
103573.314604281
104071.299502562
103866.945405691
104126.026429303
103967.434716873
103719.873168099
103796.801773367
103684.11655613
103956.377036071
104064.542104281
103644.767873697
103865.010197486
103847.173637199
103814.563119768
103689.592416069
103965.977996959
103850.839434023
104071.116183967
104315.586740513
103805.123601563
103810.250034655
103740.744289104
103691.729316202
103760.275364557
103782.442614374
103808.274212734
103865.627464992
103837.612353043
103993.197450149
103940.374354633
103671.143580734
103914.510943969
103805.854536203
103773.563936471
104190.284363846
103667.880620943
103847.640786935
103707.415262589
104199.491753817
103754.825035313
103786.962347821
103732.214067695
103777.698199339
103869.152872356
104058.382986976
104162.660922878
103992.292272178
104131.238622031
103727.758054653
104038.2593415
103795.39491851
103915.880686308
103847.967151705
103838.345203721
104178.318361064
103962.565510417
103912.925636772
103733.061484072
103857.676710155
104117.896656153
103811.636692052
103945.491973019
103867.211868737
104128.628276245
103895.271455611
103890.194789842
103896.148350096
103782.56486181
103573.556776696
103969.992843244
103732.788275023
103790.334527181
104059.598374355
103795.939745091
103938.874934799
103991.892942146
103903.215419646
103914.694653092
103681.086841431
104083.992402751
103753.340420067
103885.427758304
103903.423955282
103634.089206877
104060.900356025
103906.968522253
104159.229526932
103597.643732578
103872.951155611
104120.36152061
103839.563450482
103980.770221784
103911.784343483
103737.062686182
103912.378510234
103699.474546304
103952.947709371
103842.880915608
103880.511088988
103663.806235638
103712.883090799
103807.137946584
103718.489862673
103953.287271075
103983.828090769
103742.635478752
104128.09175985
103878.891422709
103747.480137731
103719.911318202
103894.048027918
103872.315397381
103669.021436191
104106.539950343
103953.693014744
103787.66633433
103867.069690479
103885.133775098
103766.181362019
103847.83659156
104138.16108202
103714.308917189
104010.571338866
103836.828050407
103826.853077807
103735.391840073
104017.826260246
103823.839838592
103704.809596606
104079.593336067
103926.691935941
103858.769679003
103778.208565318
103835.921805046
103794.046867249
103917.229815315
103773.991937372
103720.04975349
103675.688467882
103762.781773622
103724.150062506
103861.096410698
103583.034707139
103894.781581656
103780.173986799
103640.732015048
103640.467223718
104035.843174015
103962.568976067
103927.211121794
103766.12889315
103931.540035482
103933.706099143
103813.600500419
103865.233811476
103824.909675506
103741.485798777
103945.126537684
103863.471312153
103633.949739093
103841.815010027
103803.651795153
104084.938907708
103757.547799
103791.917673043
103857.826612468
103847.388044336
103697.577800357
103908.021163196
103875.924034036
103632.184290846
103926.430027083
103971.626013868
103602.025473452
103983.130730404
103936.117968076
103778.972075041
104117.313937457
103849.284337372
103897.239299373
104058.755085708
103887.477003332
103893.19519207
103901.289803313
104061.603971036
104002.884042439
104005.451767503
103948.130675537
103684.170320404
103845.755471197
103789.949606786
103728.811066748
104079.377244977
103740.998946481
103717.532063275
104057.406884358
103917.357998767
103882.167204327
103900.908895561
103757.199739106
103740.511279947
104154.414714775
104010.32061373
103871.677736023
103748.294336212
103921.041183712
104199.570855203
104133.324310669
103624.839260654
104198.415964619
103968.972567719
103733.2419292
103991.032812369
103883.653235832
103765.933739403
103794.501455694
103821.334150416
104047.454414747
104070.949229448
103784.182846575
103792.970815507
103667.371947041
103988.58460269
104008.350734136
103906.628063495
103880.778806482
103792.514794144
103801.336975659
103840.935292393
103545.071399979
103912.755718395
103822.524739425
103824.653500185
103905.839021917
104019.15472361
103798.543737787
104015.155971879
103837.984918631
103967.438616919
103756.728685809
104059.161256148
103703.442908472
103885.903962434
103747.613061252
103899.88440586
103754.953846429
103880.005399682
103836.178601572
103950.98286384
103915.150087083
103899.957906377
103700.79608633
103617.495740616
103940.140597437
103875.591538562
103770.865632282
103777.928696948
104025.521842607
103793.068159234
103674.84928901
103824.810334342
103805.476944011
103782.712147724
103843.951716999
103565.127596064
104013.095748034
104010.449859835
103914.52221166
103878.498745615
103826.598910227
103747.487315034
104110.747580487
104064.799880191
103966.265211438
103769.347328164
103660.604940612
103803.713152618
103855.31418957
103775.951027058
103888.170592111
103859.987456813
103805.660407783
103653.116432476
103742.310381566
103902.590869403
104035.824792741
103845.374840081
103914.945406829
104081.367352089
103920.428077602
103898.935872227
103772.043378957
103860.820850401
103981.978898027
103733.467977422
103569.493465643
104052.553164354
104287.535259455
103734.711824173
104038.210771929
103784.771348904
104066.409520185
103979.054222369
104041.195235427
103857.895124637
103765.683135385
103878.176912328
103823.876452293
103821.578073743
103797.264623434
103903.813521778
104052.714328661
103836.946753195
103642.774724946
103844.825219623
103788.481444508
103836.332339305
103965.684757616
104296.987749513
103952.299560206
103828.132691545
103821.395759955
104121.403478731
103816.144954777
103936.017167187
103965.655750293
103931.463635395
103748.336891456
103980.011624683
103937.505222905
103808.776662196
103953.791152919
103760.166304107
103872.796291981
103899.125049751
103725.389461831
103969.522222055
103974.913655744
103918.824467605
103755.784006444
103831.908988569
103729.211562888
103855.211077287
103707.171185496
104049.606475593
103725.682303509
103786.640031433
103612.784666158
103909.629777715
103857.371924805
103782.39545928
104028.778697907
103932.07175009
103854.67173102
103825.055131764
103930.82630437
103811.75649537
103780.157739946
103934.403534622
103667.748767761
103596.622586321
103973.726533654
103692.745666535
104029.568099592
103847.098411523
103790.73376181
103820.437383391
104039.927047114
103733.385687903
103923.177745143
103780.916331024
103969.559371285
103817.935002974
103908.630535483
103881.108192906
103783.09233798
103823.151417188
103853.092386975
103974.537217792
103845.240744001
103880.098427171
103795.338990125
104120.690110271
103954.982607945
103896.89378238
103770.625437158
103895.897071152
103963.974833032
103965.758616808
103982.579002424
103919.805528546
103806.493396273
103816.133014507
103588.425153924
104133.671466746
103976.029562006
103845.298702116
103970.347988106
103862.898581865
103882.549959976
103744.966980792
103744.1008458
103848.2614093
103765.746197435
103878.5140273
103905.189413097
104086.858557862
103876.130845895
103875.570946318
103848.797444189
104186.552721173
103946.162771686
103792.061288856
103820.072641554
103978.36748962
103775.381300779
103728.624905433
103802.517772905
103799.628779437
103844.892960298
103929.872849272
103680.521548903
103760.689745524
103843.235833635
103765.244541581
103664.437817081
104033.638294467
103853.874603439
103802.69691061
103721.118764169
103749.231917644
103832.281778852
103819.393524706
103756.192063014
103811.284175342
104042.968067362
103805.715922337
103870.67784444
103883.439046594
103765.022244711
103783.099662499
103993.461657129
103793.780767065
103831.572474735
103829.689492376
104064.158682182
103996.962421729
104103.505824072
103696.710463651
104033.917888191
103756.143660502
103753.992039292
104029.562861204
103872.716112522
103795.185113929
103777.165595967
103664.48440935
103705.16573599
103809.060163669
103980.314756026
103859.489425863
103876.409632451
103791.082229153
103912.765975488
103837.780534683
103972.429115842
103744.786754781
103979.443941099
103794.298005349
103860.089443639
103789.278325102
103656.44559924
103797.761904036
103775.81586169
103943.62684925
103852.709095883
104062.128056482
103862.520839984
104057.567008236
103727.441069094
103736.491882435
103808.966950452
103908.27474103
103645.710519221
103771.35565418
103992.242084098
103801.056684767
103940.226170439
103877.81093436
103933.204720577
103997.120936553
104181.683856448
103643.41565067
104030.147898627
103480.750327664
104230.262885521
104041.207409017
103983.155728044
103746.326969064
103862.591746945
103782.402093565
103761.582718432
104132.776357741
103711.18017152
103827.504416079
103995.943547206
103646.822038281
103645.920195167
103938.305264549
103870.748804033
104048.850526436
104133.794774756
103711.412585915
103841.318888086
103721.978031997
103718.127274827
103643.643922932
103722.946225004
103662.644169613
103968.148614946
103699.454042066
104084.403990634
103923.693405855
103603.366248506
104119.60215216
103973.311684524
103700.582962249
103879.49009375
103799.325188315
103813.469148556
103901.013642721
104092.145707584
103923.251218426
103822.411957038
103896.52363732
103949.608760823
104108.988200968
103866.777377241
103963.134392613
103715.167258865
103858.832414149
103927.104030457
103779.518936516
103911.020554965
103771.853869717
103754.908532863
104051.520755127
103877.404953114
103923.532760488
103735.163737465
103733.051618091
103947.457464661
103755.561928602
103603.87001667
104142.656472976
103676.461628437
103721.024797869
103794.669859867
103826.959088305
104157.38743243
103719.503730154
103895.144022435
103815.259962687
103865.339109754
104050.751459083
104021.816140739
103967.042331545
103781.831227733
104075.661035863
104044.411335585
103903.82165395
104119.947054412
103676.72300023
103992.172722981
103659.398903402
103946.859959153
104200.097141883
103597.586537986
103702.333902508
103768.332381711
104007.284118105
103783.98618541
103933.705393456
103856.610428935
103929.981950305
104065.102562818
103724.456872985
103684.437844603
103859.004573015
103704.649464081
103836.242752577
103743.633874981
103870.427633022
104154.870916291
103557.203927701
103964.500406012
104045.038927878
103845.396099906
103843.048744743
103920.226072639
103869.185844508
103777.588632814
103783.192091249
103830.086647243
103708.482005947
103742.015243929
104000.248106551
103869.981010376
104098.192803295
103895.681956928
103817.118912224
103838.313477036
103810.513826306
103877.832910979
103818.828427805
104039.447809299
103868.529685154
104091.680546433
103726.422922639
103961.302620838
104186.450660353
103784.44352906
104015.046445705
103918.022128899
103793.832154756
103977.128180715
103702.591859531
103938.600018465
103720.211802382
103766.683867937
103655.901606945
104071.938029421
103887.522253586
103760.030511787
103786.711598204
103732.721351697
103882.096864968
103897.288864302
103990.380790714
103903.489708483
103825.798301707
103907.241258853
103762.18997895
103826.514458777
103905.266174769
103809.023686891
103948.303336379
103839.27408769
103869.685446801
103851.792013313
103869.707779426
103572.030589121
103788.359841717
103863.937273021
103737.907219764
103923.489620849
104021.742774105
104037.214789264
103794.516816008
103841.434235033
103898.918424697
103874.052085887
103787.94885156
103857.728977746
103963.837063232
103853.353766143
103937.129228115
103919.505623371
103752.832419686
103715.176494274
104232.905682011
103700.515983291
103866.737974433
103977.911192914
103842.133057359
103847.781877412
103902.595538569
103977.364861924
103939.882904918
103860.979464082
103807.926455444
103787.293935909
103997.155526595
103755.265985513
104056.866122048
103808.002296731
103743.73272612
103871.944165111
104172.937667032
103652.812980085
103925.572503056
103975.133463421
103916.381795689
103841.194640522
104059.814810886
103918.311081516
103793.537321014
103823.430434671
103908.06483902
103979.398557361
103733.710809191
103920.164584414
103744.389800382
103867.119267318
104033.838472162
103930.762952019
103948.215040903
104099.321186923
103971.075932877
103948.505661716
103993.058242582
103818.717522518
104055.516384457
104002.786556487
104081.141080391
103939.316776944
103623.077736585
103882.102474553
103908.227583056
104074.913716601
103781.08799528
103850.326050329
103705.417816303
103635.226481559
103809.709699064
103801.785664815
103896.061393527
103994.109020459
103707.876574256
103656.257975677
103968.320680942
103723.290116548
103729.588830463
103922.34369356
103917.388864278
103629.70488458
103864.43993804
103984.040960665
103662.045349505
103757.565452233
103545.513719931
103719.190015436
103617.499061722
104223.557020434
104022.441415276
103724.270062488
103807.639675091
103914.703390757
103700.330161575
103622.177052904
103846.930825466
103872.439680073
103710.400663682
103894.128493114
103749.48343905
103824.111312557
103749.428663798
103752.576422956
103913.348353912
104118.95165473
104080.495419256
103763.190665551
103719.367300214
103965.011876349
103803.056165861
103806.621209281
104109.754370098
103795.349269454
103754.016957898
103939.990155519
103766.7278317
