103514.37209091
103872.194399932
103687.91827694
103918.330249233
103835.794606041
104013.653470642
103939.826925703
103840.612621255
103879.725987961
103863.881358646
103707.463279531
103834.557644875
103671.307237917
103832.110737677
103933.947484064
103812.826475159
103912.310994549
103723.446795764
103853.451272649
103892.900754543
103777.06817672
103809.401619565
103831.398900062
103600.0175377
103887.267007658
103949.998989973
103783.792195459
103903.849590709
103987.962515507
103820.279575157
103815.855955315
103884.216512125
103778.278228232
103749.892742309
103674.830339095
103615.840752395
103972.771927805
103657.11217444
103816.127033252
103747.657904067
103735.384117628
103824.80060955
103815.483218089
103775.20698535
103877.455541603
103723.766155075
103898.436742216
103849.878949933
103785.245542488
103767.07706494
103891.645306927
103846.700249089
103884.106499695
103633.673594673
104049.114573019
103748.25011266
103793.651709262
103940.941682581
103707.030728451
103759.84831502
103976.492604385
103907.757354457
104075.704863052
103649.429111723
103936.04441465
103802.053810452
103798.0280585
103706.816642353
103758.023675299
103700.370887153
103814.605108221
103777.530479326
103830.795395149
103853.822749185
103900.142817533
103968.968937704
103692.959339419
103674.801332243
103866.969274533
103928.049460207
103839.809040135
103760.474457701
103956.443581154
103756.417342979
103736.327024019
103812.172814029
103727.66020217
103787.640341971
103877.433485038
103749.772322829
103818.9475589
103715.566582674
103728.243469353
103738.431861692
103767.527855312
103684.632224084
103941.572342126
103710.17702667
103761.925884948
103804.606829259
103660.476062184
103809.363810479
103740.281092891
103910.005215247
103679.727842461
103752.909184873
103789.671420913
103745.827248982
103885.776899918
103924.062963316
103959.981439335
103778.509393447
103810.844316311
103801.130321531
103657.180942548
103696.027558548
103647.369987166
103810.932777238
103772.358172706
103710.14192796
103880.734152369
103758.25805884
103851.42102958
103626.375875392
103734.598159289
103723.982721174
103896.551091244
104144.957148423
103809.120773486
103687.170500252
103816.420173853
103845.54232657
103683.930176322
103897.528000542
103857.925942459
103888.592404272
103691.126034449
103777.200342235
103691.265128766
103950.923249415
103694.377008095
103714.862645803
103989.290385966
103772.971584755
103899.117877396
103815.859730265
103736.756808581
103644.20744562
103952.183645932
103861.82527836
103743.384870669
103862.018330031
103733.595805024
103816.561505272
104126.660491266
103928.156992204
103999.819990154
103857.732349616
103770.585562331
103806.973211634
103994.617554994
103963.859533821
103836.233828124
103791.626771873
103919.207767948
103605.247268166
104099.0865906
103756.223106936
103762.168642504
103665.036560882
103907.926619856
103857.183188908
103934.111176941
103892.943831057
103874.255892051
103797.74380132
103809.772908197
103946.314529757
103904.019116884
103910.520889133
103938.707763393
104002.911139627
103676.188996093
103906.064860897
103684.532855305
103866.62185701
103918.879092573
103740.067319308
104035.639445073
103960.646893012
104007.081776519
103767.721143241
103719.737783483
103777.894036949
103797.906484112
103734.629781183
103943.665027759
103668.584565708
103966.349566389
103749.479639037
103704.650699887
103678.841348061
103851.237910213
103641.695537163
103731.54923883
103865.636075266
103764.084375736
103673.247743679
103654.28926749
103887.462121541
103849.08783372
103871.949414632
103901.717055472
103776.573752951
103871.279498924
103987.864366551
103827.006941294
103958.811448876
103967.214535485
103712.851431549
103549.13643366
103913.344534572
103825.995910471
103735.372079367
103741.399140217
103962.272262739
103697.194074296
103790.895868601
103816.734955693
103869.343410007
103840.893633913
103834.819544883
103887.703589849
103852.667118806
103770.935368454
103752.009010979
103834.294557115
103988.673813732
103803.78416322
103933.781032737
103629.698342823
103792.329388803
103798.516359265
104004.551770549
103904.449988918
103719.000219025
103923.104461289
103963.660691551
103787.644646403
103756.091199562
103885.371091032
103912.863766807
103608.006468451
103679.338350821
103962.698415131
103908.629683036
103858.004865485
103739.500772292
103838.230796484
103829.467999401
103708.559441661
103852.054225027
103961.506228196
103648.072062095
103916.731633434
103846.597041836
103728.95672635
103679.881218799
103800.88540598
103873.772726588
103761.71742548
103588.415356728
103922.794944403
103932.986675594
103854.707575163
103904.833189032
103815.872391319
103743.020598838
103817.179575066
103877.383584947
103666.099614196
103963.007348777
103910.541727758
103923.582705625
103687.788180315
103734.212241522
103870.372690996
103759.403262708
103590.423981054
103901.239976294
103822.592855216
103957.515926488
103802.585784695
104056.330608346
103877.210967148
103843.092386346
103960.758799741
103752.113364412
103666.371251548
103680.697247194
103796.957708447
103839.225655833
103614.020120876
103726.577093845
103835.104274404
103931.602982283
103896.274622112
103877.111226236
103725.033313119
103859.580488735
103874.207616832
103746.195754974
103616.08867065
103693.926859022
103927.6790727
103777.469570163
103715.53184774
103884.033935553
103899.078693846
103824.090986641
103712.125215547
103717.311954091
103705.686590644
103837.468604977
103874.45951682
103873.228309561
103864.785386363
103836.334586257
103942.246378888
103780.280466766
103869.915057516
103809.501484125
104025.120833484
103906.525033702
103710.184962421
103753.518537658
103797.529396199
103818.354999936
103823.792772469
103921.37295508
103909.712856199
103953.030353754
103682.362657035
103881.567914999
103869.746045143
103916.722010508
103661.856807722
103670.349478979
103873.004994587
103829.818804926
103797.036156026
103868.504884378
103792.26512969
103713.966226108
103809.566126312
103915.475945138
103789.261858295
103692.243919016
103916.256944611
103910.797704054
103783.538973556
103735.937315556
103690.657828266
103905.358760415
103838.221402187
103765.917364985
103900.072504856
104003.615911521
103644.163066082
103583.224047255
103656.889480297
103695.748646856
104030.636085295
103867.970329523
103843.03846359
103728.560654781
103760.720471848
103828.456471796
103783.390288392
103987.00672023
103800.379513703
103921.458325964
103805.699375822
103726.488707984
103767.786857132
103726.59230435
103800.690692336
103929.066641937
103809.13404152
103812.642233526
103886.590905896
103745.997521777
103863.259816681
104073.242280603
103705.151193216
103726.182710221
103892.207586114
103922.563165236
103724.496402437
103679.714241153
103715.093419526
103809.247500894
103672.109224262
103798.972048106
103992.209668812
103742.476457904
103782.660150219
103775.14924341
103728.982675765
103893.004201864
103855.115711208
103731.717699543
103855.023505847
103671.33978592
103920.246226595
103881.1013887
103804.376376934
103875.543837131
103779.574003667
103657.769566314
104021.763518087
103877.1504571
103843.350710843
103712.137974024
103937.126242584
103854.420118277
103774.696651209
103897.976188662
103826.500471262
103948.164032445
103997.412992936
103755.093832767
103922.003764602
103783.734900095
103837.642033231
103975.449066627
103822.712309205
103908.147653027
103720.7722439
103774.223658881
103808.151522913
103726.572962324
103878.342096304
103746.555643258
103757.172058358
103840.953572281
103969.723955234
103802.069137752
103628.556901238
103672.756559569
104005.924358722
103744.540497386
103961.866664938
103957.542656532
103842.598125255
103915.697998227
103758.022799691
104009.77948421
103817.357907666
103798.809763609
103799.117946346
103825.003876325
103814.672492931
103859.051991893
103788.175252589
103878.824500369
103860.707214633
103810.603835346
103847.471364498
103665.770491738
103726.792494515
103741.689531588
103723.129029728
103854.625839837
103787.73777006
103675.589541829
103956.439684601
103796.034499855
103879.473072298
103758.481141524
103683.20579112
103958.616547902
103875.502498907
103902.080453809
103904.259629227
103747.269532071
103710.956577009
103915.118219467
103861.10683364
104006.531593053
103873.323680982
103950.333890003
103827.083880689
103897.4482563
103912.940897416
103751.932482831
104023.8383495
103761.608922642
103784.27751266
104075.223523296
103854.449257494
103757.842305843
103931.897788649
103913.414271699
103818.498973993
103782.197324044
103901.162915792
103800.082403795
103944.032116408
103670.280441079
103731.433241347
103848.213499668
103771.304453815
103791.342376413
103992.622798741
103885.482343858
103998.516354933
103841.559606927
103870.559087898
103912.492224535
103964.550820735
103867.356366563
103809.184924907
103808.053979254
103759.470391863
103670.787307255
103897.802102159
103798.226981565
103707.683353849
103796.11214375
103833.165989101
103890.764395245
103886.489004105
103790.380649159
103746.735801231
103842.744510414
104062.038955254
103680.646666391
103763.630003413
103840.705152636
103756.171177569
103822.024510597
103860.019720007
103800.113289052
103835.472727589
103805.739286456
103762.033521775
103882.929298667
103682.281906889
103950.728829487
104023.497824176
103802.037775707
103896.796265196
103810.546654305
103758.57800717
103918.198783013
103673.049730225
103918.320014733
103942.92225632
103807.699548516
103797.293379568
103737.214849024
103900.876716478
103657.131965542
103857.296299957
103861.817738041
103919.336250225
103654.99394144
103899.118588924
103781.530234733
103583.412343943
103628.053691503
103751.224716683
103725.473587262
103700.637530683
103813.088629824
103978.121418414
104023.387756455
103909.724260307
103824.213655396
103860.694977858
103903.05619822
103713.819519926
103772.736843956
103637.437388834
103683.373738467
103858.151753111
103878.038583601
103811.286446787
103956.851855709
103872.14354871
103844.906326098
103704.306405861
103826.281437358
103814.25318978
103777.363963812
103676.811515142
103726.47607962
103808.560469287
103648.77551404
103843.737135839
103848.513992074
103740.776962951
103630.158962531
103766.830545048
103801.774294343
103697.236084296
103818.865009296
103980.655391278
103874.622616013
103730.388743851
103790.458807739
104003.417314345
103798.56246073
103585.285110439
103872.352599709
103937.805406201
103769.823869573
103816.039321371
103878.037727301
103967.646685846
103828.7759422
103890.086060208
103956.987150027
103958.787331635
103746.466753714
103704.45627884
103761.015350351
103890.023772023
103893.797222827
103780.971705211
103721.725381426
103705.206677419
103767.18234904
103861.69875929
103720.280906562
103924.660775285
103842.657410563
103793.841374826
103685.326569204
104049.693295524
103728.917988879
103782.25615489
103767.373726263
103600.714180098
103762.674543078
103755.301799158
103816.319977484
103925.556712875
103842.830816227
103696.405921983
103885.896813405
103889.845022545
103937.964632133
103889.272637332
104029.816216452
103720.044198534
103739.289793901
103888.767549134
103698.452639455
103849.963647186
103980.252243068
103871.48299023
103722.442128489
103985.003980016
103803.117287951
103787.828768201
103895.395406951
103894.731061614
103939.845589808
103856.771295766
103835.599454688
103779.977089103
103678.112831188
103955.275672305
103919.017886702
103862.720421677
103907.6776256
103873.740532166
103683.962990711
103731.062259376
103808.92786648
103746.436933804
103747.605142076
103948.335657699
103699.621024997
103830.174376671
103934.788989777
103771.263153119
104018.193114241
103645.385673529
103923.665711297
104009.273166154
103664.023968848
103840.06873341
103988.866408075
103943.535824291
103808.030978076
103996.71779653
103925.330920399
103879.328956486
103679.087213229
103793.985815581
103902.595256859
103896.999274921
103875.695889339
103794.643759882
103869.779361673
103863.034792551
103772.958394674
103979.011161622
103848.238310954
103886.396391067
103861.634640055
103786.394971819
103879.369815049
103682.727169247
103839.402478743
103888.390233438
103795.43883349
103886.733329269
103755.708864872
103734.144829925
103955.978992817
103872.640539994
103723.012429411
103815.673023195
103754.260286199
103680.643433372
103772.011820058
103839.691917509
103712.162162919
103739.067556004
103820.651742263
103873.639633915
103857.044627502
103828.617168342
104017.147551862
103747.911841137
103764.845011893
103886.60051034
103759.881382258
103863.959536422
103686.795811571
103865.398419557
103875.377746775
103779.479148997
103701.7826753
104074.240458092
104051.842073154
103794.002344713
104042.135349169
103704.25871236
103757.910077126
103807.605578159
103775.78405176
103716.50673046
103812.22913485
103693.173374578
103828.026447006
103892.439723714
103872.60089082
103760.420876241
103872.714312868
103934.982368511
103789.342293268
103784.755974412
103895.901395013
103788.775583872
103836.157040101
103838.773357459
103901.070671
103791.162057304
103928.896746437
103879.41984893
103843.077910539
103962.436907305
103987.652393657
103715.888008326
103856.386283926
103656.214549223
103784.906006278
103857.940392063
103930.479801915
103954.141888043
103782.642940271
103921.579013581
103974.585508851
103707.241952029
103985.445670989
103972.556106944
103756.930598912
103895.038312164
103718.69577451
103795.013141573
103955.571865089
103928.906817848
103871.088672117
103759.701577937
103900.017515554
103806.296452564
103953.231867114
103795.13552883
103803.742816396
103824.258313365
103900.488380547
103876.725696174
103771.174252619
103717.819128789
103824.353376055
103912.667729532
103735.643893764
103742.35784518
103956.644776277
103803.606561205
103750.309673814
103730.622312354
103797.606486931
103885.590949661
104112.245849038
103953.694972574
103975.077621151
103710.299605277
103785.93474027
103707.382563822
103920.75095367
103891.681741618
103937.151165239
103832.807867082
103852.907723814
103764.875052129
103913.096449831
103729.329738813
103899.550369009
103790.579096984
103903.661819429
103884.993030808
103736.133410354
103857.464328276
103762.213969319
103766.668936316
103976.399570832
103804.274831922
103629.705003097
103601.609235775
103938.676230853
103740.903935586
103803.957555101
103695.269133238
103827.26507568
103900.447955605
103773.586112371
103861.421135689
103868.396814413
103841.855919784
103690.965587203
103851.954265151
103607.309830048
103657.905543782
103783.251416483
103666.715314719
103857.139296158
103794.788534089
103857.468463745
103565.777414024
103684.843757103
103800.830381781
103889.51401566
103960.898001382
103922.070679649
103950.20639964
103839.466780935
103681.966893507
103920.143086865
103894.429522885
103770.817104308
104002.035468084
103745.966290199
103884.263551941
103719.693638945
103811.641217073
103747.205016562
103779.539615209
103673.68709684
103867.511847599
103792.618711513
103701.888347624
103877.276502441
103749.174515365
104026.169670664
103876.429721748
103919.462802014
103867.733578966
103868.10099768
103817.576040551
103745.495165468
103806.566912392
103682.325401823
103841.017416885
103708.568940818
103850.008947724
103686.313405543
103846.292541826
103764.521690429
103903.533044144
103854.845576044
103834.52443808
103821.296532047
103768.01852098
103923.770896874
103873.950038111
103984.302826248
103830.378042573
103654.601251837
103776.274665174
103774.171950808
103707.235665035
103742.921694788
103829.732053839
103932.626819057
103719.73119786
103839.732912486
103839.994796781
103810.308952957
104076.158265989
103692.467382357
103669.998099025
103847.081715514
103820.496942985
103784.811123167
104012.64988459
103684.959865325
103766.180967174
103814.44304347
103742.042785103
103957.289989109
103671.134112089
103774.994571616
103661.831349533
103855.430406664
103783.406944754
103941.920291782
103910.073119863
103802.208768377
103737.557181119
103870.409002195
103692.248456153
103760.983736851
103790.141444277
103829.471323687
103699.027459752
103989.05047128
103842.278578018
103952.040027614
103821.126790082
103801.01327522
103780.216220761
103913.302151144
103889.785060891
103874.877224913
103747.736241134
103815.840770013
103882.776283973
103989.299999565
103975.373212555
103811.51718782
103957.767095145
103717.718142228
103899.148814431
103796.433372262
103793.888541842
103893.243367466
103778.920353067
103715.673980654
103931.489633571
103656.121364335
103785.685776751
103816.355555381
103761.792129883
103684.646730422
103854.248921344
103831.595897165
103915.380957473
103669.753096491
103927.621144092
103877.310510682
103741.787052639
103954.950587971
103584.474152544
103783.281787715
103937.683087073
103982.132744062
103888.778722854
103828.358590904
103944.682639302
103954.369532153
103966.494547574
103821.360668495
103855.093969941
103903.747593303
