103815.55450566
103745.473354413
103970.281655891
103800.812677475
103911.070645062
103794.830846724
103777.518254318
103788.287905172
103790.707653927
103843.647891389
103961.328405169
103763.652133542
103982.135127502
103803.987066704
103861.777652324
103779.282335818
103814.332664771
103801.036240525
103817.145725085
103782.44157671
103799.416590047
103787.342039014
103812.106372658
103778.345383791
103810.655357687
103815.163984139
103794.07050513
103784.28146622
103778.144577905
103944.525037723
103788.080977176
103785.848212595
103787.678038344
103811.623527526
103796.806434188
103829.772649761
103781.031152611
103994.000745853
104002.990278151
103758.183091369
103828.079381793
103799.390878886
103790.805975202
104018.216250917
103943.857074022
103770.803510142
103972.759924946
103792.258410001
103770.438399523
103756.090809933
103839.009562153
103738.241546702
103728.763279318
103828.400799089
103811.339688147
103785.396378165
103808.328053044
103779.658049803
103773.889491038
103837.907094415
103808.834253921
103842.940227486
103824.746557775
103804.882996383
103987.232053558
103795.474686559
103811.494947846
103811.525383707
103784.886886369
103814.767264397
103804.591516377
103771.604493826
103804.836313489
103768.381749063
103781.314042729
103799.322149985
103826.666702957
103826.149857853
103788.413296922
103780.659016495
103807.462473585
103805.1446675
103790.830594827
103824.30921942
103787.083930248
103824.656652895
103811.736021998
103811.253068863
103828.295822138
103788.879484501
103822.884884459
103785.281935925
103807.915243076
103757.615121682
103769.194936224
103788.383656986
103774.457019504
103800.312308131
103697.67852478
103785.27693224
103801.431375274
103802.202865176
103823.957925633
103883.268677806
103810.856149747
103789.449925081
103775.618652888
103800.421924688
103819.377382673
103795.094491415
103803.958089561
103769.011768769
103732.214761442
103767.601759517
103862.524008583
103797.835401269
103842.408872674
103975.700416912
103796.579967061
103816.783600143
103793.569991671
103783.712337477
104010.212553295
103995.707995651
103819.847429885
103768.469578441
103823.782713357
103822.812446644
103841.450053275
103806.117700604
103904.913946569
103770.834288615
103789.72552573
103987.198200664
103799.696789608
103806.024329772
103986.879343261
103797.436633387
103844.630247076
103821.591619634
103780.106588305
103797.915113736
103757.931580304
103778.821986571
103806.904441351
103790.323631258
103834.3781232
103806.740724581
103818.749244238
103801.642065364
103793.625021803
103825.332606448
103774.954590914
103772.190995511
103744.78856356
103778.989613226
103813.727398257
103798.714140759
103791.045281703
103798.080179837
103795.855073947
103855.065358563
103748.005732997
103990.963376667
103787.877010256
103778.249259981
103815.042632137
103785.958878036
103777.255512043
103802.151387129
103812.396912214
103793.07181068
103845.622671449
103784.140177697
103822.882624322
103796.250229589
103820.531476424
103831.687470384
103802.241252655
103789.114559466
103837.570497152
103828.117886874
103800.874921422
103815.68379904
103780.0416953
103806.179782186
103796.067797822
103754.76105127
103767.506737158
103768.110436231
103789.914991323
103808.864252769
103789.489868359
103797.542792412
103769.917861361
103794.640871711
103803.627947953
103815.544480708
103807.929386224
103825.671249415
103767.800322947
103779.442840537
103829.973963685
103784.201732084
103781.98121922
103807.265406541
103753.134705761
103778.921943045
103753.054006739
103797.659122676
103961.583355624
103790.915694813
103782.54426171
103798.235803063
103796.923061941
103819.434026819
103776.353094847
103820.056335427
103806.44116781
103777.320929336
103806.820588722
103780.082517587
103868.573810031
103764.129420687
103803.853462167
103807.270724022
103787.377668795
103816.670889169
103797.786911391
103770.330863207
103779.116183457
103996.950212966
103942.210995435
103784.711636927
103799.249410865
103802.919327293
103808.782144798
103977.542004625
103829.88839061
103774.782193133
103999.360247798
104003.800026942
103759.904722353
103809.73191535
103787.14822252
103909.473157592
103884.160150943
104005.880298472
103989.666861248
103800.636885777
103814.138540799
103802.47261724
103750.682638007
103763.341903742
103842.827533463
103833.000487449
103802.374217846
103771.268854554
103801.012752322
103982.112024799
103790.634156832
103804.844126648
103977.079362867
103798.954356564
103798.464074016
103782.790535265
103794.726707268
103794.305473511
103786.372451212
103803.498800579
103814.206824548
103810.583843694
103775.419762338
103798.407788604
103783.023880804
103823.605061366
103775.364159976
103795.667123957
103850.938075823
103804.276203628
103820.063837834
103854.833187338
103800.699563323
103753.73245996
103775.681011389
103888.48587498
103805.073205983
103788.931419651
103813.58865494
103985.35413719
103846.065736423
103785.602622304
103823.620078069
103959.37177822
103772.654515186
103765.639257734
103798.636353102
103793.710680219
103777.264561523
103804.965217423
103778.814925277
103812.989440993
103761.056133072
103995.094640153
103800.403139102
103806.425571477
103779.90314527
103760.931205724
103752.136213373
103786.477654241
103789.335814918
103818.042088869
103746.332469404
103824.640621885
103822.929142546
103948.216301431
104010.506377945
103980.355446366
103769.024408001
103832.492982226
103822.385768819
103817.161406778
103811.117093904
103795.296100299
103816.656700804
103781.26152468
103795.540352944
103809.913792494
103810.724011728
103811.296411452
103809.9315947
103797.231265563
103797.456341924
103794.41687634
103785.875432655
103784.91508987
103987.893451443
103829.41847479
103795.162284609
103823.931611004
103788.209897328
103788.503504378
103796.708245665
103815.678212003
103799.524976233
103778.077856733
103795.840768851
103804.184303288
103774.0098569
103787.729715889
103769.117898057
103798.289141122
103817.528196689
103827.638119231
103812.530775816
103794.759973977
103791.799911597
103785.339714032
103754.474568707
103797.374950286
103815.181206449
103834.466955079
103795.228516379
103805.926000637
103815.589331348
103982.947168042
103793.250640902
103978.893627752
103797.124146689
103779.338107099
103817.114034399
103789.070534959
103784.0713979
103818.66064225
103766.747897727
103785.173381667
103804.200906245
103813.909451955
103804.836105738
103770.714476164
103781.671128184
103759.500107808
103766.465776602
103780.436431953
103778.603126003
103787.563846873
103815.996159016
103807.172571878
103799.979430174
103785.582395042
103997.989920704
103851.823005318
103807.617442851
103823.506846489
103781.115369196
103825.404522488
104010.621903633
103764.633704189
103768.220653642
103792.38389498
104006.493441789
103791.932054636
103826.115665568
103801.683013483
103793.64597558
103742.238037454
103837.165368608
103800.215786295
103834.311449764
103794.181361435
103825.296113347
103806.432176553
103835.803926634
103803.264368847
103810.999605565
103760.866912217
103819.334350886
103795.710020748
103787.495432195
103806.298097558
103822.874558032
103781.049890592
103754.451559512
103801.238533373
103840.735654677
103792.927115063
103809.570544742
103820.07806516
103794.250375533
103760.528533768
103990.185436203
103778.460410259
103799.050047621
103814.280715951
103834.540862011
103760.267369784
103812.038370526
103813.865628769
103806.421531338
103829.38889069
103778.85141898
103777.084180783
103781.694268673
103802.19666271
103800.978243993
103775.694162577
103806.649927815
103826.220358416
103985.105086045
103762.461982052
103823.108704919
103827.701980796
103783.192409137
103794.184394405
104032.517130569
103782.778239994
103810.205891052
103827.414920023
103814.891111663
103812.746404938
103814.524798634
103986.907683115
103811.731869357
103821.106108286
103817.267944194
103834.052383145
103812.128967977
103784.631463242
103806.336162239
103826.779638871
103805.101418833
103740.544220807
103798.015816337
103807.385782402
103794.971916227
103821.849841895
103753.954377708
103802.364716682
103762.439365014
103802.841366963
103790.514061226
103841.499231492
103805.606577348
103798.846835683
103825.805875324
103832.60770976
104006.312842116
103795.762100465
103788.439340932
103755.305078284
103934.644375312
103785.435344483
103775.47799507
103798.305457455
103808.297512213
103802.294375996
103797.804422956
103782.683363458
103761.924387875
103779.995219591
103840.961481353
103819.825415721
103782.619824066
103790.759204928
103765.909721755
103807.505751767
104003.031705982
103819.492332961
104032.783570741
103781.802342346
103777.598196979
103815.352162081
103775.399409424
103793.997585615
103871.336108513
103808.246166244
103774.253615474
103742.524002881
103813.013883689
103809.365447727
103807.778953265
103798.109059872
103810.010946818
103769.057597464
103770.91043715
103776.669802316
103950.37396012
103796.70132683
103802.652709959
103960.657587011
103788.41676778
103821.507155213
103820.775432684
103797.749762852
103774.843183613
103796.92105183
103808.701010424
103988.394014747
103758.587848265
103789.149278282
103854.397530335
103780.000641261
103785.397043452
103793.367600204
103873.012450051
103760.641910844
103757.165849241
103786.320620362
103822.205160485
103847.417631926
103777.977855184
103813.727817202
103998.788113527
103781.253417905
103790.974064275
103833.160487974
103801.562442178
103785.767114046
103793.418111108
103791.347563728
103794.308857383
103772.55649879
103837.902143188
103781.017475401
103798.62505524
103754.934086903
103813.687099714
103776.935655914
103798.048377727
103819.001986374
103840.846797401
103779.539310968
103783.407571993
103773.406462473
103802.481667132
103793.056023981
103768.318214971
103815.049328783
103750.921334257
103821.118555931
103824.201473001
103995.292026908
103767.876078348
103749.601453247
103795.079879462
103789.473950176
103792.872009443
103824.91976908
103784.985113126
103751.632190358
103782.454894655
103811.847682969
103791.487465059
103788.588073239
103874.595174152
103797.240673012
103794.831429207
103805.611796139
103817.373587443
103790.236766598
103771.324245619
103736.358667817
103791.529962194
103780.037458227
103804.417488241
103812.817114047
103818.366938559
103809.564200244
103992.945294318
103791.69371641
103794.062103474
103783.901677849
103785.083168961
103762.534184764
103778.976622638
103797.097207636
103744.062443833
103787.362175896
103789.568941776
103798.567879926
103804.295029004
103796.189798226
104020.145967605
103763.027514686
103741.758488206
103821.064766294
103806.349139018
103765.130304637
103956.70031498
103980.54203479
103818.77903785
103786.408585235
103808.164850742
103803.008093962
103784.241800828
103775.388329894
103878.650531304
103765.300917153
103792.332287871
103819.500462499
103804.29269136
103799.535365414
103805.46295554
103788.75732325
103803.025364063
103799.117817994
103821.450374265
103803.535487046
103760.060325073
103820.760171942
103786.571542142
103779.988937816
103893.936074803
103790.625758484
103788.394067136
103741.952349866
103797.329610609
103737.366077651
103784.460738641
103752.607243857
103776.047103358
103788.741612532
103814.836715318
103820.559284567
103775.991889705
103821.091670648
103789.906937235
103788.536457532
103962.60756178
103758.140713163
103865.242296334
103787.195290616
103808.377434043
103784.291338823
103818.326642348
103782.814151817
103800.679015027
103807.412654817
103785.822362351
103805.411819297
103799.036109474
103776.509378507
103784.907183264
103855.57540134
103803.157508898
103784.95006616
103791.232552933
103811.879453926
103818.859561287
103799.314886122
103791.293258946
103790.702272422
103809.612688681
103812.880831465
103883.221562176
104008.240464481
103946.746169007
103804.650041492
103797.461029337
103973.353081247
103820.490579274
103764.864078976
103967.359274769
103798.855440721
103751.620476825
103800.715222201
103817.489171515
103820.908010171
103815.846094387
103800.486285875
103815.088103477
103766.323786709
103779.510224352
103798.903050454
103769.785920655
103965.674422646
103802.942399108
103779.272869349
103823.059659779
104020.040005586
103824.939749618
103771.909477046
103784.165316378
103764.959211883
103790.850422261
103782.798552134
103809.355742064
103804.441844649
103803.277667363
103768.202325834
103772.427972111
103787.921780835
103783.543668395
103785.458889439
103797.603341103
103775.495509285
103772.382528402
103793.83106769
103984.618772492
103793.72052458
103779.662434583
103817.601893269
103782.300118528
103834.615375658
103821.591455707
103860.35822444
103787.905335463
103914.719469974
103965.268209636
103764.995839714
103804.145143861
103795.977951821
103812.510855726
104013.756323863
103792.386384648
103779.55021296
103832.685177384
103970.098267978
103796.052308694
103800.32464757
103977.098810023
103765.882324699
103801.379082182
103798.935577668
103827.824474079
103948.795263285
103794.943044361
103751.677328911
103796.181363568
103839.921552266
103808.903161453
103831.844512361
103764.834407799
103789.026941292
103790.639214454
103807.590249947
103790.230924704
103807.472936762
103797.783950134
103890.184327424
103811.525456206
103813.01337291
103965.441750301
103800.155104697
103769.72928023
103746.144692275
103788.247466132
103806.000869908
103798.948066047
103815.349815413
103783.213669752
103774.496959499
103825.779024652
103815.010386149
103832.542834724
103803.837458699
103793.478542898
103761.392671892
103947.584786949
103774.228161106
103765.696512674
103806.160143332
103806.557954661
103806.318292715
103793.806317021
103803.122412052
103809.422430511
103741.586438638
103814.31306025
103808.522949269
103833.467379629
103798.782183026
103812.963447816
103843.146728668
103769.223051572
103842.673148896
103948.668352271
103809.212546832
103795.827198304
103839.7537341
103802.275940587
103807.820254661
103762.051467051
103776.822777175
103774.806824118
103765.340064211
103739.925734057
103784.915201784
103795.162350333
103778.809989033
103791.024287856
103794.818524905
103797.79997597
103704.335221307
103843.611406228
103808.9833026
103830.569338057
103813.860993815
103757.425890381
103797.679317768
103970.741856427
103780.506886805
103826.033077909
103771.803843575
103751.625016941
103797.123138325
103771.135050171
103795.232021113
103993.935577873
103811.536112828
103772.852651087
103772.260996521
103774.667842442
103720.864400968
103777.556525665
104003.020879123
103784.86051904
103781.543639063
103816.915650217
103767.911216517
103798.296042251
103814.075937494
103845.72244198
103791.152308763
103817.907595295
103749.621444034
103786.740802162
103771.567486814
104005.615541189
103801.158835569
103781.032481347
103801.528394163
103780.144108738
103824.900362391
103836.414234012
103822.778261054
103782.171222483
103995.684986466
103768.894009109
103745.202248219
103843.132441811
103777.156744638
103788.201344219
103820.253245338
103812.339170307
103821.945655613
103756.960360327
103764.885748279
103802.264733288
103793.481219349
103779.613189394
103809.267759938
103789.29304025
103791.493089289
103809.655538358
103746.598090092
103768.926569105
103975.219521361
103803.521734153
103881.771335262
103789.738061965
103809.272364297
103798.071854878
103830.435665882
103876.471630093
103785.032347346
103787.342678415
103818.858261634
103812.951744903
103964.690497841
103782.093955119
103791.726390263
103813.022749511
103760.210504511
103794.930686443
103808.337648593
104009.258895284
103807.378178591
103760.196158338
103765.634715278
103820.915229122
103830.198345128
103812.407725916
103786.519096614
103860.078347626
103801.47805881
103824.17506468
103749.081901582
103777.526910032
103787.899931832
103773.838577542
103999.992658904
103808.758691177
103776.986745976
103780.857182488
103760.905189031
103769.575403008
103772.320014401
103822.952483596
103765.474240574
103799.023980395
103827.341890379
103771.061021871
103792.254858407
103812.776236387
103847.173123894
103823.51070894
103805.244835006
103789.399224152
103821.459574491
103966.318053165
103799.03781457
103815.375388093
103922.849436241
103826.776846569
103791.980972288
103799.136112409
103808.225882538
103751.980647473
103827.330525701
103795.904815608
103801.397485459
103758.087674784
104011.620457204
103877.772536463
103799.679295431
103768.97167892
103802.700621394
103808.986410456
103781.389924972
103823.809320779
103796.994539724
103790.740164581
103815.676603237
103786.971821948
103821.308354479
103826.560792665
103794.378084521
103791.001493473
103777.841892374
103816.931452835
103767.34263517
103821.190758197
103962.989553969
103805.388970651
103823.922459326
104011.056052475
103796.933909966
103834.881672546
103813.985406611
103769.151322397
103796.753945478
103757.230453936
103856.930787482
103793.134518571
103798.970937584
103861.177451284
103827.975897772
103784.495847044
103798.806354556
