103520.784666872
103831.702058164
103767.006401824
103678.91512904
104047.728267853
103645.394434144
103992.759699274
103738.343292336
103709.2307827
103712.785945478
103918.518908309
103785.255489442
103735.461211661
104002.359516437
103882.025127026
104031.66357604
103922.644526989
103766.559706216
103879.716297476
103834.697211236
104007.739524044
103957.759451164
103885.0573901
103849.996565604
103845.059572661
103907.923441872
103661.706293562
103772.483640339
104071.619703038
103842.723127178
104044.484083461
103793.362006309
103864.038073509
104087.576068702
103868.559017097
104007.0657284
103673.882330325
103833.683777259
104129.192995916
103818.469782644
103864.674220444
104024.12506966
103724.891154488
103875.538738302
104076.758457566
103694.105321242
103847.564716467
103922.523319489
103843.963343301
103753.861541894
103887.586729359
104037.6328826
103884.219994757
103795.934352418
103521.903362109
103593.796237752
103598.195750196
103766.42814434
103810.358996408
103733.733204624
103693.239357293
103885.918098498
103976.466011294
103761.239234425
103737.431266293
103718.779832359
103893.210988663
103701.730950422
103602.524948445
103555.019626752
103598.376534515
103873.315744344
103885.039180556
103867.403436129
103948.465828788
103801.105989452
103872.445869785
103766.521348492
103815.350881424
103644.781463002
103761.124507408
103806.50048276
104021.344018712
103601.608188192
103917.487158405
103830.917611418
103723.036526041
103747.16771874
103746.937285862
103874.377977963
104079.910704088
103717.820013891
103880.689345456
103766.685800697
103847.639106163
103682.823320687
103704.0308382
103917.633071703
103881.163133722
104137.368882376
103765.097730194
103921.048403364
103873.963296425
103921.711805566
103751.21747532
103765.64247503
103904.52798244
103923.475778279
103772.863662909
103812.557504369
103985.908848168
103866.716893815
103722.153187782
103834.77005619
103807.735087305
103777.311966593
103939.741168615
103918.693737264
103984.03391521
103809.839103718
104015.536669193
103894.633739258
103875.513732273
103928.797502887
103777.762505711
103793.275511363
103836.506170629
103811.058334741
103807.416700955
103853.218059174
103931.720686827
103759.92145304
103734.474186894
103959.236576872
103775.565007618
104068.943046786
103817.795637193
103852.846193052
103813.792966309
103998.041274052
103944.295456569
103990.161643398
103658.495076064
103745.362328612
103878.641500568
104063.491747885
103917.389069113
103945.065674924
103871.470195061
103726.528634256
103754.30234662
103817.073568379
103743.193539537
103641.642155117
103849.789038779
103632.948478786
103994.486104677
103613.257992816
103747.044726494
103748.154420881
103989.245357436
103755.42145406
103780.743205928
103853.679811228
103908.385262599
103799.772340036
104037.749731452
103889.70722772
103743.974062164
103905.160411933
103692.000699052
104044.633037435
103902.800220653
103956.192864085
103713.407050611
103767.455444986
103795.268047312
103868.651137023
104101.607161424
103801.611013462
104013.950139091
103663.477488638
103847.088265048
103717.105623694
103860.216906416
103832.708925293
103859.574803884
103988.458649973
103952.433478882
103837.681928949
103780.248926696
103780.809019022
103967.179785532
103734.786322916
103742.781117101
103872.171257737
103707.647468108
103834.707362375
103867.26033587
103749.379704193
103835.008131252
103820.239291743
103821.140717078
103823.116122965
103879.640406482
103829.857171659
103930.922464405
103960.450203674
103820.27769594
103813.083362322
103792.1662075
103760.67196831
103806.661876719
103887.92023338
103694.765162073
103707.356441156
103783.432878706
103859.440015327
103698.944061407
104006.967929677
103735.773347324
103767.008754119
103875.685249183
103747.983266286
103891.103223383
103702.17569937
103853.893119308
103607.292002733
103928.509825505
103513.388766698
103993.753337751
103687.675120286
103776.546944923
103766.466496629
103848.269208866
103749.532043012
103622.48188871
103729.414753881
104006.61143334
103744.294075712
103810.14158488
103666.339756392
103966.536720885
103809.289494458
104034.477721762
103701.848389693
103808.753070252
103915.498875654
103864.408792325
103577.93404643
103739.790343204
103745.180073694
103710.449028143
104023.772762053
104046.32402927
103870.399313952
103885.415696702
103788.34372281
103768.760003713
103855.519221519
103950.584684536
103791.690547077
103719.942856561
103625.566502176
103803.655853396
103866.336010514
103796.314549885
103794.389425336
103854.771722606
103621.467507492
103748.254865814
103877.859309152
103873.136854626
103909.54836943
103658.255652066
103951.834842079
104141.937108369
103683.44006462
103893.431870664
103786.680024525
103866.769287547
103618.662952949
103973.041780898
104035.701625588
103869.525430634
103966.707403814
103709.883782079
103880.947938713
103929.739987768
104096.440130154
103956.314157332
103909.286117394
103806.954821872
103874.198722388
103975.081130516
103771.119884604
104069.006893984
103793.376278747
103928.244819328
103893.966273529
103959.81326326
103913.272263027
103978.753949061
103530.021752044
103808.912345068
103929.225254799
103766.573343205
103760.013892504
103735.368154469
103823.337007941
104016.09015742
104017.085847106
103832.223941502
103937.432457607
104005.702026955
103682.039953036
103898.041280819
103668.797089538
103765.058347124
103718.550629101
103792.918914438
104076.780191248
104013.489501964
103836.395142311
103872.464427184
103779.933044805
103863.47834229
104123.34769362
103768.44986317
103840.00912769
104007.887978317
104069.378366743
103764.598109652
103726.521198689
103759.510653979
103861.301287514
103888.471928242
103778.904151876
103856.282954844
103806.832275062
103710.763045589
103787.548397142
103672.815432395
103786.886475512
103905.36777025
103949.456365216
103900.766523871
103862.230936332
103866.416100719
103973.23282447
103794.452412484
103893.586384067
103688.970438546
103947.904196028
103777.552939982
103769.35188705
103716.754487779
103854.568481757
103608.619269798
103781.594811648
103975.039609368
103684.306058889
103845.341230299
103696.678673737
104034.288480354
104076.537720516
103767.225041323
103848.198389948
103711.359726291
103861.935162501
104005.581235822
103706.84945579
104044.586546397
104139.292715521
103958.666614756
103844.305833901
103785.064159204
103787.543149208
103822.492542276
104047.638398736
103844.926331302
103937.851160113
103821.538358525
103774.085683115
103892.663388855
103692.321803792
103793.777734137
103851.985859844
103739.754210859
103792.139926407
103875.923011741
104052.843287307
103757.361696595
103731.18561576
103966.241251149
103893.65442246
103832.17991897
103828.40167023
103873.272600126
103998.728928254
104140.218983401
103798.751355912
103776.095088258
103962.075965234
103718.198165133
103464.496480317
103872.685185039
103761.518259191
103877.329040953
103930.472323432
103903.808669878
103800.509000838
103703.112568211
103905.255905933
103933.387922714
103610.271608936
103876.143852181
103824.951910924
103721.202930234
103875.377819292
104094.332675748
103865.924735601
103713.468096654
103883.104872806
103852.436012314
103849.153637657
103893.162589026
104012.572709223
103865.48966459
103924.107365226
103899.59235792
103986.253003181
103818.396240668
103611.565290768
103899.304105375
103879.573488168
103832.705868034
103922.277192363
103899.493579995
103933.192470102
103968.716498776
103812.586781316
103895.17968412
103810.931474141
103955.11010171
103721.101242053
103814.816404077
103894.634249514
104128.118134365
103743.385582838
103922.897586371
103941.933755359
103927.374612951
104024.999403556
103744.798188417
103878.279053032
104166.346433946
103595.793824455
103727.181383544
103885.673871
103699.19205245
103909.137321113
103823.46133293
103860.49880513
103777.633100341
103804.267862972
104044.103272965
103970.230205474
103885.345604691
103858.060578911
103755.208598147
103834.987036937
103900.481836862
103800.060920756
103825.230517153
103878.743081229
103859.580203273
103939.310084014
104076.091724015
103654.294554153
103685.978409685
103979.202970912
103885.158464919
103956.926670194
103748.948104153
103806.605816749
103967.494086263
103653.72444785
103837.383144088
103677.465301056
103866.638035944
103827.152265909
104045.741292083
103709.372318357
103688.336720466
103854.208424508
103790.338068565
103693.541769932
103713.56055284
103848.366929621
103976.241373369
103868.012676476
104113.212482028
103890.461176806
103905.665109304
103723.08412322
103613.836569275
103781.295899967
103855.952599633
103736.594118218
103844.936966172
103807.519949047
104000.055623213
103942.282245786
103786.125390299
103789.109498689
103867.728560547
103886.53080467
103803.192389768
103718.360060081
103713.995557006
104135.026618944
103996.787462056
103690.658325413
103711.67066479
103688.238243544
103819.635802813
103656.328906516
104084.590100488
103680.647837099
103814.259706679
103761.900406394
103863.390633821
104017.090430828
103663.434129116
103772.977986046
103750.745924364
103705.228907516
103977.202156862
103837.99583746
104015.221832545
103790.359930634
103783.061341355
103765.353546608
103762.402116288
103867.746894777
104132.560189124
103900.237679224
103900.210060412
103933.949799656
103811.766901821
103664.801974942
104059.467581116
104206.175897773
104032.581769795
103721.398086467
103837.490138691
103969.221151848
103898.554299064
103769.661768597
103943.056507785
103786.264797131
103831.051471883
103858.037317334
104058.034696859
103733.15361353
103957.489573719
103695.110336501
103804.865079045
103969.277363801
103798.378375962
104093.359583471
104140.850117943
103900.911378195
103948.954989814
103685.287068172
103787.643197112
103549.630479805
103610.494831764
103802.097289436
103946.203641738
103999.19670028
103967.524379305
103668.645814369
103825.743001367
103637.190032179
103603.732245814
103718.040839659
103791.081734734
103791.555254324
104048.065166761
103971.084046725
103865.571363376
103876.354849225
103902.327745473
103894.329230537
104228.047244524
103761.763017616
103707.215720059
103721.266139551
103874.964123082
103768.491804497
103793.690788186
103826.191332415
103723.23004208
103792.827427244
103831.501393233
104266.622101626
103788.738251994
103978.604207953
103818.464906565
103919.070525215
104111.372001969
103949.309555651
103750.909984345
103785.182302972
103848.865484238
104153.440848629
103839.964651087
103754.919658622
103806.104326716
103671.479704133
103659.98301386
103824.525133115
104006.478367244
103942.485965452
103861.610985652
103932.290020928
103823.057130267
103658.94572476
103848.735731866
103863.031595813
103756.283755224
103867.458278729
103893.518693987
103667.084502579
104003.599393388
103768.504651482
104020.92360541
103760.649676065
103940.459633482
103765.53151491
103873.466665555
103793.665737723
103837.73605176
103865.920978602
103900.713338668
104108.584231633
103617.085422692
103730.311870262
103858.007461311
103869.968400031
104005.813628527
103803.60820952
103946.698932821
103941.109211512
103864.748963712
103975.684934784
103778.338006954
103717.859225625
103999.741173369
103600.169154837
103709.27943449
103666.324579286
103926.717466994
104019.621376179
103715.970899788
103898.901175718
103920.893748653
103815.2846675
103980.260581413
103823.197830945
103884.848128864
103720.284630342
103880.364891285
104080.194189578
103748.868287416
103752.895694515
103738.95491953
103820.474838431
104051.835676694
104008.116735826
104005.771516982
103802.080830014
103894.76945089
103847.233324644
103749.760914807
103850.469159671
103807.090382045
103785.710925411
104065.069435025
103893.870302815
103745.658654857
103744.763956048
103757.180335949
103842.897820613
103978.42679702
103986.490752202
103779.933092444
103938.103621937
103698.865801777
103646.27607145
103710.614982562
103774.168394162
103878.457829054
103811.505751439
103960.630167836
103780.458322628
103926.024856721
103892.002818026
103919.138713442
103898.22132705
104067.822108078
103928.881522432
103921.195623935
103909.789585955
103826.513896823
103841.394838431
103826.549683986
103817.050116324
103822.105189116
103764.764263065
103611.3738961
103716.880741262
103927.280777504
103899.805490177
103865.281556101
103815.760449703
103984.47841908
104006.47850996
103730.376633528
103860.024547425
103702.370627177
103950.70623016
103922.662667539
103811.725016343
103742.409297064
103766.629451978
103677.437951842
104011.169002179
103880.067105333
103777.377855158
103700.745587563
103872.260249296
103771.28401986
103826.011254458
103887.760065917
103811.513780284
103970.351647438
103918.633131752
104073.819433944
103837.166434281
103928.178683609
103733.658449188
103805.642651375
103867.44342059
103911.067982902
103793.948801555
103664.942364109
103810.908638481
103628.490438001
103764.671405171
103930.099411799
103929.954213713
103842.378411405
103857.477667426
103682.048426512
104043.144447346
103810.257423014
103990.239731182
103948.721622086
103670.073998402
103832.912258698
103889.79614204
103786.305491649
103731.872412776
103873.567757287
103712.048473821
103668.071323365
103841.401868629
103783.489634866
103664.019871347
103641.013866477
103716.759383741
103709.385818315
103819.322507787
103936.393052806
104006.827423479
103856.543003845
103641.76063839
103986.853352074
103893.043291519
103965.114146744
103905.739372544
103752.603377972
103819.719238235
103836.467087683
103863.175683622
103799.396077016
104040.79735934
103869.44819665
103790.456046504
103677.652556493
103968.141491733
103844.473967781
103788.906094801
103666.856752921
103840.98819556
103844.988994036
103839.664942416
103790.420712511
103944.567499998
103876.472718903
103930.046975712
103877.793378727
103625.156548786
103877.752530172
103877.64777863
103632.114588147
103972.102461504
103659.182058024
103811.088527795
103714.926385746
103706.342848304
103801.649241934
103858.553723285
103760.96003967
103823.617286908
103762.751175458
103834.37756469
103767.825695862
103852.77050349
103877.148638818
103788.136977336
103622.040544317
103803.538194557
103819.519164814
103775.118643973
103582.607319562
103993.521820204
103715.863105792
103993.164093116
103767.513848367
103826.128210345
103937.568299243
103804.86649147
103826.674294966
104022.874962562
103890.460891965
103801.580773495
103838.233456206
103944.846792564
103864.291163366
103890.516580114
103687.704540075
103852.668935891
103906.668735342
104205.874663773
104012.088031061
103684.119997902
103836.49852262
103747.450780791
103782.326706055
103696.16064671
103921.079395093
103843.693769924
103685.081121004
103792.583849887
103828.817933449
103929.288493529
103907.872662087
103823.006180858
103639.031217283
103890.767686291
103964.703553879
103841.404537072
104026.922011174
103979.728256836
104080.576084202
103939.572340768
103744.110430328
103813.06794772
103697.595356154
103901.747461625
103940.465581365
104040.759004431
103831.863501172
103855.610228579
104094.821465199
103803.826250631
103719.202132932
103907.466988461
103995.21985776
103895.590472834
103615.998544942
103844.968459632
103759.123445232
103789.083692014
103640.017604061
103812.485794633
103822.33350549
103628.479469182
103915.554769447
103816.373820339
103978.464418539
103771.242971747
103873.484244414
103939.68703164
103871.561153458
103713.187806765
103761.562262641
103749.730945981
103798.870190568
103984.304880626
103805.0756455
103693.447954915
103894.677840862
103865.848202527
103878.150621479
103669.346180065
103915.959263529
103824.772518482
103802.145589433
103984.518785263
103753.18555997
104021.322867487
103768.322601172
103706.150198592
103893.233356317
103884.985034282
103825.848967016
104108.234627437
103738.272844099
103561.347885576
103875.615545244
103733.230290288
103870.083233643
103936.209743843
103691.765367691
103780.00574691
103707.044667687
103677.560395796
103835.213278192
104005.312674665
103853.340897752
103940.38051331
103862.294314175
103898.264560807
103999.342207808
103864.444491083
103801.296166862
103891.198168024
103870.769757197
103873.765294797
103945.557918923
103884.129428731
103791.45806035
103899.761457224
103823.590199484
103781.941729923
103994.677578439
103790.271924134
103918.959582658
104073.05560099
103681.573048706
103691.516024742
103938.452539615
104086.108016961
103867.54130258
103651.654897196
104008.476808497
103593.260555303
103860.771469791
103801.197964756
103717.26404636
103704.400217632
104044.684668141
103773.742739382
103809.580636193
103853.666554132
103776.514269764
104003.338202599
103656.513569347
103924.884960878
103945.012873196
103739.850673392
103774.437378313
103646.681406541
103906.219649416
103966.452403247
103856.047083325
103891.802119209
103732.639156416
103770.076122057
103769.195174092
103728.082353209
103843.368129663
103737.632066274
104006.293441324
103910.181326591
