103819.843298847
103824.952455788
103834.453687117
103813.93932823
103788.683897746
103819.310669815
103785.748495745
103796.134677459
103798.319385906
103785.725437053
103805.537619022
103815.289396761
103805.343429122
104008.138218036
103818.568866266
103806.218673536
103814.656780278
103790.536526027
103807.830547715
103987.786762323
103797.689542821
103805.386314741
103828.557864015
103814.877686967
103810.814135701
103830.066501773
103811.406771951
103818.921386244
103830.208801762
103797.532151677
103805.741490341
103834.396848243
103826.236536518
103831.473403136
103801.567773332
103813.652734856
103792.356885386
103788.119450157
103821.266995182
103806.124130829
103828.218579852
103814.133056758
103789.499708346
103749.097116259
103810.530753273
103817.184682759
103811.399724937
103829.367641436
103793.416919376
104006.857563571
103793.399497531
103966.298583674
103814.838911752
103806.285462652
103809.458364583
103827.457778241
103807.961249713
103797.839818291
103803.936944793
103813.432091549
103809.854699584
103789.621785709
103805.622440082
103817.825146335
103793.577700949
103815.275699083
103803.073106002
103817.098400877
103790.774546654
103792.162953383
103814.793672116
103814.683547333
103786.086989582
103804.338964563
103792.365931017
103792.974237437
103818.626782638
103991.684513367
103824.561649424
103833.909081117
103800.795863183
103804.7757781
103824.322305668
104008.287890638
104022.324833085
103813.049284597
103788.968068365
103821.635852783
103815.346686076
103827.319949971
103807.560076965
103800.259503256
103793.423762329
103827.903315463
103815.14010741
103793.998887524
103802.764878745
103812.292556028
103798.656903877
103801.507332709
103824.642015874
103819.301048695
103794.408535474
103818.855183976
103827.227753129
103819.387351771
103810.193534333
103811.180406265
103835.403635574
103798.633773072
103811.708584356
103810.496165824
103812.523841629
103803.92692957
103820.900495076
103816.734066187
103821.16432621
103812.227509221
103824.469259868
103813.558175701
103801.238364323
103808.883018164
103816.392969894
103820.10112954
103806.08820671
103806.066254094
103812.777433032
103812.997449503
103820.79494824
103807.252945271
103823.419021457
103804.078470827
103766.425542795
103811.511902215
103826.862121396
103803.714969412
103818.011026778
103818.247400493
103795.39058973
103811.367333033
103814.651437362
103794.844660306
103818.007744984
103808.896976305
103800.752411914
103827.583883811
103804.864777027
103779.978828924
103826.643297765
103822.879349901
103818.125646594
104004.541032847
103827.087580436
103812.440719204
103817.279346592
103819.142729076
103794.484845855
103812.855665058
103820.502553865
103816.231906454
103815.159155455
103786.443663836
103829.365733558
103823.345687628
103820.531606329
103816.142664472
103809.6244132
103826.41312075
103824.994147332
103801.308465711
103977.014643669
103823.836992818
103807.374658585
103774.935382523
103817.66622311
103808.255420711
103795.182615315
103770.03548297
103794.499380801
103782.483892079
103796.964511165
103800.244682177
103777.416946095
103818.573875717
103819.272412431
103808.02127155
103803.739478765
103817.659622468
103824.531785431
103800.175504037
103808.909196924
103814.147433301
103780.155910744
103762.971109038
103816.404346266
103811.784732546
103836.936324834
103804.523353528
103803.279448765
103819.333712757
103818.655251111
103820.842229462
103827.434065825
104022.810460152
103798.744945088
103805.466518436
103813.122304515
103809.149402226
103798.254072857
103806.499469381
103817.464204859
103813.792605347
103814.170653297
103977.178351819
103816.212893668
104000.312625426
103799.828821867
103807.337982582
103830.879935359
103805.442541844
103816.664386712
103789.700751282
103828.313433718
103812.407444999
103806.395618442
103824.237540397
103975.656602539
103820.835098635
103810.926988161
103810.947199474
103802.826575851
103809.724436396
103787.931427737
103811.495847378
103819.082548873
103809.998694667
103813.248756972
103815.118993014
103808.272638626
103815.46506335
103791.323672977
104035.505840941
103800.288889637
103817.306229589
103826.164482426
103813.704940143
103813.496524744
103821.440975648
103814.190780744
103815.252899297
103825.188666774
103820.621663176
103799.678611025
103816.771099377
103822.638358066
103794.170232166
103818.97559962
103812.066337682
103817.798433113
103813.752968857
103791.144425856
103789.094547136
103983.86326547
103817.922061363
103795.491427493
103829.34093249
103827.827778362
104018.806875525
103831.313844594
103786.939468197
103822.709403077
103798.869951722
103796.31983556
103808.053332248
104002.134810878
103798.112701895
103806.499461819
103823.523280393
103834.416878651
103838.575200203
103821.134943009
103810.450009421
103808.244308705
103794.289480807
103798.103366668
103820.606896909
103798.235229428
103822.139648426
103820.478842689
103791.911727502
103801.606013514
103790.999739713
103806.905061942
103803.790556167
103817.43541394
103799.586464999
103805.992780018
103807.796371386
103821.651961174
103776.6413661
103806.239054216
103802.365399181
103821.239375371
103799.870372397
103782.207351274
103809.596526974
103800.875167175
103824.797033592
103830.509336541
103818.974978173
103814.437161103
103777.315179245
103799.690853179
103813.999874
104009.213861917
103821.109069164
103797.411001578
103820.733304238
103822.828541779
103805.91842049
103820.045978668
103809.724353358
103805.047872313
103812.095198852
103805.457699301
103834.167458026
103823.884931567
103986.150488192
103801.365908288
103803.326130688
103802.387243915
103818.773537304
103827.15198219
103818.674007044
103801.194911685
103835.393481556
103776.457126354
103800.940321346
103829.801204705
103799.940181168
103804.784174915
103810.127330623
103789.532274678
103820.425325183
103800.075742933
103812.60762995
103816.155803467
103780.590301582
103798.537971689
103810.77114219
103807.280555836
103811.077174232
103830.426927828
103822.144354965
103811.708929385
103779.853949275
103808.405828408
103818.172155725
103821.428051573
103821.071439854
103824.658860804
103790.378720526
103797.980664114
103819.28267412
103801.651999366
104007.067982419
103797.857180755
103825.456071545
103798.611332297
103804.894995551
103801.561933152
103811.087333575
103812.621787195
103812.581636851
103826.874152447
104010.955627542
103828.275909467
103822.778196136
103807.000289066
103815.830864908
103820.728531085
103822.971358297
103823.388445262
103810.606852721
103793.816987818
103816.118851783
103808.756225486
103829.414708857
103775.064317409
103888.858342719
103812.5266095
103808.348080364
103795.143710805
103814.949462978
103821.430941039
103835.5553409
103816.077402659
103820.549442069
103796.82811234
103821.007812323
103805.253404737
103815.117916446
103794.960472304
103822.553210888
103824.837353879
103807.222534125
103799.681018645
103822.241017342
103820.194802524
104006.647448243
103792.433318263
103776.783875759
103814.113453972
103820.168312518
103826.307047313
103775.459394353
103786.619547822
103818.645233045
103714.094696709
103817.462276029
103805.607929948
103828.379093128
103785.564639149
103809.363692037
103785.721232382
103808.386580628
103801.636093871
103807.610615317
103790.742732188
103806.846161969
103797.365519314
103829.58454891
103824.616437599
103810.684453693
103818.931245713
103814.271605039
103818.563754205
103815.323537942
103813.211897714
103819.826304232
103814.845357443
103831.29548884
103818.501246639
103828.032466343
103814.331894412
103796.439797059
103831.065042625
103817.975653282
103804.955095344
103826.145942482
103825.647130385
103804.465204524
103815.413658044
103793.887339328
103827.560109469
103819.772219131
103816.954297575
103791.021676735
103824.587474306
103802.839027325
103830.60061832
103814.51466763
103810.718653343
103813.616318541
103806.262101014
103802.86021051
103810.420694141
103806.376616023
103817.081301436
103817.706939385
103774.258981735
103795.875710753
103824.228725201
104014.362365263
103800.353285367
103818.644046057
103834.569966867
103835.150615879
103806.236537605
103793.851445876
103789.357504257
103788.526247281
103813.668471648
103735.82244004
103830.925430809
103999.75998259
103791.459673852
103807.45879381
103814.783494366
103827.032550048
103826.710284651
103799.703023363
103808.315229956
103821.842615129
103804.97956413
103779.04808843
103815.552309287
103807.11752422
103801.835085427
103815.5997598
103819.50272506
103816.061376993
103827.097129358
103799.697935224
103837.189649769
103803.475611041
103810.161391316
103786.695416812
103835.213395186
103824.955708591
103811.866794205
103834.644334616
103804.199287452
103982.251678878
103805.35532367
103818.90793186
103791.644051858
103795.833086026
103754.47158585
103810.377656785
103810.827642305
103794.946584892
103818.624429064
103793.00202553
103778.140957046
103813.717321054
103799.980663106
103800.908157822
103806.38475745
103811.686047647
103827.17872447
103786.819771835
104004.308704153
103809.195277684
103822.361952004
103819.983827681
103832.315873246
103812.722885383
103811.046606392
103793.401422089
103774.796682222
103822.875740482
103819.97232582
103798.481081813
103816.248245551
103821.627292821
103809.790408997
103793.385946187
104012.322851725
103814.675736932
103824.278429351
103800.677002709
103794.975439603
103804.802565625
103806.18083246
103813.450124948
103816.163483218
103796.181339777
103817.307382934
103819.222710639
103825.590273487
103805.912547779
103780.393146572
103801.831604853
103806.599069689
103835.815950087
103817.12938672
103816.864811617
103824.433208435
103803.484423162
103769.809052216
103771.009795477
103788.404126284
103809.675609746
103822.791165639
103813.759975041
103812.316520015
103758.363838792
103809.353921093
103823.185362542
103813.506632419
103843.343209909
103814.172310707
103798.000057812
103894.537666466
103812.376994459
103809.77803918
103809.959086544
103818.165641362
103819.25194891
103813.999624203
103816.663526125
103804.432020901
103788.31867026
103796.912809581
103794.757736722
103837.478135782
103809.476386684
103800.762722492
103820.717213594
103831.044338809
103822.005567252
103816.609270129
103825.395722655
103803.219079235
103840.165567416
103781.128706241
103831.523747624
103803.523017209
103799.93631108
103824.576286321
103818.10286732
103791.36359631
103816.382517251
103807.119499912
103793.620712114
104016.592762776
103812.818478792
103774.595513531
103817.554394009
103799.902604906
103818.087369837
103785.264316772
103992.368327197
103814.580827952
103807.141311065
103817.577637944
103787.28087402
103820.261505566
103821.512755195
103820.619265387
103826.817069682
103798.089338724
103808.668004966
103799.21661076
103808.238737957
103790.841250035
103781.721404497
103833.057099345
103812.663107779
103807.727497236
103803.706178002
103832.471095708
103815.909127892
103828.551530398
103800.621598465
103809.920495377
103820.004085397
103814.812921995
103805.697371873
103821.443631775
103800.186076359
103811.120108922
103809.889250719
103818.02890375
103800.299750429
103813.423013878
103813.58621869
103787.036747862
103797.840077499
104016.547769417
103822.010520505
103804.255887356
103804.812901001
103811.475030671
103780.365926868
103811.738189108
103828.654875277
103814.145645782
103824.51857398
103830.745911048
103828.849980934
103776.294404811
103805.883150046
103973.536422292
103808.212608764
103812.503919953
103824.803213282
103805.527149156
103820.18588866
103999.267264472
103823.017263538
103803.705323367
103782.745353193
103835.073198503
103817.616142021
103821.630188578
103805.93963277
103822.169779014
103809.087806767
103805.817948801
103814.540917615
103800.20157083
103813.368827498
103823.813786344
103766.020395574
103797.602503007
103808.185126328
103797.911533101
103820.622274465
103799.325198766
103806.027410915
103815.636432743
103822.179245798
103820.877215762
103802.554218
103801.365719343
103816.971907174
104010.35937873
103823.6758056
103808.413649538
103815.975470389
103796.759894156
103807.036822826
103809.032290891
103819.127011286
103810.276279067
103811.607167822
103803.438400451
103769.746340103
103820.070422443
103810.823191318
103820.865162188
103812.602948896
103813.953506488
103811.456599146
103819.850353829
103802.773178123
103826.114956246
103811.212492515
103829.138414514
103782.737705082
104003.15302895
103822.187555625
103817.780393389
103802.117074361
103818.649712094
103828.923049675
103832.790124754
103797.305349191
103785.592746605
103825.015564145
103825.718726861
103803.469440128
103809.817975351
103774.688572103
103846.693115681
103803.081646458
103826.882764671
103800.681634853
103824.790899517
103805.184924517
103808.139508939
103979.511162662
103814.411955933
103798.926195475
103828.194723998
103811.935300698
103817.010410816
103815.06029328
103794.878441574
103831.81479751
103831.42970266
103814.111507726
103817.57012005
103813.356046516
103819.027489484
103808.930954719
103821.793635364
103836.767063849
103999.634188119
103789.609516454
103806.213975983
103822.525900856
103822.499980393
103773.051532781
103810.103953373
103796.15203791
103807.998553779
103832.513732829
103818.730943409
103778.834543313
103790.786057014
103821.969427487
103824.970013421
104005.170123242
103803.612001227
103788.688297208
103790.14570372
103816.892968294
103812.525526698
103818.743961087
103818.955345089
103830.073742221
103809.039354647
103999.973007706
103812.273986562
103825.740264192
103788.801570408
103817.440488124
103772.265288625
103803.116335782
103817.152248916
103792.252207704
103814.326354645
103833.151928936
103798.336269653
103806.504386782
103825.353549074
103803.576339037
103817.898589634
103822.536673706
103777.851528036
103781.285592349
103790.478386363
103794.582111548
103808.568851419
103819.886980586
103770.450992109
103797.438179323
103823.210455224
103978.40902716
103812.05164983
103815.472220544
103828.17063081
103831.935755242
103814.236956891
104005.944983543
103806.679696793
103813.6827672
103820.158005796
103787.42174517
103818.096850905
103820.478384938
103828.996243566
103797.986950769
103808.420163188
103830.346847518
103818.435063419
103827.741067692
103807.046566593
103798.600303198
103792.721048906
103794.911303047
103808.772530876
103806.610797754
103811.171504962
103817.019384393
103823.185751009
103817.122338786
103812.835879784
103822.607306139
103803.254787806
103821.760387474
103811.406477573
103788.359623112
103820.720034225
103802.809865928
103845.284134262
103811.910962069
103825.009381368
103827.396792134
103824.716109046
103795.125448072
103815.369249213
103824.572777735
103807.071584354
103800.724110475
103811.723320192
103818.994893954
103822.112545663
103802.457558464
103825.299865068
103816.079893319
103804.369727035
103823.984171512
103808.271173661
103821.911257402
103792.948428883
103820.681909143
103809.310723439
103812.003950584
103792.122083299
103818.382926582
103794.922410028
103812.799221848
103817.466324372
103808.775021809
103810.075124684
103800.513753955
103812.567583307
103815.451092834
103798.525658008
103817.503313162
103814.941739996
103840.93908411
103805.651587895
103801.685360927
103806.395322224
103831.867890554
103810.692943168
103813.590013833
103803.738295127
103777.04915707
104007.326963301
103814.950578323
103817.528708339
103823.370584203
103803.382759034
103814.231695049
103806.601782232
103805.134296463
103806.46990116
103812.484098141
103811.693075805
103802.381298813
103799.657769756
103797.969488403
103787.41514507
103829.992201629
103815.678264347
103813.109672178
103789.586460159
103832.808639792
103831.325685371
103805.586959414
103989.535770505
103830.454973959
103814.846805656
103807.865915366
103806.684684043
103794.163107541
103816.950020212
103820.184441042
103815.607810006
103796.061044057
103828.073626984
103807.578557483
103799.273894375
103824.146374255
103818.12583052
103835.190497501
103823.833442111
103813.675233507
103811.317696187
103787.338132624
103803.172813448
103817.623025068
103802.125014899
103802.15509154
103824.591485686
103831.762116791
103798.287323232
103794.779611188
103808.53486749
103816.181450058
103819.525855221
103803.643808545
103808.748550152
103829.233130833
103797.027545268
103804.530161969
103830.576078154
103815.851644658
103831.38619357
103812.95698687
103800.870421164
103812.386159126
103783.722464368
103811.750596607
103797.012137891
103826.480936674
103805.444609954
103813.111183223
103817.305145038
103820.773793432
103814.88981239
103796.346921844
103813.103747055
103785.033739181
103811.607645266
103772.633588295
103818.28263984
103814.430866931
103833.279791403
103807.272560372
103824.761892552
103806.578529406
103816.669164931
103823.1453893
103833.335229962
103813.583131625
103801.338149134
103797.402837212
103801.182002259
103787.581647687
103803.213168156
103803.77033921
103837.85627332
103819.269691258
