103671.931915433
103969.295625352
104083.887578279
103730.417589241
103975.625863548
104163.300437157
103859.275367998
104043.9798447
103811.32579626
103826.018189228
103976.196061358
103863.804505028
104051.882276043
103909.073328712
103864.659384339
103848.980766724
103691.164502638
104250.88081922
103987.348450241
104034.047715153
104078.366158757
104127.825576482
103754.419252242
103750.559794732
104126.625660768
104077.219565654
103704.690006728
103951.007802376
103768.635997504
104144.523139694
103795.094515681
103898.034734163
103985.440146176
103903.403916149
103771.571874279
103986.999890676
104079.142501288
104173.482557805
103947.178404713
104119.395514071
104008.935694946
103945.079389393
103888.035114139
104095.411563562
103787.451003189
103781.095937815
104080.956723856
103760.879932815
103958.267242044
103869.402544486
103986.460537339
103904.094164037
104005.797754687
103880.836577628
103868.02360307
103744.909165133
103802.075738636
103796.677241318
103742.194884964
104025.936082199
103830.145343046
103737.462979862
103715.763153666
103923.688026757
103877.328661231
103890.799419863
103862.290748888
103780.922174767
104129.036241889
104118.350498126
103888.461370304
104036.61951639
104041.201362447
104011.841440166
103827.849139567
103823.272483688
103753.21490529
103943.039401697
103752.514079694
104043.841177886
103974.721065338
103858.236873449
103979.166662492
103869.590864959
103988.991526028
103801.514802662
103824.331521395
103875.64548006
103949.666814918
103846.502557756
103998.185482543
103844.263471059
104093.847514408
104095.360441524
104026.915373462
103828.422478787
104260.072236069
104083.747278415
103983.532097267
103991.41612766
104088.82841905
103630.814308075
103894.606208653
103839.851867476
104125.63714437
103736.505260936
103954.068726742
103758.299891287
103874.76678868
103929.658990929
103911.689914846
103699.318018278
103907.168408156
103809.890117277
103965.263309855
104121.842167093
103830.849880193
103990.11673024
103820.239692075
104266.252621762
103789.901013361
103940.186720034
103914.931924886
103896.113781077
104124.141630073
104049.012545179
104187.608475912
103845.848691091
103857.993467198
103732.548632688
103831.092594501
103736.676722812
104060.212940995
103718.527612604
103737.492343119
103845.052768038
103660.387827475
103909.704096495
104163.982498506
104127.955860455
103933.275120909
103581.409155049
103617.258923345
103834.600507814
103875.728190834
103786.046317849
103814.945016182
103873.781445627
103989.834362359
103853.889802117
103846.65453998
104069.507928035
103782.219052983
103955.241079234
103918.546571738
104302.658455017
104012.736027589
103902.270260432
104150.8124377
104128.343422219
103618.894086187
103668.458214521
104139.925793552
103849.075129636
103956.586971792
103734.893389646
103795.286341986
103839.880385194
104177.820631109
103751.199243119
103938.634979353
103909.40224204
103949.084274055
104057.642651176
103934.287481243
104050.942054829
104108.921916905
104029.308045158
103959.757406026
104098.239247677
103908.76043347
103927.974696486
103553.675490327
104070.999506576
103960.799140634
103828.712229183
103839.595752547
104295.15968833
103610.833941786
103785.841649115
103523.01184544
103844.909645379
104227.440260383
103947.095341798
104280.440891978
104210.480249758
104093.265742679
103827.814413238
103679.394488899
103807.463789202
104232.574796368
103940.359886943
103998.389620353
103803.632237338
104090.083601922
103956.7138128
103998.997477161
103747.840661885
103763.879604748
103499.772665848
103931.685686552
103816.297075536
104240.255219459
103812.45388716
104223.106433064
103999.132469152
103713.83253147
104102.187759612
103651.548488968
104033.643911662
103989.203323949
103681.22060233
104091.651876628
103943.418340378
103781.376796535
104157.709877008
103851.086788114
104124.098549573
103754.643074058
104038.768181738
103898.650850007
104395.487014753
104019.673947443
103862.917380789
103745.355845245
103850.823386156
103760.736947313
103751.254497129
103731.986316701
103790.862928296
103847.335705633
103704.120357364
104095.950388431
103778.826708865
104028.199037482
104064.845434271
104193.652925934
103884.934385842
104244.351552923
104039.744554506
104003.456812336
104047.86661618
104003.271126357
103764.946362633
103691.252005004
104101.002984675
103922.064532522
103860.057498173
103672.862164108
103698.37218713
103993.864252699
104110.28332651
104201.86538319
104119.581859692
104103.095532393
103645.964369746
104181.421767794
104061.583115108
103912.255202561
104171.051478321
104053.150292467
103745.016340376
103997.500784044
103899.750934078
103572.78191634
103960.895176442
103745.014566069
103827.374079567
103768.430678817
104004.081863049
103918.666401494
103714.99339666
103839.159854418
103723.053391161
103949.663568016
104022.733442432
103884.518250464
104044.998349012
103804.697867431
103962.523600046
104162.857591856
104221.33685481
103811.08970719
104023.914678822
103921.956702598
103952.804244654
103865.664720411
103768.953531396
103838.745344183
103893.500468512
103623.292435215
103940.486829078
104021.656502024
104080.1276639
104180.962635229
103980.767347882
103932.970050156
103806.074307153
103819.312666934
103684.674315851
103935.052718373
104077.145313678
104240.227439979
103887.325464927
103971.02173877
103904.308190369
104303.246249406
104034.547358639
103799.913935056
104180.527285155
104244.190098749
103927.709217301
103817.45013566
103833.64959023
104003.698797402
104273.257270345
103692.068076315
103883.904640943
103827.525770885
104029.196243231
103896.382259348
104074.64795799
103755.7162957
103952.467904651
103583.966236112
104137.727149601
103788.68061533
103536.36903222
104313.695874981
103511.194306602
103751.661315248
103921.152179759
104077.749249721
104090.284002833
104315.779536183
103871.923340115
104049.095055528
103722.53588222
104065.400929801
103924.215833813
104113.197002628
103742.49001044
103839.856380905
104039.673416528
103971.832908758
104083.764270558
104023.040677602
103804.358374818
103751.484827529
103973.151932671
103929.020849622
103954.835748937
104006.585864648
104101.789418124
103723.921732686
103709.872381097
104029.236461169
104060.874599799
104277.210456615
103858.378734068
104084.667669197
103816.168601868
104076.71145712
103827.738654088
103784.958255296
103858.160981857
103635.131551594
103869.06974858
103770.086452456
103719.360071737
103937.44067703
104136.705913102
104095.462603841
104044.942694129
104000.001095407
104000.235167057
104032.59649619
103786.739367848
104159.148554385
103705.434206105
103862.172358623
103836.988416686
103729.929067106
103842.142792678
103960.191993897
103616.065336267
103923.461867509
103935.073346792
104176.930202661
103999.716566677
104014.469229359
104292.572792334
103892.813298624
103716.809267501
103915.735089449
104025.133109812
103714.736059285
103924.354385691
103914.723963685
104236.728181704
103978.311723512
103724.634036811
104278.567565275
104049.273571304
103981.611401724
103826.805309737
103745.937191153
103804.969176273
104259.985914724
103915.02820622
103937.255594063
103845.887018687
104086.319167191
104049.440716225
103832.672273716
103849.145970328
103920.434343267
103881.756656853
104167.699625011
103870.991855671
103983.490067529
103983.683854131
103644.812156399
103601.624272133
103863.359816159
104133.079484952
103908.454699557
104161.54216345
103849.674467075
103974.249473593
104282.685784404
104461.605906791
103472.837696906
103905.978330849
103742.222970927
104161.538974461
103922.694970356
104107.681514285
103840.860462759
103570.703393928
103901.602194633
103935.414039684
104000.803222725
103668.196589595
104111.388119199
104215.97023077
104012.797545417
103769.775386285
103822.700789945
104259.52957959
104229.090728422
104019.593948711
104111.132937702
104170.478985211
103751.894415927
104195.158895506
103666.28218217
103993.727439435
103986.659059491
103790.241407801
104070.631977088
103970.300374213
103835.738851074
103631.309128028
103872.118703033
104260.467742004
104117.855644952
103755.113158059
103914.268086866
104155.53100732
104120.739656234
104064.646005079
104200.623217057
104272.774696128
103850.570694816
103974.9889606
104053.252041456
104177.437774859
103967.443187035
103901.904011734
104010.658996364
104092.194248622
103991.719722465
103844.352492863
103916.337586059
103922.80874413
103813.470965766
104172.661671911
104195.020236219
103699.341340105
103688.868621052
103839.668051424
104003.240101628
104154.537212642
103754.550372211
103988.731008853
103927.08974784
103851.878096071
103873.63097481
103762.238165488
104112.553408366
103908.763432519
104089.429537135
103665.312724588
103891.019241065
103918.351119356
104042.072817493
104029.494476146
104298.550070472
103977.323569138
103848.559737465
103993.633327616
103915.578589469
104098.687155122
103939.500226445
103869.55711295
103932.153440875
103623.240423698
103780.398430193
103893.712379948
103775.798594941
103784.379551408
104065.207765349
103973.809641278
104168.066016878
103892.095344043
104000.86198131
103806.696609933
104019.060700709
103704.368209259
104017.646485591
104040.133240427
104095.86949022
104141.051099124
103817.229504651
103921.150285038
104001.328109857
104010.554112234
104086.251204098
103839.117552727
104176.85717788
104076.008206712
104273.079561051
103649.353980955
103923.236588785
103947.841096943
103670.086002689
103959.194599757
104196.605829623
103742.736441384
103797.897682963
103808.395272164
103795.102288877
104001.689225966
104030.636470334
103877.720875978
103714.317207781
104053.497133494
104026.069121046
103918.197570117
104242.703616656
104124.40040579
104030.015348797
104162.25985104
104230.669985712
103644.819500013
103770.400259797
103943.2733706
103769.258590407
103774.730781307
103956.114712593
103873.405606093
103880.202029384
104091.239989615
104127.594139756
103771.183487924
103671.487157177
103866.247988224
103727.356880865
103833.622972946
103900.368286878
104288.762173103
103870.03942046
103948.204937994
103968.848984424
104156.168785849
103858.180320265
104089.567690464
104283.428200198
104027.352422977
104159.312084097
103763.678588799
103928.503339696
103866.055860213
103865.671098169
104158.412977945
104016.011517759
103928.989309897
103939.513608285
103714.533404613
104098.194852305
103596.890069741
103945.20571948
103633.959904701
104337.536214129
103674.929453265
104076.971118238
104027.678777329
103827.853201901
103720.449387066
104079.314854889
103551.245804135
103980.511852461
104177.588348638
103783.360851135
103806.774738936
104142.291513822
104020.913952594
103843.447305119
103907.512011486
103913.103649795
103784.685547883
104337.56575929
104145.405447797
103807.511680385
104155.975612277
103897.552197649
103884.721946315
103814.933460284
103961.412094286
104117.967068835
103979.507704497
104139.670989923
103891.647764883
103643.297693445
103773.451605564
103969.165169206
103790.447377953
103681.980273399
103642.477833221
103940.105339607
103986.830441334
103853.151015147
103859.658588135
103732.268496933
103999.690313266
103857.96013041
103794.243090928
103936.204937032
103951.40504871
104102.952585774
104103.961964125
103834.694138955
103684.986520822
103900.428970225
104271.496156072
103884.392228885
103968.825271311
103787.899133394
103638.270820626
103913.671260402
103988.201768504
103924.712928799
103974.778667042
104046.328956716
103854.612009303
103923.286201142
103991.34204299
104035.373956343
103856.824325966
103952.484403102
103865.753636762
103934.589992791
103899.49446642
103780.57232333
103955.19717295
103862.769479688
103930.427176674
103954.01082775
103908.162942113
104000.123745228
104078.914679773
103918.74736491
103859.920910301
104262.899849332
103733.475171233
103876.213596608
103768.819183173
103912.274492919
103726.165334176
103811.317774587
103852.619115932
103744.843566584
103764.514347474
103910.217931436
104068.279287708
104239.515626576
103995.890567912
103966.297390495
104034.907224871
104208.55399519
103697.24681974
104002.151918977
104015.223668516
103910.009627821
103807.503973447
104159.13943865
104030.004609451
104095.888091723
103677.534869094
104103.574923504
103959.209949737
103827.039640298
104048.868147221
104208.208137137
103932.126223425
103730.827447229
104004.328958982
104069.420545267
103704.027244796
104133.432597165
104160.324887116
103937.668422796
103813.137628992
103835.507308123
103914.830610988
103943.79889743
104073.188181432
103898.769425929
103937.165224051
103938.357075537
104147.374505394
103990.254627394
103776.340909257
104105.134999687
103870.415213308
103805.774039053
103602.169748687
103857.491439412
104012.566950981
103886.663058857
103894.8978547
103861.789052449
104137.176904352
103820.813546823
103825.026593462
103916.823450855
103833.174408405
103817.49170407
103822.164887806
103702.367833908
103594.993503415
104017.751706887
103961.411008912
103985.654463066
103861.8182818
103801.940726025
104054.202529769
104096.344249685
103846.919492088
103857.970518529
103826.134557037
103904.202199769
103887.063131533
103835.619851439
104141.289495217
103951.049002838
103977.913626333
103807.121851822
103688.730581647
104160.314388817
103931.529626135
103771.845940664
103773.622779143
104147.074252081
104125.267790909
103682.738335302
103602.61549113
104180.848108933
103951.698518751
103988.068596802
104124.493973944
103958.781925185
103977.228789029
103885.115690845
104015.58761082
104131.051843805
103838.966780038
104253.738098682
103955.90653869
103870.1486442
103878.369073347
104135.154171571
104072.662935712
103539.041481731
104158.310963219
103638.506018711
103996.054868888
103622.018015069
103859.300259013
103689.528314266
103780.300882576
103794.85447992
103646.188792203
103958.275844749
103961.152486489
103722.604326919
104079.270046493
103960.45950188
104141.821008904
104228.858334513
103855.829230232
104188.693488496
103766.850713353
103987.136283381
104017.906517681
103812.423153504
103836.874131473
103838.269976097
103860.81461248
103656.494101986
103945.132163184
103852.81813866
103617.01513097
104048.584710892
103992.712059412
103879.06589054
103461.426160982
103928.784671647
104265.138916479
103661.72632569
103937.230121097
104119.029869907
104092.239671887
104227.8814359
104121.593447387
104089.970031493
104102.3447365
103568.189021839
103656.457784945
104127.051377394
103732.850032669
103951.192856718
103803.897721002
104242.286197994
103732.683669006
103866.864618379
104496.718181947
103957.426244247
104246.673713594
104213.719027773
103657.310883985
103931.938480375
104004.594224363
104044.94175933
103865.241213302
103887.144830644
103617.481421641
103726.182561397
104106.020586396
103862.300868228
104127.236091861
103865.995120149
103756.520754865
104192.113233845
103853.33078968
103995.783109231
103644.380179538
104015.310237095
103820.938912975
104115.884686355
104235.598965037
104326.946991455
103922.72581361
103886.347311658
103687.255212808
103918.514211803
104161.233746951
104151.354099799
104168.713589608
103950.392172506
104068.259653901
103709.113384959
103783.642546768
103900.620962991
104204.437590248
103783.610142216
104054.104628749
103823.284526964
103964.705145901
104017.244268713
104191.587210593
103846.883697251
103961.52063071
103884.607828238
103548.572216641
104123.618011094
103608.118348893
103851.714912561
104016.045970339
103967.60149543
103702.405509054
103813.219362955
103942.686899537
103879.857943136
103902.685934988
104077.916284152
104165.572517631
104069.542592172
104026.297191729
104180.007769847
103935.51125265
103941.161711828
103901.100336899
104088.036726457
103966.039913614
104254.60998571
104087.759760305
103899.609952238
103762.016003013
104030.674003858
103886.208886937
103601.754598867
103955.304779397
104097.883539109
103862.50379602
103842.24952155
103711.185287201
104247.415247906
103967.684962885
104078.2748458
104327.509342879
104034.27797347
103890.243372995
103897.459862113
103780.23788116
104133.325279033
103700.986720207
103737.876425054
103639.93337554
103871.112847734
104195.818489494
104308.182924401
103779.057011063
104025.595492864
104225.842941388
103637.97900553
104057.759149111
104001.844249383
103752.430717388
104124.917923788
104073.319970611
103992.897672113
103748.646519939
103941.146275507
103961.384366474
103833.926068436
104066.17659154
103965.1191052
104136.372789786
103726.76307908
103949.033582847
104045.216447837
103798.120390833
104175.160310097
103944.991455483
103905.318076107
104146.041125838
104027.434745577
103868.019897055
104195.84724947
103765.692456014
103809.974942725
103681.436032862
104044.474589377
103869.805423593
103900.090300806
103825.380668641
103579.557925231
104295.775971012
104195.391452604
103838.182332529
103957.63859296
103953.32776415
103553.908153971
104015.430798217
103967.868157423
103660.086282387
103829.033236317
104259.710612317
