103742.122099146
103766.591699879
103761.966720349
103833.46347557
103745.458346493
103932.207396455
103775.354941318
103967.811872284
103933.475850169
103907.770571261
103762.749626504
103788.252150435
103807.262869634
103803.761131885
103765.106825957
103814.248129627
103769.181351834
103761.973813933
103854.213073073
103985.621269145
103817.639772873
103789.051255037
103799.602584991
103787.176984379
103806.994496341
103832.349322367
103670.734108004
103822.885301652
103766.546502097
103998.673140476
103792.646412742
103790.996268145
103752.203839394
103957.291393609
103735.712432538
103788.436974368
103766.082554581
103765.048146132
103780.796384192
103784.499716219
103817.230836241
103864.128353485
103770.403509024
103780.092961181
103754.573326011
103727.400153793
103757.778793712
103805.587938596
103718.596527779
104053.244526552
103943.340671656
103793.500269073
103764.559707958
103779.751739847
103812.145090356
103767.098057334
103848.631824111
103767.168133854
103919.530712715
103749.4102229
103816.594879619
103785.119184372
103711.58389803
103763.309625226
103788.73863595
103792.87904643
103824.721183313
103745.321212886
103766.233321771
103815.305175485
103770.413117926
103739.030190312
103794.486216913
103920.471386389
103887.596317198
103993.056845652
103728.391637381
103757.762960209
103799.545771523
103762.146693423
103737.764748713
103794.338938768
103802.385915912
103726.18202777
103986.045938452
103848.418418783
103781.516507372
103755.351768585
103807.793724809
103778.964027208
103765.432822921
103813.803390592
103799.141167762
103988.544716285
103775.466459106
103790.107988862
103832.386121158
103739.841923469
103790.921029262
103771.188298373
103759.14457019
103821.741361687
103816.677529254
103798.624817648
103843.971010231
103765.898931965
103740.069286117
103782.026399498
103989.716068455
103976.722532871
103808.169112739
103977.065963784
103793.282302216
103868.023226018
103760.896248062
103781.960719545
103823.098921978
103791.537782879
103797.110863619
103989.315621206
103957.19409545
103794.043781384
103777.446265815
103764.534764504
103787.637593622
103820.590513
103765.926007143
103798.413665145
103763.148746043
103848.608356506
103794.151110255
103799.748663017
103970.714839442
103765.945990679
103779.578677032
103803.219247934
103776.31723845
103810.993450968
103991.800835416
103799.425684213
103812.564743556
103791.181083877
103765.752443566
103751.708395882
103813.261666821
103972.648682903
103733.058515107
103789.952832093
103825.572237105
103776.860675631
103783.599763875
103818.366766597
103816.095717034
103743.549579705
103967.150750726
103733.673271577
103802.549904567
103775.563203723
103756.73780149
103813.857949173
103861.545211695
103962.798671949
103747.298067385
103786.066223517
103762.883504634
103752.088179195
103823.762959098
103803.147020072
103770.39997739
103828.170599041
103794.753510389
103847.682172198
103869.973769262
103746.289068477
103989.195268013
103769.437625274
103823.022684103
103959.181833904
103765.63169629
103752.248156144
103849.890349318
103972.835287778
103793.206817039
103967.324236067
103850.702243603
103847.374388983
103774.666690939
103717.294887696
103803.467514908
103791.555278103
103750.551577514
103753.025693139
103782.957337914
103768.888096808
103778.000775342
103804.381728406
103952.499668379
103741.622568943
103775.791494841
103789.508201048
103777.343471536
103792.832016859
103826.382549996
103964.219593964
103790.515860693
103794.963071934
103783.933020816
103821.22903015
103788.824517788
103747.600969755
103853.354998582
103781.227194465
103766.741702157
103739.691316607
103740.20234842
103786.674023744
103778.746051763
103936.722173264
103743.108354851
103787.822073929
103818.436889716
103784.476312225
103782.400579997
103727.224190122
103743.691134377
103849.938291556
103791.990781473
103777.288675136
103976.242134232
103840.211383753
103802.277767453
103810.498988771
103771.538999344
103761.779765502
103774.902781452
103757.628372707
103769.455986913
103808.644074443
103796.429187311
103778.214905274
103792.023589697
103755.497512293
103994.500345665
103782.160956212
103774.131656639
103838.046806905
103755.073306669
103763.308475678
103895.257859793
103812.138807302
103838.054375743
103767.420525544
103792.643443712
103707.589488423
103964.530582183
103777.871497947
103783.617270195
103793.377292338
103787.30259577
103748.287223735
103762.286870565
103810.101629029
103789.734713296
103841.069381126
103832.942092988
103810.606896146
103763.778837026
103767.260645006
103784.270545813
103727.99713453
103953.679172418
103752.436961169
103975.231289622
103821.752366696
103728.57638029
103776.684485564
103811.566419853
103802.036022108
103782.072056564
103751.727605796
103723.540386716
103966.461397574
103769.491813047
103851.555610202
103792.837105526
103781.204813706
103785.815969906
103834.794836866
103790.054973663
103758.545733421
103840.251505661
103766.332779322
103776.851002923
103790.839257016
103740.735094783
103792.321601664
103758.797656156
103739.681259466
103778.413588544
103964.344594158
103781.003420416
103808.703079844
104007.548089875
103772.143813695
103785.755895424
103822.632238102
103973.657936261
103750.458960168
103760.080923437
103753.663136572
103676.75330467
103812.181192618
103851.619427352
103782.591707413
103801.93159201
103779.92377959
103849.974401438
103813.032726937
103750.90689466
103771.585811972
103824.233987707
103956.599261634
103742.774613573
103798.402739465
103937.680228665
103767.161389937
103768.349739509
103793.494861159
103787.217443376
103780.461604508
103765.5574241
103727.836003914
103781.416729367
103803.278660736
103844.415481335
103776.412933555
103795.108952002
103779.626327312
103750.552199717
103804.81887337
103823.230980929
103835.817047176
103772.745055647
103803.138952127
103780.160545939
103751.076956872
103780.662164117
103788.46097087
103948.669287997
103849.441737222
103764.986962475
103739.151258571
103813.494818407
103715.595865563
103786.653712934
103776.552720131
103743.443208572
103786.724250509
103791.434597204
103967.71390382
103809.981696989
103828.999201787
103847.051883745
103754.253952123
103820.326907163
103768.825636784
103787.710397229
103678.70779822
103782.134276625
103923.325662943
103992.577637031
103756.260586213
103826.847444655
103700.082343372
103767.279461838
103812.110465684
103762.47090304
103837.027353075
103949.469762403
103793.512094156
103840.006788453
103874.246709582
103957.310146067
103792.589279326
103821.717047135
103806.812283965
103795.070919563
103814.53677445
103761.001209106
103810.806530405
103779.041175283
103961.395042108
103785.960910725
103771.176319891
103778.064846204
103770.342071386
103762.628652898
103791.103870406
103801.207323155
103821.854855709
103804.505853295
103781.82624268
103716.428977621
103787.882553022
103975.593875705
103731.076461877
103792.34505989
103802.580195234
103818.772940808
103767.224777555
103799.242089634
103778.859471238
103795.393248605
103776.071466073
103735.289653273
103735.519769346
103779.980711163
103818.896648888
103761.454920075
103831.003249311
103766.055863225
103868.606911971
103771.12913743
103758.18488149
103753.407504601
103779.762760791
103780.064766347
103781.685268026
103785.759810127
103838.585229579
103725.215067364
103790.741234157
103771.365250555
103777.514500451
103781.195880871
103785.192156546
103745.801259436
103760.618912843
103787.653358303
103798.198078021
103807.911042173
104023.443058097
103832.547400515
103958.905671702
103804.735094345
103719.232726816
103821.933637148
103795.515295376
103768.849223845
103788.009873418
103785.618852882
103790.626599213
103865.83506764
103715.162836967
103795.821942521
103805.111635055
103992.908463123
103829.133241273
103819.251873994
103751.334432826
103775.728374529
103956.320465201
103739.952641182
103812.048301497
103801.098820111
103791.709520372
103944.270071655
104037.120335419
103830.350602509
103815.596809628
103758.286328287
103803.791718172
103794.21868984
103745.087856378
103820.46233367
103783.112299054
103753.994925022
103751.920208811
103793.630629419
103753.524775686
103796.552778245
103901.501802118
103765.417598729
103735.054805024
103759.793209095
103806.361935174
103717.379073289
103746.247919586
103795.537835981
103806.596678907
103858.046325677
103780.907692573
103830.480410953
103771.878260873
103778.573714616
103852.364604888
103982.850595743
103773.164699928
103760.56994798
103887.002597133
103813.992570058
103789.665152825
103803.333586485
103952.637893043
103872.094921613
103845.342979794
103752.799694244
103777.287245344
103802.84884251
103766.34675718
103959.631035346
103792.649522045
103731.080037939
103746.999157071
103660.311586825
103758.789491043
103784.409128706
103771.282477699
103795.203348748
103808.111661694
103776.228851008
103742.984746483
103720.483375304
103801.773757865
103746.938666733
103940.28123148
103805.18512146
103758.256774534
103798.561774024
103808.184119448
103774.31188168
103803.42150288
103727.216434693
103792.157535736
103788.758919203
103866.757268427
103872.667780572
103786.352251243
103766.892575035
103801.292362044
103782.696534903
103767.967205775
103768.081113409
103779.685715816
103713.592583324
103815.737743646
103820.595971513
103813.492219513
103880.010759784
103935.648265367
103956.137317858
103778.854916002
103923.927661142
103760.873526909
103825.70172016
103868.508328814
103758.395788866
103789.829295137
103779.359142252
103825.63901452
103779.617848637
103837.717785439
103760.817739342
103767.869474615
103791.397780508
103966.117222665
103801.57251289
103785.188515523
103788.347270774
103777.268855129
103787.631910296
103743.478517591
103801.073446699
103787.527240749
103851.702100785
103775.361311564
103784.395424128
103824.516661445
103752.627753745
103871.417442093
103784.395946391
103787.771149327
103793.533924031
103779.460606804
103766.20039648
103989.933800087
103780.075109437
103789.165114849
103773.442870438
103769.478315689
103986.330160315
103858.163571076
103951.964802135
103736.006624396
103841.784531829
104004.8218895
103724.743142781
103776.108508665
103805.308751592
103974.968197843
103779.106535989
103711.154835103
103808.276507122
103743.522011419
103821.646234548
103745.317251986
103767.798330177
103993.308757567
103817.548915055
103776.282896812
103994.929644097
103842.662713332
103763.621104966
103770.199737599
103814.86632376
103969.416479171
103822.831345908
103790.38192728
103954.949916597
103746.183559505
103796.916545238
103750.191876836
103795.497270522
103755.74193642
103820.354714045
103983.803748213
103985.954587736
103823.367856
103777.538070848
104004.005720707
103732.396660655
103812.613633444
103796.157119065
103753.344957227
103774.23014268
103801.462266937
103789.565604384
103837.016824109
103704.287309842
103938.930269301
104035.293662845
103811.175057581
103763.497527117
103832.581138334
103777.788848026
103821.07396121
103753.271534799
103750.540737416
103814.190896211
103964.856238785
103985.075794715
103807.356706919
103735.573721797
103780.399225737
103765.006161088
103770.298110987
103794.77757291
103788.032946296
103795.157567891
103786.281918488
103782.600529086
103754.311476151
103834.086966658
103977.143365028
103796.366697461
103937.524790551
103757.395245488
103858.718404284
103706.581660293
103799.218580899
103798.279026013
103782.154988291
103817.481985041
103811.572395057
103772.879498055
103849.791516346
103784.764947981
103796.752257315
103831.612559418
103804.668823714
103830.882399426
103769.289389606
103747.329897687
103771.691261555
103870.458641085
103784.688294633
103796.334455974
103824.342170073
103758.477379772
103808.45532277
103758.026808659
103745.33747803
103772.026276032
103806.933999766
103800.027436785
103818.52319787
103803.034241516
103782.30863044
103782.661361936
103755.865366962
103789.619190656
103803.732737577
103763.49335715
103773.249210102
103730.908142288
103734.424248498
103802.836090831
103786.412433026
103925.101917691
103818.604656341
103783.78925293
103760.764574572
103751.039982796
103743.103095269
103742.98423162
103805.50997183
103816.519858651
103881.07576088
103848.00677026
103781.385699321
103744.011020959
103834.410322998
103817.494343347
103763.460923723
103820.131604789
103789.303980961
103786.646665314
103783.044953452
103794.0898242
103848.344812107
103820.761405288
104004.02701361
103788.530619238
103798.306423266
103949.578396295
103759.407502105
103712.573944465
103827.247884671
103798.743657023
103822.76294547
103751.430149016
103783.128101962
103974.440136753
103749.70256031
103971.213258096
103950.713378746
103785.229199029
103792.034714274
103856.65268537
103820.855735901
103772.012844054
103774.995086481
103775.147285404
103942.070139932
103806.647342565
103732.576137865
103842.998430243
103854.391407962
103984.685292343
103790.396843753
103756.416692477
103823.760593808
103774.603093024
103797.274410261
103784.9832222
103823.161796594
103809.685899006
103782.766992109
103748.061852625
103768.965982178
103782.017287626
103978.133083654
103775.792768813
103777.391294263
104049.503624806
103969.972100832
103968.572874978
103974.41718203
103748.667835621
103789.334493263
103752.325469095
103843.033961148
103753.59181238
103799.346504478
103752.915285427
103906.775733351
103737.354201352
103742.736657028
103775.17083223
103759.014664426
103776.302422546
103814.475578289
103741.931756222
103789.276361321
103927.224778814
103793.508574261
103770.660783461
103790.175224492
103797.671818081
103766.619938049
103753.081359284
103796.758817063
103868.418148284
103947.797842475
103879.227781541
103763.481345223
103973.425185749
103756.256539799
103796.227594036
103970.58566026
103806.33504849
103951.145075283
103869.404599429
103805.231139392
103769.797915507
103983.017719304
103734.731231869
103757.679637798
103991.391960391
103824.329287186
103948.50395618
103810.265567127
103950.468166719
103938.806228142
103991.268263605
103811.844858535
103751.10128198
103938.668906019
103801.550380929
103770.038923443
103791.651017761
103768.056850342
103747.274772411
103783.820675769
103797.530820675
103995.888217563
103785.457928192
103790.161699403
103830.278045715
104009.25935162
103818.806203075
103769.243339572
103836.806261248
103772.067639815
104019.483319188
103752.499335249
103786.602493854
103925.940624681
103814.686431886
103784.646490016
103862.267562853
103767.652542505
103780.285273196
103978.829528586
103907.689733614
103940.520074579
103732.5145005
103973.142563708
103771.014637536
103931.765847391
103790.548227519
103969.698552905
103779.031062813
103769.08007828
103769.140296217
103814.521079396
103807.099817362
103738.327769891
103741.934531862
103796.345280709
103840.939866796
103819.438516575
103779.528636178
103923.487708758
103760.011922742
103774.826606445
103810.651960534
103777.673632511
103937.465144185
103988.957284063
103745.7395496
103746.775972629
103898.12525552
103935.796544249
103984.468923469
103787.086842461
103968.590398207
103775.996959831
103768.477846469
103737.790785015
103760.690170195
103784.347020651
103778.129499703
103713.301551548
103760.914364592
103814.256404855
103769.986815295
103792.148249752
103814.498313207
103766.517636072
103749.645289055
103970.641390703
103837.748244863
103794.803606028
103791.932108139
103784.221612437
103747.336556402
103774.857748621
103792.475535651
103747.316762481
103761.803731447
103736.122756471
103782.234582748
103798.747101525
103967.475646278
103728.961779927
103783.535517172
103777.710395131
103762.14369072
103808.104763458
103772.224791692
103757.864014344
103992.905782761
103822.178274019
103741.726677838
103798.281395063
103811.368403701
103780.936255909
103750.225182807
103825.589171966
103806.867464039
103802.602849174
103759.481691488
103944.13446134
103961.759417192
103743.931979512
103785.774541721
103780.958479106
103798.990387891
103828.16602933
103859.044192321
103801.078482035
103769.514265808
103768.103822935
103989.648807279
103740.181898382
103792.089492585
103784.002684903
103761.345519189
103748.074947467
103752.449904277
103801.263824647
103805.842584441
103805.782393378
103980.240755696
103736.312597218
103832.323294496
103797.364783541
103701.938983446
103757.257455978
103808.867626009
103772.868193671
103760.785972461
103749.063346753
104045.497271607
103817.898365769
103858.99415449
103763.529908994
103736.566129888
103814.407534706
103776.451212905
103810.532196117
103848.573609325
103958.884850657
103971.826878399
103773.37633593
103769.609530431
103720.508976143
103748.953570614
103758.737241127
103777.837016803
103773.377011732
103794.036898923
103815.597756202
103888.796391655
103769.471936872
103824.672588683
103776.899873614
103846.943416654
103791.623135977
103800.274162577
103789.701293792
103835.079264368
103793.747705351
103974.591690313
103801.850181613
103790.581480012
103801.104255409
103842.845055087
103790.013578939
