103616.883707019
103710.233101484
103809.381764434
103838.969055728
103896.1125936
103683.95874843
103589.599801454
103795.554935389
103915.515055454
103805.054442208
103807.408738548
103945.255450144
103824.088012557
103924.988573044
103726.641931348
103788.743489274
103816.589012013
103822.292925428
103849.450831136
104003.805396721
103911.901701611
103854.947251995
103955.934027421
103673.615427023
103771.90152481
103757.647605003
103748.001993583
103890.281844062
103963.513193471
103846.583254735
103926.519154886
103833.292692213
103884.201047017
103763.933861752
103740.106225413
103899.543476179
103888.672219475
103741.772611526
103779.226997938
103891.842521105
103844.558184259
103607.516647514
104027.45257695
103892.040501823
103589.113754405
103881.402460602
103822.858057005
103901.269599546
103700.860164705
103833.782283018
103756.48989358
103807.439854654
103758.213716195
103875.534703666
103921.645423377
103904.473764596
103674.032641008
103871.728082452
103727.87285922
103939.488262975
103916.930943727
103647.061683607
103935.267147603
103899.024132442
103689.317804305
103865.984512262
103868.645291423
103894.657243912
103798.343421541
103803.421445898
103846.80112819
103807.879633059
103770.308654146
104000.122525691
103811.779534096
103938.072269877
103737.05530819
103879.985948381
103834.615403948
103989.871072036
103807.64553107
103782.391862163
103768.794994705
103926.573844362
103892.354787707
103807.698301025
103699.073993762
103906.27917082
103724.073565455
103661.03421608
103745.150738763
103864.871765683
103784.964495001
103883.419632484
103920.3948776
103975.785960623
103812.848299125
103863.921077492
103866.126277265
103650.421068325
103889.122220183
103738.602139738
103912.427129324
103701.886095422
103771.499036573
103841.145508357
103806.455013611
103875.433472985
103636.400993464
103959.089712262
103641.300422967
103836.098330109
103696.64415184
103945.265854946
103717.655513517
103786.325286587
103767.873527902
103730.761379696
103832.140173436
103723.593267019
103789.720136756
103865.010130425
103754.479681649
103884.029825746
103746.792524991
103886.575638376
103845.434000033
103936.462610266
103940.522385065
103717.369829635
103863.120727466
103887.943778145
103740.854871068
103697.964864831
103740.510771601
103894.832659781
103667.568454129
103778.960557723
103750.369439026
103868.819410103
103766.076248823
103759.248519316
103703.721570154
103658.003697194
103772.783595849
103789.067180474
103804.093715081
103997.638045632
103849.502776134
103915.414420619
103870.793065171
103946.077159183
103886.356979582
103879.351999091
103893.795925051
103839.929665839
103849.591165798
104038.665612909
103989.645090857
103877.758907391
103811.858597057
103915.246595984
103621.861813127
103690.984793854
103712.510052788
103711.905786789
103971.596713882
103811.551778699
103773.328304487
103911.38345386
103683.423544353
103745.151959304
103913.506187891
103792.087006206
103832.935783173
103931.924173915
103779.247311506
103766.037631511
103804.216277968
103849.980316243
103917.29510477
103915.89903525
103799.065819041
103730.469379029
103774.629160649
103728.765039055
103751.299203269
103927.924978654
103781.124082628
103598.509482623
103809.133482883
103844.327672905
103905.487940938
103802.51555143
103737.346376875
103971.068701002
103898.68490148
103784.656861783
103708.333258555
103944.475866576
103875.455528755
103698.767512242
104026.640365453
103733.613843466
103814.677869376
103652.822342465
103636.112913994
103911.449765164
103682.95546786
103995.285108738
103752.205351045
103970.082000427
103776.569665173
103907.588226423
103889.285917515
103893.969175319
103825.267250406
103689.816714386
103783.48942106
103855.989331877
103799.335502685
103771.714353274
103864.80380452
103934.405737888
103972.86506754
103938.936607299
103869.223149823
103902.427356918
103726.940120763
103726.894901945
103763.036477896
103930.373265274
103823.009314894
103877.139312078
103731.187203565
103779.26569357
103740.951751295
103631.894420378
103833.339160999
103802.984056856
103810.132457594
103749.837076105
103943.733999784
103874.839648016
103779.163748141
103761.682340976
103764.899735939
103782.995766336
103942.327198995
103860.289383731
103762.432430091
103639.830923916
103859.394527638
103843.257217276
103890.672476077
103980.373583064
103656.144065741
103789.985136944
103870.690017317
103864.8284903
103590.095928396
103901.091592636
103703.933506977
103833.498458523
103691.453607763
103630.39648912
103932.045294322
103996.118064181
103935.885944967
103804.862827008
103895.04451852
103895.366063193
103699.511519578
103951.204279032
103990.240746402
103973.146326829
103621.206523041
103730.229275436
103837.737826517
103765.967695111
103851.163231465
103764.715694198
103788.122149851
103948.726490641
103683.013653394
103838.800263026
103756.29587293
103842.21337398
103769.023714351
103960.980640649
103789.288976769
103690.130294325
103755.540569316
103889.215030063
103768.599562029
103824.265191877
103839.48146496
103744.291021795
103804.038043199
104006.382548576
103607.510595761
103914.507470318
103812.261253026
103904.025345866
103765.811079243
103875.388112625
103783.087784706
103821.378021801
103817.101209722
103933.932839586
104016.793369376
103712.271779786
103799.742198894
103699.609516569
103737.175840167
103871.065901105
103762.729829257
103897.70739231
103890.551549561
103886.816806681
103922.146711339
103684.319682949
103960.722147325
103638.247439267
103793.43194688
103625.023430923
103806.808017339
103843.962806951
103868.374020366
103796.894256501
103950.310201901
103827.787744594
103700.19304807
103865.491458755
104045.387970311
103889.932471307
103710.986658358
103903.396860374
103807.990760429
103868.070251002
103831.403722267
103638.082027644
103933.131314209
103908.83052566
103950.154401106
103730.05637161
103893.303980063
103812.071663669
104099.024819126
103758.26246073
103897.873192482
103649.291441338
103882.273677331
103878.009464595
103706.638063534
103876.762433358
103765.071398824
103882.473708098
103936.793956756
103739.192099449
103965.770566686
103819.305016553
103683.453722703
103880.853644227
103944.118340584
103874.653387549
103809.727578263
103853.417253355
103850.454240019
104025.496352664
103838.70973917
103899.850748789
103673.145656286
103953.133356005
103943.826681485
103673.770317709
103761.653647501
103792.717954341
103893.923314919
103802.92628964
103712.967160274
103844.818107004
104057.89858576
103842.500134568
103747.359235182
103955.649133102
103734.772899001
103841.798470243
103777.582350127
103682.754202296
103912.762221559
103903.908870622
103760.05772476
103786.149377533
103953.500823907
103966.499098085
103684.85264448
103865.212857351
103838.199233611
103738.794408812
103788.350604192
103972.912749236
103887.935990772
103839.071333922
103901.394064267
103735.508882625
103894.900995673
103773.679511155
103938.870152491
103864.990824774
103966.447022989
103964.246840655
103764.707732487
103669.683036841
103816.960254266
103955.309260019
103978.509181386
103791.622969456
103856.862795853
103799.974065613
103948.292585962
103762.927266956
103869.936912045
103710.564986311
103949.090043115
103869.265082942
103894.266643866
103834.660145206
103760.909382877
103915.235499268
103834.540814065
103629.560873332
103683.95761013
103861.563596789
103735.311739365
103686.586928279
103942.136495782
103782.74606987
103634.808789448
103892.067932946
103909.058597373
103766.418813432
103720.317995729
103904.228012133
103834.04928083
103842.26074322
103919.094162778
103731.083548572
103911.138861513
103586.786685266
103914.384564979
104037.405306802
103654.760742245
103847.939847612
103930.625011603
103727.493439395
103835.722621909
103828.995201004
103916.163787219
103966.752122156
103796.768824559
103887.035037599
103754.388526778
103823.46302641
103980.312484788
103776.564220607
103871.451336827
103684.243099423
103894.059078178
103727.671382216
103827.892281308
103866.339072683
103864.810157094
103729.181453938
103886.511480627
103921.295367278
104054.230986383
103671.813803209
103731.280283574
103810.615045957
103721.237970207
103861.944326128
103744.85346357
103950.578044312
103764.493683215
103660.934755021
103727.053843983
103897.673209238
103717.338328995
103809.378239152
103767.217547474
103867.098435456
103756.686705521
103748.67294513
103751.428522145
103665.143973329
103668.773642036
103669.990816318
103865.346658591
103929.516310943
103734.478974722
103721.090858886
103856.749349689
103892.701430652
103942.407868109
103858.966715242
104035.680923263
103886.207028388
103700.962872613
103893.239699857
103821.382788828
103691.256483961
103984.621383948
103995.500626063
103978.43755668
103693.590069957
103805.425234992
103823.497687979
103904.766354953
103685.579778498
103887.933152029
103643.316502336
103876.383132294
103953.120103214
103883.082375413
103745.959190669
103801.119857129
103894.329084839
103875.250740069
103836.163529154
103809.323660791
103679.276847779
103911.51228217
103770.282186267
103977.015060984
103865.68602527
103871.06372976
103843.373711473
103945.910962238
103751.490935985
103775.856615198
103800.265689547
103692.913903574
103888.308935184
103726.585085087
103721.050453228
103663.141256956
103849.736635635
103741.497286379
103796.403049306
103887.502638629
103812.825921965
103765.589546538
103717.676382174
103862.064889202
103829.35324623
103890.494393658
103696.521419104
103849.163592622
103777.16122615
103944.922610752
103967.086824082
103571.740256278
103940.657079633
103723.244305766
103701.868084095
103767.556655225
103698.023502717
103806.733919672
103777.283309761
103792.944268569
104005.645649866
103687.196552312
103938.162891018
103788.727204382
103744.856841008
103685.434596546
103722.011089576
103746.251235868
103782.305358143
103978.500037464
103812.246258538
103724.808780533
103691.131431008
103935.00647006
103854.353934216
103795.95490679
103879.288822395
103688.403326384
103975.446584681
103803.192965697
103893.580257178
103790.872084691
103882.871040069
103982.898886246
103787.184895046
103781.292355973
103974.350419945
103921.038034117
103642.460822924
103785.008620337
103601.789514813
103777.079596883
103976.204120084
103774.459085806
103585.226941599
103878.868525964
103873.911549007
104003.039384833
103755.905660702
103812.042023832
103904.404054899
104014.818535682
103683.640621621
103901.429294682
103976.846632339
103916.934668804
103863.592360886
103931.757747816
103802.33437737
103670.443835972
103846.591872048
103958.128715022
103942.092001223
103995.302846266
104005.787233051
103750.729953752
103720.977158006
103801.217028612
103935.465876832
103831.968045409
103700.974723802
103748.249226119
103865.7860725
103925.531155191
103810.921077988
103832.747697434
103868.560324247
103894.990869615
103591.03921947
103779.473456589
103816.890519933
103895.535109568
103927.579584346
103780.889230461
103615.020375548
103833.747911977
103701.96975829
103816.441325191
103857.242591392
103772.920226581
103856.151429919
103975.816090053
103740.28331239
103792.932118773
103900.544254122
103917.829741466
103884.824449747
103808.644786494
103791.108414637
103776.809240029
103746.002367416
103759.581014695
103935.634682607
103917.573487479
103779.172977336
103824.095555416
103881.649007946
103814.520680879
103764.842311754
103717.572235945
103987.506976354
103777.401178133
103944.143404667
103768.79715615
103815.701926868
103664.060976946
103642.971424829
103750.984891913
103707.437922396
103835.489014321
103866.241082043
103660.047326323
103753.162170617
103845.367676583
103909.898664904
103981.881369559
103901.572546263
103873.079537867
103735.175486272
103718.321662406
103695.57013083
103938.763790458
103671.078089544
103779.877751505
103689.649719614
103731.440586847
103868.222569356
103789.223249113
103765.940845486
103703.665685593
103781.049112693
103960.621829051
103940.296932202
103787.286538907
103951.826038836
103674.835585588
103717.578733267
104031.484486472
103786.962764638
103693.656337793
103955.068183039
103725.566807162
103832.943868999
103963.521675408
103619.791865963
103690.320665842
103834.696504984
103825.695909118
103868.389658487
103881.466763983
103852.569300565
103747.882673199
103937.70303641
103738.394906424
103727.859086338
103778.695122075
103955.509539253
103751.50985306
103842.404370398
103958.337470151
103919.51448946
103656.175424389
103799.569287357
103792.920375211
103642.60622841
103909.079151023
103750.071414935
103736.124078884
103853.46262989
103723.74695061
103693.701949101
103894.816480002
103779.257909212
103915.36293449
103877.013260919
103887.9882118
103661.949537745
103707.61654047
103883.989796627
103703.794715808
103801.308896802
103757.758344246
103763.272144911
103720.336474022
103671.876170618
103896.056938614
103627.595361988
103658.099553154
103944.576400264
103888.795753154
103940.751161219
103741.356603902
103713.38519923
103621.235937996
103912.885987522
103852.999200418
103770.116175603
103648.361474309
103646.866992134
103790.813963152
103802.339933181
103781.929408564
103650.898767012
103807.606290203
103931.380467224
103883.523892914
103692.246199634
103817.458343185
103866.850209595
103955.882139893
103951.531998752
103726.457531548
103886.932622978
103881.825634137
103909.561105993
103896.905844615
103753.894528401
103879.607428869
103849.919547475
103870.118222239
103726.439807008
103683.664912731
103686.522697181
103638.315408266
103842.211975811
103855.52901061
103721.613473366
103808.920623637
103787.358325529
103888.115506861
103845.650858716
103796.964711597
103757.512436232
103892.353981824
103969.765048556
103882.151381616
103737.890824898
103837.480885291
103779.207215406
103869.063806372
103819.666214688
103853.085872023
103656.154171664
103854.96952368
103658.670365128
103726.649174557
103942.896166646
103814.957310078
103872.955427751
103928.03071147
103856.389806388
103786.369866459
103853.546579068
103912.544545926
103765.23636764
103758.983897741
103814.703352523
103857.156889897
103786.531910121
103778.616118514
103597.233259171
103687.717525374
103985.685724768
103666.418587041
103866.826952371
104052.683056814
103785.548609743
103891.236794824
103685.122731647
103873.48806565
103918.89925095
103932.746449795
103756.159999542
103812.989409483
103697.936177668
103835.427660046
103941.205952066
103914.937815671
103937.28153095
103832.063268081
103700.240973213
103808.708594404
103686.710777409
103784.348510843
103907.119938182
103760.715429817
103755.860274862
103792.112637029
103945.372839282
103940.783592217
103767.51224902
103997.936108071
103989.775050492
103890.433405387
103865.05441228
103757.329815975
103765.520056615
103863.71422074
103990.666843223
103737.916566245
103684.558322725
103805.306550356
103702.587511117
103673.025586083
103969.338998915
103967.687519942
103872.946982922
103746.25548044
103988.28562439
103736.463204348
103813.644430112
103796.095295852
103660.564433301
103785.491125625
103820.01755426
104049.141114331
103888.326142464
103693.74971325
103904.031980278
103993.528942223
103716.334717071
103981.802915774
103886.223309917
103720.431500944
103735.044553588
103796.479154279
103936.284944866
103868.682899169
103874.829825436
103882.568198567
103705.528901674
103682.970767571
103922.061772616
103711.450079316
103866.709237234
103883.786564331
103683.057939684
104029.887754166
103800.57988898
103916.174752954
103744.760201594
103819.669792283
103873.674250436
103663.657958333
103929.926417025
103848.005020909
103880.778886881
103779.706143803
103688.996661461
103754.141232169
103763.012669582
103787.946661523
103804.042234893
103891.478493563
103745.367799429
103686.360092703
103811.149770234
103814.168659387
103877.953357282
103968.528826675
103849.496615088
103801.835164652
103863.304836443
103948.838580112
103784.32426704
103848.689424223
103701.821780687
103814.540927614
103830.003008793
104106.806745624
103612.254945124
103867.335232636
103809.140467504
103991.39138698
103793.273007799
103958.223905809
103947.987282661
103957.727783638
103915.380944312
103800.315482196
103752.17304254
103915.17284254
103746.951952916
103817.601322547
103938.452905785
103763.735489705
103966.98269114
103795.595344479
103719.620973794
103760.633607298
103913.712961624
103876.904466937
103822.997865024
103826.983259247
103702.431303372
103711.067386416
103833.550986911
103731.266374731
103810.247547335
103817.389457111
103904.028266339
103891.264401996
103913.727997139
103783.618138374
103858.819902508
103936.504509504
103867.452211236
103746.504449656
103805.208493185
103721.144916283
104015.293763931
103843.003315618
103888.231636598
103975.430185425
103821.563023065
103896.884424036
103725.768893742
103821.829647688
103772.102761941
103808.822161194
103858.220920137
103714.021553753
103905.126197461
103812.609871497
103861.519867488
103730.980161733
103873.737529725
103812.383558562
103918.610631935
