103647.542771993
103869.1834722
103834.354588666
103865.486560417
103834.709637386
103904.334537334
103962.371212206
103835.502494799
103749.381462773
103854.695736283
104005.218585464
103800.104027896
103530.91016308
103650.396395735
103852.183800093
103761.722083978
103900.496080116
104013.960841695
103813.797002348
104008.912153768
104036.431204764
104005.76411333
103795.271290393
103605.283616172
104050.830124518
103977.780911521
103667.604435507
103715.914516747
103950.089868901
104083.857178915
103839.808583608
103811.298307978
103766.253356082
103885.917126167
103830.207810694
104066.133345801
103814.122537346
103784.89861261
103840.127436631
103697.561081887
103723.406244977
103835.519027107
103865.317876167
103923.919896091
103791.393359484
103736.045780245
104020.922852462
103923.850460557
103949.593789837
103594.779931773
103822.66335105
103985.478183583
103865.274995962
103953.572165602
103885.362122323
103819.920698493
103905.96424413
103842.430547106
103658.752950989
103732.641570218
103881.137066328
103814.823259046
103907.397374633
103795.663174918
103824.599055913
103799.579053065
103690.068352829
103935.915322725
104094.395375252
103865.71050692
103965.2297954
103908.6160447
103822.929288519
103928.69853794
103704.888139469
104034.430910774
103755.660689965
103828.803210886
103640.741333509
103829.138836494
103805.667882407
103871.822243954
103932.614649685
103975.403876661
103888.871059633
103789.00117502
103813.221464148
103715.174823331
103772.424916962
103896.284867511
103852.417546302
103874.354209056
103844.970340155
103939.573839446
103790.850441197
103725.199252102
103868.321595855
103955.512384871
103824.862946216
103879.459156119
103843.898346293
103784.172361518
104097.02664939
103672.683447596
103988.252278487
103851.416258688
103771.766059524
103728.233419829
103629.432166614
104068.272581049
103892.142141508
103924.925369848
103760.659855328
103874.235649675
103987.408599393
103782.266839376
103885.449139664
103795.25204961
103959.817779056
103677.564965685
104143.581008688
103665.027706553
104013.078442376
103868.035361702
104020.082164204
103717.868054762
103694.297088594
103784.187481021
103980.450490051
103854.993082711
103687.954837412
103942.540044938
103810.517099616
104002.271505335
103987.741822319
103803.053512705
104054.978238393
103703.681793564
103658.598815681
103671.289770301
103726.608861592
103911.481065519
104009.526390711
103786.42509698
103909.827269307
103707.658914604
104091.173066676
104149.811495327
103852.178640369
103871.370707716
103953.387243636
103847.040979533
103925.483196486
103610.369059984
103876.229837499
103818.752011915
103820.621720186
103636.853814988
103936.293889174
103770.522909289
103685.72248772
103953.270476379
103797.799587448
103730.811427813
103709.63244823
103789.109759852
104023.796833017
104068.151597603
104009.592601892
104043.477801553
103843.740096792
103673.491827111
103767.415526401
104022.703115428
103763.730164168
104043.366941856
104026.989328926
103904.611752017
103891.674214182
103953.226576152
104025.136763485
103829.9132381
103854.754924906
103734.444771559
103962.300382387
103723.250509223
103759.703283001
103752.453548112
103755.653142723
103832.253932267
104007.251132484
103805.215350863
103834.429649769
103940.475801361
104033.920228262
103743.726390307
103930.003628158
103682.653907798
103850.962259475
103859.771841236
103760.323997146
103972.194587705
103646.959670582
103839.049679304
103856.859427379
103956.448644286
103808.071819371
103686.661288413
103798.493328546
103813.019021289
103699.79102318
103941.793224824
103629.010019689
103846.742826216
103744.7068892
104001.379192684
103981.468012678
103979.919770198
104033.844713452
103890.657031188
104010.179907168
104164.198181598
103802.814685849
103900.443037906
103913.601495738
104048.464377138
103836.707812627
103840.339807692
103778.763498546
103988.039052934
104040.319162065
103985.011455287
104094.350226087
103762.725688631
103841.763678536
103945.514377742
104012.859497052
103832.137159293
103648.751038578
103805.449382112
103859.921244113
103999.710971205
103972.644344043
103948.885520592
103861.929443062
103913.183611216
103703.298872319
104051.286920467
103779.37679761
103745.761012491
103933.606429806
103850.052037407
104041.075109764
103973.533122545
103939.198418536
103770.307090837
103787.763051834
103818.857922263
104003.735868772
103849.41610764
103751.497849867
103944.278913033
103633.353058682
103641.331072762
103735.84618089
103712.165198846
103803.614555095
103961.009707933
103995.165666621
103857.044610448
103973.911665054
103746.376301788
103863.52138653
103787.463611947
103692.427951188
103766.030553412
103845.265818591
103712.517213158
103946.143808509
103752.843623598
103829.652721182
104001.475436415
104121.775281942
103807.071083204
103803.324011485
104094.233445582
103977.536623851
103982.457715579
103808.132918311
103916.644837474
103937.232466147
104048.254494235
103922.943246921
103936.621983229
103823.448019349
103808.829453403
103887.483622467
103767.472763279
103714.913475612
103880.087500965
103779.529297747
103829.157951242
103726.700935423
103939.138111217
103999.611370767
103705.92383882
103939.631842212
103935.153540937
103814.324730518
103709.61698184
103820.55707092
103741.615660924
104023.522671582
103988.399527168
103750.424174412
103712.524114292
103807.691900682
103683.95139855
103912.1696045
103758.933916724
103783.718661995
103949.571933475
103792.028470492
104011.025611705
103882.742739243
103672.137719257
103552.134183864
103978.991453536
103772.970138054
103892.264201795
103935.319012259
103738.512514127
103741.069597761
103763.066380944
103892.590950496
103725.30272821
104084.53957657
103670.636063642
103662.623558972
104019.44973669
103758.939310408
103677.693518135
104100.956003122
103877.806615352
104007.942210962
103879.396266375
103958.343090888
103973.575863984
103940.540493024
103851.250327435
103659.034580414
103933.216242329
103746.222314911
103901.30419306
104075.884765164
103878.300633238
103901.924288372
103828.8244267
103982.288355135
104119.092687221
103980.182472366
103847.091792575
103702.11499121
103812.112986084
104054.967778164
103825.855005987
103763.612453603
104049.407337976
104008.628883422
103858.790271676
103926.985511766
103888.608307066
104020.543510315
103784.948657146
103864.969495342
103947.380789966
103724.624319696
103898.848153534
103820.249202738
103797.823876619
103942.975678008
103728.44861782
103844.540623106
103961.570757015
103861.833572032
103900.773686875
103748.170595027
103711.945519952
103935.985583308
104149.647101858
103854.572414989
103878.206526354
103927.249328609
103851.485029555
104039.580159811
103925.645594327
103650.564347729
103640.144665448
103864.183531385
103887.729023624
103895.523693444
103807.060937931
103983.568925971
104042.075409116
103806.808887419
103736.676385385
103645.858539745
103762.260882681
103860.728779298
103773.890018277
104076.642493402
103877.64441324
103927.865259873
103982.372648577
103919.222576174
103719.256567331
103890.932573274
103811.302147209
103821.798092667
104164.000466403
104165.220968181
103906.933940286
103923.360074261
103645.453353556
103816.988712458
103831.371727499
103865.38744967
103783.879884804
103795.553641791
103728.62260289
103692.368988526
103840.613851453
103909.064432731
103693.385780835
103704.208389665
103769.170396356
103770.136088549
103834.540759768
103695.72652478
103679.342443006
104013.229026894
103902.683165315
103911.764616296
103754.848864462
103699.172640284
103763.166611722
103726.095319604
103783.300181291
103874.998953104
103976.601544004
103927.733165908
103926.024399468
103819.790703039
103739.722717172
103984.108153655
103897.769082727
103835.444429667
104073.128038077
103791.099960996
103710.171498128
103797.012058153
103913.121737864
103932.319913285
103853.912601917
104008.783533119
103828.185909795
104040.351263081
103986.524925822
103850.939555488
103864.890714542
103789.751248367
103645.454587616
103979.528477763
104050.341983052
103698.240006422
103814.655682807
103774.431515497
103839.423240364
103513.307054181
103748.433730163
103969.763204139
103817.389115635
103897.352086262
103883.86207708
104036.555686859
103881.874467762
103806.354662574
104011.700631735
103775.149210318
103744.658149498
103746.171342344
104012.976649094
104014.791134925
103857.038158344
103915.780513317
103613.454239127
103960.721855309
104081.483717438
103842.784628185
103867.305936142
104011.819401854
103792.487731012
103736.355838294
103951.055660924
104114.250625651
103810.412015883
103765.306404337
103838.692142749
104131.23923785
104042.510725258
104000.282051625
103967.599959666
103694.420992235
103973.012795442
103895.572122723
103802.716800419
103685.339723234
103811.695528716
103648.324473774
103912.745114088
103732.89821689
103663.242815194
103815.586283964
103854.549546172
103935.26765203
103740.990795277
103847.805911117
103853.710607881
103776.46133461
103722.987992207
103754.649633833
103878.016436133
103806.212762905
103896.633218838
103896.25809731
103726.934426649
103904.509670362
103672.102640642
103793.914422684
103786.247502527
103817.935004069
103916.821756174
103732.087864882
103867.975672753
103771.364998
103657.857110636
103964.227093124
103850.990776297
103705.024657996
103910.387374514
103604.140720454
103812.903494341
103746.076288153
103784.886540055
103811.487380237
103861.130631456
103726.663680629
103995.629152406
103743.077924565
103893.93519556
103904.160394158
103951.875961041
104070.492482068
103849.137967163
103865.62745601
103850.416745737
103881.095911247
103955.896250441
103722.482810025
103836.674339305
103863.816336756
103737.722325547
103708.443170996
103906.928117546
103959.521739955
103655.869123549
103795.708433229
104105.02465951
103753.755773363
103894.637271182
103837.760758897
103811.330760287
103825.829477585
103768.413680757
103850.321163587
103631.045749796
103923.711986707
103844.186980798
103947.33351867
103772.349142441
103824.464696019
103909.890748638
103773.453947711
103802.287600068
103609.346784779
103845.208963018
103757.132325724
103907.04825291
103813.691835053
103776.256964252
103725.578279057
103779.911326114
103797.432762424
103760.634607559
103747.990687068
104026.114731998
103877.821512496
103829.126641898
103926.194084158
103898.829586842
103924.115457029
104139.284172539
103678.877268818
103862.75164842
103932.737474375
103553.464131461
103909.007935663
103659.155650943
104100.181901858
103751.547823061
103669.786435384
103782.821294432
103757.103903583
104020.81053409
103850.97513934
103701.419486717
103864.213423272
103928.818945226
103837.94297118
103697.463053622
103732.838918943
103983.778296445
103797.908786838
103758.776379204
103900.289164159
103904.339884358
103763.04727042
103818.041410094
103815.600862325
103924.167321656
103825.954308461
103932.662902343
103956.683653518
103867.673696734
104019.713799906
103941.351696293
103996.621235385
104022.486982113
104040.807958361
103971.145603061
104139.879124196
103943.793170149
103824.92026105
103794.244429315
103762.360682115
103774.385548163
103867.046335407
103873.206065773
103894.389155164
103855.146648373
103986.498544516
103894.43335122
103894.018530649
103938.059158322
104042.62683885
103812.519882606
104122.438252444
103720.22060868
103844.608150312
103768.567104594
103950.277355971
104009.71499605
103969.411993489
103717.314179336
103843.215978299
103834.008302971
104065.24808304
103876.93748802
103987.19639461
104050.937303202
103729.286257849
103619.940969369
104052.422536363
103813.579671598
104041.275140615
103960.179041071
104211.11698217
104006.745363233
103790.691022239
103874.764050632
103798.58190668
103776.64355816
103871.186439541
103844.150238157
103913.443807065
103715.135893785
103737.036382588
104034.107829083
103887.023221834
103881.279912495
103643.74441225
103724.625946014
103749.543075533
103952.801100221
103593.150415755
103895.353485467
104027.4935472
103821.036609531
103845.275905916
104220.644653136
103672.809067537
103988.19353673
103999.827371779
103803.407752368
103666.546352397
103930.970594285
103757.079000215
103890.90149392
103780.99752768
103745.982376317
103748.466568924
103755.247275786
104189.316619138
103887.434203509
103701.877856859
103718.29505185
103807.36730995
103745.870554161
103978.338389998
103853.131451893
103753.468514587
103777.056471572
103749.930911597
103898.38015435
103913.1000887
103731.613144639
103865.401798668
103876.637961204
103971.954883415
103839.085214476
103766.888072094
104091.874292873
103788.653128186
103694.131451447
104043.7177371
103740.929730398
104089.283324282
104094.802508975
103940.485522954
103755.250563191
103856.927197505
103830.241809109
103723.88207887
103901.310322076
103905.042789011
103658.410415295
103851.905708264
103697.994892653
103830.667677583
103859.959461593
103918.903145353
103727.224474475
103776.158035272
104008.448681948
103710.58788905
103714.349270538
103689.839551375
103806.392630138
103865.413742127
103945.997765488
103815.361959616
103607.695233107
103840.647570291
103850.710222484
103790.542636054
103898.582790001
103800.129838632
103899.309536275
103871.406587022
103903.748490642
104071.136729686
103946.734254181
103815.315668441
103698.822867652
103641.932443326
103937.916657912
103939.70693532
103675.383437106
103671.077280726
103746.814940236
103715.082804278
103826.684430673
103986.905893763
104002.960704243
103800.931712769
103888.893399216
103821.726756244
103922.163101747
103731.042039606
104023.240783798
103769.695260206
103930.980856372
103920.203174244
103815.73838605
103921.796652622
103810.738121754
103849.919784948
103902.407237334
103856.761111484
103762.442718085
103868.045430109
103724.388163582
104042.024796576
103920.171555122
103761.109460476
103741.156403477
103735.3985462
103907.179923669
104148.809024033
103666.656711229
103901.729140408
103877.321903577
103826.452862909
103990.374816888
103768.173881067
103918.490236357
103939.956120203
103851.586041953
103822.821201499
103748.355640134
103750.512111786
103748.017097973
103900.66783705
103842.496407848
103949.041185284
104009.578300547
103885.747918204
103879.217817317
103978.38467432
103854.866446524
103993.436171365
103691.819191405
103930.857165043
103834.782939662
104070.106159977
103994.151563573
103905.331609616
103727.273433448
103717.707086101
103887.674708349
103680.9975281
103768.026284082
103881.824793018
103865.192469709
103831.123685261
103886.293686709
103817.395112938
103840.926691439
103877.709314907
103887.268202444
104014.146262919
103881.570362886
103890.514428899
103796.308008191
103701.255839233
103902.401295192
103786.628408221
103569.079044042
103603.272942896
103752.842572452
104013.951253512
103783.191652528
104009.62640102
103641.757366229
103782.612054041
103626.190111374
103755.870432593
103794.254947311
103945.809545339
103737.102888622
103612.878286684
104064.05165837
103620.864867209
103864.670806113
103921.755981343
103913.88437326
103943.812464321
103883.421334283
103716.500613467
103593.096343696
104005.724914428
103798.913820762
103728.10983687
103641.792877417
103986.686687778
103988.995348048
104006.029483077
103918.224091886
103921.799988035
104071.152957466
103631.882364728
103983.344096271
103807.200318635
103757.771372356
103725.806600183
103805.948159955
103828.667795067
103803.66309159
103783.062771679
104013.750888033
103926.308050982
103975.039859734
103766.211617679
103746.400666147
103917.837563275
104045.445730429
103878.837450221
104026.266553332
103790.789346323
103799.54445652
103881.952519219
103754.353958002
103745.376846636
103824.244549823
103895.791022389
104121.137774315
103772.855732949
103935.462390295
103969.375651517
103872.012654705
103843.523851319
103681.564718291
103695.914101742
103852.666227091
103620.536986742
103793.127504634
103903.028317197
103861.159703873
103764.181763684
103753.05673588
103824.981591113
103772.654534311
103989.908588834
103929.610169878
103873.599598081
103833.458463792
103647.344316264
103787.176051435
103690.204244503
103861.202132441
103755.821455045
103851.379326775
103688.203231112
103914.836662987
103872.681016926
103813.587508828
103687.643367813
103870.187494842
103844.138032752
103962.119047518
103934.257936378
103894.940618277
103802.113916132
103943.056521694
103703.191567637
103858.09751683
103856.161756683
103598.9374445
103852.606004292
103943.710575325
104058.18271362
103744.545586251
103899.28780716
103870.724486285
103960.509989642
103990.16734017
103809.857815091
104046.35053909
103906.29481483
103828.198960585
103865.780716215
104016.907642145
103816.210357044
103824.422461344
103912.1208174
103859.548546341
104010.617265926
103892.498330304
103937.369316409
103869.582636581
103837.972262418
104001.894131878
103963.590946212
103876.242619387
103937.387409657
103813.147490685
103991.599636588
103733.588605724
103845.202863498
103749.966133258
