103666.227581378
103726.109390272
103870.852830238
103811.783644856
103911.226268582
103786.555567343
103771.226246954
103707.215291735
103963.19047807
103753.742446658
103690.221439849
103748.33551552
103804.565550229
103803.410666557
103847.660532237
103725.298615555
103781.678786739
103970.682285955
103942.81844142
103753.689383894
103693.743925101
103895.217961342
103837.683981568
103735.452892714
103782.521098442
103810.670162364
103872.928616057
103914.089148974
103872.841906992
103834.997782286
103978.267457701
103771.327876601
103728.192511148
103762.105186537
103743.544441862
103947.685605222
103752.343262619
103760.919502705
103741.457765579
103869.018317762
103927.873629165
103724.961201818
103773.325325455
103786.434237361
104016.015938696
103984.097623863
103832.800422782
103882.459693184
103738.140639578
104028.152883036
103822.232755212
104015.723052554
103750.153823955
103918.892776841
103844.044113801
103780.350641805
103980.020388417
103767.304442379
103803.15869441
103893.586174263
103770.377512322
103788.388271011
103703.629289712
103787.076001274
103773.814065879
103767.081450063
103773.473729787
103746.237242682
103842.130576296
103950.263598747
103630.202197762
103958.802883099
103981.707152583
103943.759406623
103695.563136706
103703.982524729
103761.632400506
103868.686976571
103720.560468946
103705.441889525
103803.084523093
103902.661796255
103830.614949493
103708.522083676
104016.138867477
103724.389548926
103962.505007691
103795.142019577
103770.334119949
103920.512281045
103718.988962128
103891.824444558
103840.333919358
103727.611719454
103698.417246194
103711.96474076
103699.13093188
103779.427759773
103764.008540026
103941.516781807
103710.892683592
103815.421660411
103717.878737035
103798.917125711
103857.797263145
103958.318611981
103744.28876568
103844.152822984
103804.270319353
103728.116252208
103811.450510569
103808.651325731
103694.989464737
103792.940697733
103779.431301512
103763.688152741
103736.070123011
103733.61719864
103798.92349839
103937.460056529
103937.032088633
103695.388038228
103942.12772483
103741.585010346
103928.295608567
103809.055185658
103810.061003134
103974.381894824
103769.309253284
103697.028791342
103832.195450681
103784.689242084
103951.312118886
103955.538514862
103727.803057509
103732.975098934
103701.142595955
103754.390311627
103772.399444585
103830.716941424
103755.720653981
104048.134210093
103790.068051543
103989.12400673
103753.986365707
103810.739710287
103817.603093253
103845.899059076
103736.314570343
103707.532014206
103734.528356135
103804.024561448
103779.621463139
103771.904632349
103926.229870535
103796.82236835
103760.268873341
103958.059961883
103689.244747218
103916.675962531
103746.521189832
103736.964662493
103744.21763622
103787.867589054
103807.370609727
103742.180339105
103842.770505363
103793.87769798
103764.035355485
103811.801934507
103927.051026889
103939.431453157
103816.628231418
103778.664879923
103745.198103
103753.560576799
104001.687396505
103748.271471955
103723.858968444
103923.772789251
103759.287563015
103932.669642561
103974.377723025
103939.691647024
103791.172176292
103745.177435297
103769.272504548
103766.715188732
103699.055718957
103884.135323358
103700.523177723
103683.486490191
103736.248696407
103766.555606133
103744.108081482
103857.916402165
103698.019315065
103781.300704559
103705.255998049
103848.526315176
103830.112625589
103836.053264819
103855.227997445
103736.191654539
103831.534741663
103795.294622714
103723.672304651
103733.259497457
103757.478478322
103876.299376956
103719.381130726
103925.101558989
103761.585166187
103767.752211301
103880.727543945
103800.796324041
103917.393046439
103811.491687231
103774.802693031
103880.663132845
103851.073429076
103748.333646064
103772.795362165
103776.964250858
103746.836063043
103940.965347662
103791.32461295
103899.061984322
103962.145158318
103779.683897855
103695.667299731
103837.964667201
103870.740076026
103962.745936708
103765.573807158
103747.357163178
103756.170947089
103725.741763471
103838.510911125
103761.045345003
103838.210105163
103728.675529984
103766.927191583
103795.79841467
103893.077145751
103934.262088415
103747.990962899
103929.933798333
103956.766295633
103782.130504191
103816.164863378
103929.753413969
103676.814750495
103726.887642833
103701.640119529
103925.507183562
103757.709364933
103748.347773288
103791.988976328
103804.066814573
103946.491837399
103800.716931906
103806.464645893
103742.175693698
103727.615321557
103723.529773919
103851.065507975
103774.19706962
103898.865309392
103985.130902773
104033.594164433
103981.979216166
103802.990177831
103767.125484977
103752.898142485
103839.725947774
103801.434982757
103791.693753051
103931.347811553
103951.924454387
103923.620480613
103751.386919334
103852.388476362
103767.434148384
103968.061192456
103837.274384851
103736.141291568
103900.147837799
103745.260392768
103687.806691337
103892.601665659
103757.707228949
103952.387436378
103734.308452301
103873.684313687
103735.396520536
103783.774301698
103761.465729076
103824.632055968
103865.561995806
103804.733224063
103794.057678429
103791.05959684
103865.74032302
103974.006579568
103763.434827608
103718.88365041
103762.127737984
103770.992281532
103684.925452659
103858.224437161
104010.081870533
103876.719081034
103754.676372306
103818.386826392
104023.014881703
103754.34245977
103716.308308651
103781.82032216
103994.430295296
103741.378764839
103984.16987066
103766.053459228
103725.912624258
103801.583722181
103868.385564398
103949.376081858
103887.20890694
103751.627054602
103817.202088106
103791.101981192
103722.730073339
103919.466806735
103799.294074984
103711.677578434
103873.703628197
103933.721874298
103934.829579918
103776.818536758
103936.438027636
103718.908381473
103646.688250408
103722.576177589
103967.068523148
103735.481965481
103747.323530368
103823.899458277
103929.738790971
103757.981439239
103811.996429821
103812.60422201
103796.401079068
103966.621863426
103737.615889856
103737.156553096
103905.833380974
103812.655031727
103964.668977488
103739.552078105
103926.562754671
103772.11908158
103934.035065332
103751.878323604
103727.956559679
103783.473087015
103915.020886972
103729.146108236
103829.405145738
103824.237070525
103920.116155841
103737.837174381
103962.056052862
103799.770315949
103949.007782404
103753.651008166
103828.882778073
103903.406259344
103735.794273193
103821.252411568
103797.387535246
103697.353873716
103943.881652638
103750.688313861
103733.329360487
103712.777126127
103891.63981689
103754.90780535
103771.213734864
103717.14237228
103951.215782256
103976.864823984
103745.256465608
103739.666295279
103798.383656034
103928.372868158
103925.314675748
103742.573648879
103749.27566992
103800.0825042
103802.130616095
103946.465752183
103937.777794413
103825.602309625
103760.415137895
103802.342077042
103723.25507706
103820.808908541
103761.894367049
103729.035712269
103670.202939122
103937.991498742
103748.8680512
103749.433752737
103888.735438187
103730.196910653
103701.17731992
103953.800957466
103799.30507233
103790.144721701
103910.656088659
103784.540841229
103919.192842436
103785.676841974
103723.430766857
103755.941773552
103934.551527725
103730.423404739
103938.544552682
103771.152060853
103668.382753779
103932.711228797
103721.099236217
103756.537131184
103744.063525863
103736.388400593
103711.827634045
103827.199272023
103677.528279336
103745.475625867
103816.260504776
103769.060229642
103783.995357788
103845.30176428
103760.241480837
103750.823196663
103752.870294849
103755.22894142
103798.628264353
103859.498769773
103736.321456963
103697.558089927
103812.411562628
103959.801056152
103758.997999017
103890.425291354
103867.459075576
103818.230597889
103800.461483267
104022.862807496
103739.713456703
103755.122531958
103936.186176046
103710.174135916
103823.167864001
103692.407531194
103909.064681252
103918.013077166
103735.815925265
103762.134290175
103789.568866302
103790.728029423
103733.45196208
103786.162014285
104009.463067256
103844.50583196
103748.186675284
103734.674025554
103656.258500752
103667.815121336
103777.181533193
103781.375538041
103770.86585407
103710.333651174
103767.713554756
103749.223735509
103795.128439672
103873.827563175
103721.718011763
103730.067751292
103849.580997104
103787.379669071
103733.975425542
103805.054514654
103830.434358799
103864.800076207
103893.342048449
103719.510983493
103807.404947858
103685.455990682
103783.610085943
103845.456436773
103710.793831873
103662.526046826
103736.261472935
103744.14115688
103749.896178492
103721.181648178
103914.10702418
103916.636675806
103737.731359351
103837.199251916
103750.082548026
103743.514664515
103850.282581236
103700.566677606
103954.710455371
103932.002115783
103858.394626311
103762.76107702
103960.335800727
103862.0928158
103705.842737382
103868.335360637
103805.68901016
103884.179738355
103839.315525497
103814.973487017
103750.42304348
103738.026883594
103686.441788143
103784.59707881
103881.868785523
103793.732090021
103828.911125978
103755.161735325
103957.680210458
103738.936567536
103776.743805575
103760.090338502
103765.320201357
103964.547566794
103746.357726968
103716.471735626
103903.776852015
103708.679433376
103952.294808757
103733.667309557
103811.746759768
103782.031105499
103940.593079075
103762.049557739
103801.12204611
103781.162665614
103799.239461287
103854.183573492
103761.504320579
103743.231945771
103797.300799125
103903.168645723
103748.638740716
103720.927409226
103792.101631243
103747.877800738
103777.176661571
103736.670457761
103955.867087968
103785.383077162
103729.287877695
103812.360655859
103735.815119997
103752.632399426
103790.429336917
103737.300891504
103738.552908137
103759.806403621
103803.44495185
103780.86780851
103934.911979388
103804.748542048
103773.117570393
103840.884694927
103707.131245169
103877.09113598
103720.40666782
103911.251977051
103723.854828332
103944.315348365
103998.469348761
103724.994461915
103787.387139071
103756.403078775
103788.264345246
103818.062134747
103735.868073384
103708.454949456
103809.010585671
103782.944455294
103738.44479981
103798.091129384
103887.573917281
103754.436258294
103735.52941393
103704.722447226
103627.281039813
103741.853379759
103857.86671146
103783.04199501
103770.924995648
103830.31970828
103826.013475128
103955.306218676
103784.206630036
103744.225901892
103915.259956922
103771.306451932
103791.305002986
103966.642509803
103786.763130731
103945.373115023
103804.585261365
103752.878622207
103752.760974396
103785.265372956
103954.85849923
103835.608387398
103824.447467518
103921.745749835
103828.762692241
103946.875456333
103930.576255703
103738.438777135
103802.847561805
103726.939229587
103907.533863431
103753.017146306
103865.506562052
103801.033653388
103802.590143087
103704.588784677
103889.408490757
103748.847049214
103714.235157818
103868.700677804
103744.179199386
103705.444899382
103744.509976455
103926.938468706
103890.679352338
103886.599333973
103904.479921805
103866.382920161
103685.937464875
103790.203180605
103879.992587916
103816.896817305
103815.049119799
103731.080414537
103800.923087873
103852.007702681
103892.842875924
103908.418937026
103739.98250438
103825.107183319
103833.743275479
103724.28388881
103990.371041785
104077.95827179
103982.283512078
103903.770061519
103780.608752825
103885.277732364
103947.179241868
103968.442603684
103724.136751997
103816.600728283
103835.080670297
103697.038160171
103774.683190476
103718.008691932
103931.590607155
103826.518627565
103942.096916488
103834.986235829
103764.222180244
103768.128293618
103833.940048399
103916.385804286
103880.06911164
103725.491811358
103767.252950061
103793.384441064
103754.794509664
103920.615888141
103749.797823204
103774.5654735
103800.497214305
103893.518066771
103721.580831321
103936.809576204
103726.004712023
103891.171029987
103710.541257425
103868.785801286
103672.65756727
103723.847634188
103778.095022141
103835.571254198
103764.841916125
103735.894861364
104002.640932753
103771.907512074
103797.829119281
103967.541093122
103833.808142544
103685.46732002
103896.120802724
103702.934617414
103958.074800765
103918.194350646
103916.970105845
103986.432471454
103795.005128249
103921.426500353
103754.765368915
103971.532893591
103763.386557662
103874.235249714
103764.030436811
103918.466277348
103834.030120801
103783.856944064
103881.092261805
103783.026736725
103774.582610237
103635.140087216
103840.98382945
103659.46961976
103749.185327903
103807.546092376
103718.685010899
103750.548059936
103708.750842998
103798.480434048
103808.435856572
103774.843198078
103796.114188133
103723.600616546
103717.877544682
103652.647403028
103758.92674358
103816.367339274
103796.886860637
103746.537166843
103757.067221016
103785.983876402
103752.685223031
103736.738881697
103894.355157614
104008.68074559
103879.250902824
103754.900820656
103698.55942801
103780.727557801
103887.894511145
103900.262180603
103782.079078794
103745.422788548
103739.232561164
103886.559788398
103820.998527077
103768.278469621
103674.457343812
103929.630751516
103744.139011987
103860.045526842
103884.364925808
103760.395655037
103954.547769568
103795.752540617
104022.42912122
104000.955277988
103814.143827613
104008.622407581
103769.457424787
103892.508522077
103790.037751306
103829.011674252
103698.57010935
103776.832146075
103982.456976102
103731.83240353
103766.645183088
103898.895297824
103883.923300094
103808.284725838
103793.541432809
103933.510766623
103913.474448475
103752.117011078
103782.568518459
103837.849479218
103723.809798806
103941.441488352
103972.08093877
103736.142324488
103784.814117494
103715.564659193
103856.408142834
103926.096694353
103844.615845606
103811.174718984
103781.493971595
103770.190158264
103780.076816214
103944.618949004
103732.63787604
103923.843230505
103764.451971708
103713.609896665
103914.439022664
103806.928142325
103754.180030159
103918.153642026
103834.5855718
103800.457563405
103925.909933962
103684.999456529
103861.578012158
103752.076659595
103841.409613622
103780.479463479
103779.262339466
103732.003812385
103747.649602005
103686.389967492
103764.438806145
103775.986601695
103999.652874475
103823.274575031
103752.977087472
103737.763243917
103754.741569263
103870.238022326
103929.904617564
103771.733318982
103742.261356113
103801.764384202
103767.89949104
103789.401838162
103968.552197266
103782.569043204
103977.82983629
103777.208117204
103826.854945238
103782.885941577
103877.174128324
103724.894534628
103780.353305115
103725.392533422
103864.582063809
103805.426494481
103791.834904235
103998.094851534
103932.503468518
103693.426294784
103866.870110723
103779.415663745
103888.722616404
103879.93138178
103986.025220429
103856.376638759
103783.646250254
103743.403533738
103759.462318083
103858.424641166
103835.611513165
103960.075715549
103794.302785114
103838.737411668
103695.084218938
103705.311924783
103784.224815484
103706.202782625
103759.698732558
103931.206947463
103737.282523208
103704.953633626
103818.987974999
103735.813623717
103954.259403742
103986.689864119
103772.28611249
103772.10766599
104024.281271891
103788.157913568
103771.976742334
103799.506804229
103838.989048834
103840.480807499
103750.715152994
103946.458670134
103744.36675656
103720.068826353
103801.292580989
103758.31264684
103930.473456974
103756.247719548
103937.339349635
103735.894742893
103993.6274619
104010.089567971
103724.07221752
103760.188202556
103783.729199235
103805.657489348
103736.8243757
103759.426578282
103901.854019655
103703.791650206
103778.884751459
103826.530344792
103763.698084614
103897.846556329
103873.02071185
103907.404200293
103761.051816878
103798.205526112
103948.614519369
104027.027232262
103729.192695713
103907.246747779
103822.477383125
103797.011262313
103789.522797791
103768.7035341
103807.521069206
103924.617704751
103931.890492429
103948.114112947
103878.249458086
103908.6454309
103971.674517699
103685.81454325
103832.113787516
103764.722032076
103970.51531747
103753.345648364
103952.321101725
103990.262114342
103734.816691284
103804.679820262
103763.972057132
103768.075344852
103775.95132428
103766.407531913
103926.569051599
103764.852155347
103849.386655368
103856.970061651
103702.864885241
103706.985379856
103706.338073439
103625.968630559
103951.776675632
103700.43564249
103688.838992853
103918.19094715
103829.983375321
103811.687431419
103919.682298711
103739.440632198
103850.071991338
103954.093642302
103741.918508785
103838.707430809
103742.223168473
103934.224261738
103727.422437734
103785.037024339
103702.520366408
103746.055229913
103777.034685584
103750.006203321
103787.202146056
103800.604747735
103742.231764973
103761.003565861
103787.576939761
103759.603201995
103982.201527132
103799.684791062
103914.697820426
103705.120598948
103851.020815031
103786.062892527
103988.576404052
103769.154149627
103861.122419085
103734.273811454
103953.528108649
