103596.396340974
103997.64738784
103802.490988464
103760.585411371
103964.069223219
104074.411296043
103796.767698269
103833.137428851
103793.848854586
103736.460560659
104056.28808277
104207.086857756
104024.520930549
103861.695913042
103895.512332301
103868.514736521
104262.581471928
104052.893964082
103910.746205573
103853.124227521
103955.124760762
104292.271468035
104216.47378877
104238.492647065
103984.215605017
104002.991070612
104230.418685276
103601.998317041
104039.114758477
103875.112998799
104351.700613956
104191.970281036
104134.981405776
103986.549205789
104021.057334202
104380.406744899
104044.687082798
104090.329996646
103898.456653323
104044.14560969
104416.49723523
104135.482181828
104093.412325024
103739.852983431
103951.364155993
103906.744846266
104430.665697941
104189.041266771
103969.1691552
104008.453447421
103973.687501434
104007.570039015
103942.364267611
104104.824977336
103761.624662929
104316.967282183
103899.670265484
103929.36845688
103995.130405567
104056.557881548
103963.364403729
103745.607605238
104048.135666704
103876.639341004
104130.242449664
104032.376465566
104037.002297644
103912.027647126
103857.671825994
104041.695247953
104239.576764811
104247.482445836
103990.966903834
104012.923241343
103886.7546675
104138.668497032
103855.69162515
103833.79293224
104186.057150473
104277.788842735
104003.292930382
103883.692502118
104055.439753001
104153.331777528
104224.073413844
104000.973409196
104065.290720534
103962.226894847
103588.299882739
103947.01829866
103901.827306341
104037.994677399
103780.221508765
104064.136374991
103973.933447467
103761.860128606
103862.418837194
103786.43423197
103936.18983602
104319.03637841
103737.405078534
104011.946853131
103932.41048536
104102.744454227
104164.622470133
104015.356640002
103984.320013118
103876.103199436
104185.421622632
104090.028327156
103826.289196864
104188.512665374
104219.447055799
103908.806631175
103924.095627038
103945.850618128
103922.577105278
104186.517581154
104079.874009841
103947.411928805
104102.683685412
103977.322914657
103901.99652743
104105.722072041
104234.406700608
104071.790874206
104149.154593024
103777.178036082
104123.999449917
103825.442919304
104099.260193011
104014.93695049
104022.345195697
104055.27210445
103922.357779899
103660.193108046
103829.801057749
104268.093888655
103809.984628901
103842.080228614
104094.52635497
103606.609346327
104029.280004582
103960.354486748
104366.181327969
103715.328720578
103742.113035654
104082.949793968
104122.809190423
103991.242108628
104177.637606457
104446.089561846
104091.761649346
104039.043160639
103931.969442872
104047.28446701
103965.291622103
104429.815615268
103732.625901776
103963.840384463
104035.800779185
103889.268829832
104417.795733795
103644.064164781
104017.38376566
103751.788547738
103962.794008771
103976.562353211
104076.250007911
103895.721152089
104022.89406544
103966.38870775
103749.911218569
103951.049111977
104209.626067092
103809.427691649
103935.371138642
104259.662624674
103660.530496102
104229.623491406
104097.10443826
103801.272659708
103766.045199414
104078.842932407
104033.564280472
103935.922908944
104096.966875624
103995.071422982
103922.4611635
103983.683190761
103836.789850932
104017.514030742
104066.511021133
104047.140911624
103997.671905426
103990.647494974
103971.992432798
103877.183152291
104162.493743018
104047.721039313
103955.844186385
103547.842995961
103861.399602889
103968.877454065
103713.388912457
104250.169397612
103817.047306589
103891.050358076
103956.26966516
104149.685555741
103910.373051448
103810.321833646
103636.078288125
104148.531840154
103855.022988663
103836.752695705
104153.438765221
103990.298222286
103912.583063146
104004.670623674
103679.913730945
103742.379316174
103810.665820414
104288.92083192
104088.630465859
104016.139727554
104127.643110615
103943.542316106
103893.945919911
104198.930278566
103897.000816421
103859.624800392
104217.109180404
104145.498234337
103860.279110546
104149.809830118
103912.736464355
104039.440463262
104192.840809076
104207.944471861
104387.859624091
104160.816952972
104196.88417885
104254.385765775
103789.363863974
103890.472168405
103947.374283197
104026.208555255
104213.190907463
103685.186242136
103739.048338203
104022.865336588
103944.638885441
104028.875478529
103604.538925838
103573.909926117
103825.273935691
104226.421159614
104059.492014114
103853.077612569
103697.265146548
103881.834070233
104056.70397545
104189.628502225
103897.241009435
103775.355421156
104043.491354956
103864.73932495
103796.274851624
103930.675013577
103734.08021829
103774.855423431
103791.359736546
104025.018937191
103825.391207227
104072.305950926
104135.063163199
103782.862241401
104164.594567162
103641.229306334
103614.106550267
104097.414596799
103888.0688379
104027.831594403
104164.817522362
104104.255511215
103688.526639507
103665.586681004
104188.768139407
103752.895859026
104145.562530294
104081.518051274
104014.261926528
104162.706421349
104014.323973525
103776.102246863
103805.513270599
103995.105770206
103762.709758262
103905.589420647
104012.094066128
104176.874729427
103786.848751794
104232.921405426
103949.675297596
103833.393579061
104115.2849778
104037.687043086
104211.334370786
104194.53752227
103847.721671045
103996.837838447
104098.466557999
103869.975910605
103775.122785346
104142.105762719
104151.057524173
104135.078252387
104208.024168812
103792.140068364
104335.268510471
103939.74711197
104132.446960646
104042.498566626
104091.588074274
104012.450860891
104056.891562443
104366.222931466
104093.933778365
104349.88620654
103929.476151715
103757.819962891
104054.224805406
104288.576085555
104161.116705061
103647.369472352
104131.367414993
104032.386949082
104129.35262744
103818.506878683
103896.153447898
103729.151802972
104310.779132939
104094.639909019
103960.04692524
104249.510232653
103712.509936877
103837.826166037
104057.844252526
104198.266541426
103822.509113497
103838.337033727
104031.726037753
103893.113737166
104223.160288661
104166.214806319
104196.498260273
103937.399595252
103788.553355838
103745.272832311
103892.699275223
104048.849625641
103895.711987986
104184.49007118
103732.534666207
103901.705444579
103745.316462669
103846.083719955
104218.445867537
103574.944979474
103978.8077595
104143.606849015
103869.919710248
103936.044444877
103600.338769131
104106.050147116
104142.671644866
103919.761871505
103836.356157193
103986.890841449
103825.156208613
104166.192343501
103422.895188331
103788.211356753
103907.148189698
104246.528964846
104012.103074775
103850.256088727
103966.576229039
103881.370230759
104184.236555001
103907.070731519
103581.665454559
103872.845650141
104197.539276178
103866.790911352
104046.946761667
104163.958074105
103952.901568806
103650.567412841
103789.04115582
104063.744698214
104063.765551233
103984.534753228
104031.730345769
103818.692258802
104072.325458779
103921.492260419
103975.599599533
103999.435095646
103751.082874393
103820.298111091
103945.97658636
103961.856003259
103929.40971472
103701.987937968
103750.091226287
104101.980092099
103979.169571517
103683.61426571
104207.116423962
104103.155184306
104248.989368263
104049.343231281
104069.128267426
104168.033371726
103820.40403149
103909.19589895
103791.280478924
104298.215148956
103738.770315691
104119.073317416
104034.196108467
104005.419181352
104164.7767891
103689.189893621
104282.606537308
103643.979455584
103993.86581747
104104.429927225
104194.805324606
103903.662871877
103817.541554358
103867.935701143
104052.673069973
103814.287348492
103731.231819703
103710.877810906
103926.864689684
104254.865907531
104075.263522766
103950.937610955
103853.41301058
103875.81458158
103689.509028948
103954.456080857
104019.296870706
104102.45769197
103786.809910043
103884.82728663
104133.807690835
104177.92859684
103998.916801172
103910.108536338
103999.305863268
103643.307013244
104263.919756372
103967.179633779
103933.020458202
103721.596556259
104140.900816945
104031.224638104
104147.312841703
103727.487545239
103988.524956774
103698.043148907
103940.547597717
103957.050221692
103961.959325593
103984.990943598
103745.185055328
103753.58186319
103961.409129311
103808.469648083
104165.271224963
104069.705109702
104076.168073343
104128.393016047
103936.210011214
104234.638338022
104116.813940199
103806.23918871
104054.192383786
104002.67213996
104346.398826705
103976.473569838
103822.0070813
104148.585377658
104256.694625076
103874.139638287
103882.918863454
104130.804514596
103904.533170291
104218.212898174
104052.575905057
103797.14452797
104206.216010404
103951.798384646
104058.785690806
103676.610323829
103918.335115177
104105.670145854
104031.153066569
103894.794349564
104195.904791552
103932.471556673
103819.583431267
104155.974728342
103852.265683245
104260.324162622
103815.21297668
104237.952631051
103928.548398995
104260.109952767
103598.161903251
104010.046013627
103979.227304014
104212.113774368
104226.396987607
103796.247300636
103921.481797708
104150.783406463
104048.198377488
104085.210728074
103770.040392239
104157.300426798
103837.351800969
103689.608749887
104078.237804385
104175.757208078
103811.459825865
104086.579227707
104271.055604668
103958.617924185
103995.941975735
103855.281699237
103795.97936092
103713.780543122
104364.041541082
103862.002122413
103674.280892892
104103.416243593
104038.904721596
103841.159600817
104077.8177698
103937.951651497
104076.524816451
104019.199757583
104093.647943857
103476.082458938
104211.338879246
104062.597869265
103485.428425056
103711.96685797
104193.154557459
104004.974320062
104084.732416374
103990.393061113
104043.200499957
103927.761339315
104020.366420034
103792.633000182
103900.166000185
103789.287122742
103836.372420116
103913.369499748
103872.647948916
103981.109142514
104231.214875427
103949.036113591
103915.328104701
103706.808019133
103971.86096948
103834.25146069
104053.045495452
104053.838304976
104357.599293133
104226.60104621
103994.312907775
103921.250406428
104385.011509239
104362.314632004
104093.050578398
103888.535083927
104069.102581818
103897.494176503
103927.598999739
104043.032619497
103968.429379901
103755.902488062
104154.579379164
104290.563988951
103819.39173478
103925.427183997
103678.291420566
104159.90388256
103949.494168818
103991.95958987
104196.272680179
104214.812219622
104016.727582522
104210.1475282
103811.452171413
103985.944741945
103973.559703884
103880.827251154
104050.275594847
103953.303089332
103785.493654254
103742.392203151
104181.933553764
103973.207675635
103640.956542033
103822.70494318
103580.101384335
104087.055666997
104248.298571531
104155.093581329
104078.373193165
104086.414509028
103733.03893153
104239.217842147
103804.107648589
103973.233686309
103979.795533145
103953.32303796
103890.735694297
104109.615346355
104051.955955752
104047.407198118
103921.912504473
103821.082847623
104087.173477743
104060.765245226
104173.776842472
103915.961261165
103711.567851558
103687.063786618
104154.38304559
104216.962981535
104002.322396642
104193.988293602
103774.413972161
104081.824808311
104254.496761682
103807.130484599
104352.954935682
104104.849184827
103817.941556808
104100.215093033
104122.014648773
104045.983765712
104232.975137154
104037.625105658
103855.457392065
104059.645359513
103739.336054446
104185.392408837
104219.902838981
104166.800652897
103960.616399093
104172.686879343
103910.243746673
104048.686332494
104012.843898129
104279.05176497
103859.666391449
103670.994630371
103975.149610038
104339.266372185
103811.956836971
104175.633065935
104187.980784228
104041.502321719
104129.386348148
103903.420492619
103975.369417785
104033.241480809
104182.72893114
103840.547932254
103900.454171206
104173.178776239
104156.065807573
104234.758964849
104022.735675044
103950.73837497
104005.496655733
104141.095862191
103969.657512199
104347.929369621
103831.321894589
103964.560837132
104041.179641805
103526.240885007
103982.372259227
103779.79941065
103962.440267542
104051.478131313
103874.087661629
104382.882850773
103754.413500696
104113.468851829
104002.967845564
104164.59195337
104068.7406587
104377.853735621
104097.91540578
104345.889071917
103449.592129785
104048.188266594
103955.204831034
103798.830498183
104297.216220445
103916.162147634
103954.238873266
103812.763005343
104033.542580992
104361.904293395
103991.250019104
103693.111410609
104192.592118175
104293.216792939
103768.911212089
104169.565889748
104021.360715233
103890.884596937
103793.335192338
103981.990261017
104001.820041838
103863.560243371
103728.497271844
104402.542254074
103585.467003216
103878.911824246
104012.641478498
104140.668179519
103816.100487719
103569.184156501
104155.354072523
104113.221635587
104160.075349279
104190.252559466
104171.323222761
104165.743958941
103910.128440885
103881.297288547
104045.09282303
104284.317611243
104332.663612291
104079.740522621
103962.074724615
104020.229033075
104184.625220173
104040.632821579
103898.11090724
103974.218824065
104290.224799074
104101.560253175
104273.310669574
104035.320913872
103991.590159584
103873.482048126
104232.508524067
104031.318980041
104008.377771745
104177.970116827
104109.484532515
104222.143021879
103809.756289108
103606.243838683
104107.21224215
104062.083163431
104017.043208558
104267.436519057
103971.626297071
104145.28112918
104000.897262798
103952.309979651
103778.769123281
103907.15175532
103906.623788551
104169.27483011
104157.529902949
103892.923696525
104002.397085097
103955.374959574
104072.784475855
103969.772775283
103774.177499947
103709.854719044
103997.488429333
104091.491789018
104374.507558457
104178.359695375
103881.122543375
103655.684774924
103883.786380022
104246.995042931
104181.367426645
104292.421716005
104250.032333411
104168.42163309
103895.824420991
104158.937531461
104251.970644061
103883.154046427
103896.338903978
103986.475908433
103582.298041941
103900.313988397
104059.060581705
104092.089486716
104118.231483894
103917.346699895
103771.130055299
103785.643122319
104079.632442877
103793.713201985
104288.477420845
103913.304272224
104412.724852462
104332.885476424
104037.379326956
103797.945543285
104297.475072481
103782.012338328
103737.999100441
103739.368373209
104057.349113833
103820.999425338
104102.797812605
104212.803308606
103835.589166579
104061.781589549
103696.612830391
104155.398057491
103757.150917334
103840.369963664
103931.289683084
104037.99301409
104193.520072357
103856.479857013
104239.269531608
103734.968037624
104006.268799887
104359.676667003
104157.258034342
103991.979821655
104105.415430162
104046.877839466
104200.38350492
104102.973567331
103940.840373261
104091.486640414
103862.521178748
104003.943652551
103712.861599483
103874.293226744
103746.116742791
103890.821399557
104166.094205118
103803.444173149
104009.603647563
103821.930684897
104308.256045484
103608.288427489
104095.173414809
104051.685550539
103969.660770884
103876.457120397
104014.573913577
104084.733312331
104134.801830221
103661.175771072
103731.735024624
104076.961054081
104001.875464379
103917.612721593
104187.053667592
103957.816874757
103690.056872829
103879.263770172
104001.611076251
103883.320086998
104115.203674841
103753.121386364
104078.027594976
103986.673363014
104160.534321187
103798.474181798
103739.810254048
103996.214904621
103895.004871495
104000.516522937
104255.222927247
104125.014919069
103926.775982488
103799.770937151
104147.995131658
104270.562916789
103939.839375343
103931.862109282
104279.358539698
104141.893153563
103770.449157964
104265.369199734
103723.008185125
104141.121440432
103854.773744814
104109.887481642
103848.211981063
103775.298245858
103988.125319652
103767.142847335
104230.041634853
104148.442231678
103760.622983071
103948.266834738
104069.617168787
103947.815970153
104034.912248084
103822.505718153
104125.325861645
104259.865023363
104015.521848949
103833.873104761
103915.165474278
104038.924275465
103878.34834844
103823.509777409
103911.950809417
104077.134619283
103874.306269032
104072.853021963
104100.665974422
104142.556718825
103993.754369423
104164.308611236
103864.007177361
104337.137684393
103891.174620337
104262.059223804
103919.852704273
104062.938480975
104134.912897179
103691.465412474
103608.70681051
103810.318030886
103906.770113423
104125.535679359
103862.437263861
103952.966657439
104357.384269712
103687.970535711
104210.104492716
103621.253677782
103589.698683578
103925.77885659
103662.084802773
104010.775702162
103807.468542029
103622.942224214
103983.702962585
104001.640320986
104192.97428839
104135.012623774
104032.635380653
104074.440168647
104253.497415054
104340.531984961
103897.852188101
103895.726504884
103973.063412234
104095.979393503
104222.935119997
103705.317762972
104009.35054952
104101.837436863
103931.386930776
103642.713594323
104107.03430619
103773.169398556
103670.570160242
104091.707370156
103963.250867585
103612.422240929
103614.337767454
103771.156033827
104214.737972598
104041.518901327
