103663.839873355
103706.37153161
103810.800915296
103845.515882295
103838.50530289
103892.491214771
103960.545026792
103682.581417073
103786.769994789
103766.650755181
103688.206802986
103811.715232645
103981.89839698
103718.959170059
103878.464047658
103703.613383236
103805.660495909
103887.000930415
103851.19709464
103707.469967856
103696.725202861
103799.969091343
103826.162476473
103888.960193322
103882.993880495
103720.034392861
103868.861899108
103780.233502971
103876.455380343
103783.471728313
103884.784098432
103735.77744351
103824.620418274
103738.174724624
103785.34314721
103800.364921944
103783.970487299
103826.067956786
103723.121156783
103763.806056057
103753.522617136
103814.590186554
103886.733058311
103898.544805754
103877.033555093
103874.607635183
103890.221737174
103709.163358065
103885.227438947
103839.288708282
103825.003652143
103902.078564661
103650.533506832
103887.790931146
103689.187497173
103964.300502046
103852.649367287
103979.035412377
103917.18830798
103764.089042644
104014.072137299
103933.295953299
103961.129450565
103837.551106708
103635.083979294
103721.928159906
103919.214092951
103691.65391457
103912.778171421
103743.811595249
103693.438041194
103929.514994015
103906.363281081
103814.803587025
103961.699361276
103870.689172613
103832.801851811
103824.590267332
103819.568393912
103741.370937828
103790.023799231
103702.131524458
103896.787596124
103745.179880974
103947.546358512
103898.249990538
103907.990028169
103787.62169245
103725.473268188
103724.964199451
103679.580821653
103758.196265251
103721.536005851
103806.416064933
103770.727364323
103906.706490969
103726.18855938
104004.113040519
103798.77948467
103683.658181753
103958.590691883
103808.218645408
104013.232052464
103859.811873825
103816.664549339
103826.744477205
103730.472989773
103829.882264361
103748.783953745
103713.766909862
103822.147701488
103755.185320236
103560.315348369
103764.072004593
103690.807366919
103834.302891686
103925.933540614
103644.148074293
103777.097783928
103756.543658295
103630.66883923
103795.532776159
103952.752917008
103720.159036177
103710.277245039
103791.46382303
103887.9506661
103927.018306929
103683.054440756
103896.388028309
103666.060474399
103772.990290007
103719.921752515
103771.23803324
103901.067750499
103799.945128318
103783.06234207
103832.847676283
103858.471830315
103693.12145165
103967.734176291
103950.848781603
103758.580496847
103717.75404373
103966.612319782
103762.384584813
103712.624240246
103756.246440198
103940.577695396
103874.606176966
103768.009784208
103939.844378847
104022.127784394
103861.956845841
103794.113040933
103754.082211762
103917.662067239
103868.362070883
103863.503353338
103903.43311106
103972.238506279
103722.222302688
103857.731014296
103850.028408444
103844.081151307
103861.613422336
103727.806516332
103759.47244073
104007.824420054
103996.060171975
103731.0771342
103694.91361938
103917.854515815
103707.194591468
103747.801588624
103786.081579411
103823.292194993
103751.680838833
104024.315433558
103822.564431524
103859.062194375
103929.859964474
103803.072645518
103741.886320061
104007.74025404
103880.373566156
103834.713035865
103958.243458681
103726.844226231
103915.209103243
103684.311667222
103952.588363434
103669.440507802
103910.111966563
103978.423748116
103761.462399529
104097.394108247
103916.045900606
103861.363513922
103763.13348427
103782.105350297
103833.500526248
103833.091426283
103923.441891913
103692.570634472
103833.782194822
103950.805141254
103888.375828406
103984.128967297
103843.255914026
103685.064249214
103919.190921451
103701.125567938
103793.777037767
103749.313821715
103888.660802888
103931.597962567
103868.733347327
103815.835761146
103787.420758209
103762.981715316
103773.821292907
103897.50868932
103775.703847364
103822.954039191
103807.922745156
103865.708998494
103742.940240172
103753.047653318
103748.578619606
103881.350376293
103727.098594231
103898.700862208
103759.831191243
103696.628803256
103801.150886865
103809.755674701
103986.226349564
103908.490661613
103727.422902015
103721.470487782
103747.324665796
103825.990095898
103702.050596363
103993.583361189
103930.854963896
103899.331743542
103881.660576093
103962.21676912
103706.890713621
103638.669536761
103999.352513967
104008.184318982
103867.431280129
103845.589259911
103916.630614978
103779.078836036
103883.032513481
103784.547167755
103683.268735278
103700.436434092
103942.04989031
103971.232188236
103814.787998989
103953.067899744
103914.329664263
103900.270319925
103848.013829919
103910.394410211
103844.744659722
103964.277779277
103948.899820468
103972.589391935
103867.866445413
103753.222020386
103787.813649915
103971.052494098
103903.546884253
103861.041479998
103943.26177424
103873.414124885
103916.436549891
103896.319102649
103849.112388483
103787.665303917
103804.164482768
103711.731240225
103960.256374464
103795.53760872
103934.608045969
103673.039210767
103736.58650289
103940.828115181
103893.173401906
103950.868541116
103845.317298117
103693.671990466
103893.415641499
103943.394166349
104011.621328182
103698.713857995
103769.385350712
103927.901231246
103693.770048536
103883.368939161
103814.142802607
103893.542646109
103721.515030595
103991.63135698
103922.566310375
103690.481469946
103791.698815006
103657.147714499
103675.366334869
103710.021078144
103873.840166606
103943.275898187
103837.745448976
103734.536808143
103786.436738045
103753.480083944
103853.422930651
103861.173541823
103652.676888156
103836.426134059
103769.559741651
103987.68257881
103724.670190623
103904.865797289
103745.763587523
103845.273185332
103675.481040511
103804.806899173
103849.926382607
103856.917940391
103816.541778216
103770.958877812
103791.368575756
103978.487627973
104021.880779366
103761.956787864
104001.098710495
103819.820972573
103962.040696882
103952.592447722
103772.456095506
103829.412971909
103880.296092865
103702.256914574
103759.663512358
103692.4325361
103816.255044077
103813.32158397
103743.168565416
103644.151279508
103818.93439621
103878.86461411
103860.772497259
103824.797654584
103961.368858628
103937.011544335
103936.491947829
103904.158669025
103856.633750186
103892.980925795
103665.685719929
103797.627753902
103841.592747975
103764.787959582
103946.013523977
103949.22524554
103677.601439879
103786.840100094
103732.193035372
103816.564991547
103673.041360667
103815.87810331
103891.810045472
103774.573947119
103917.780758183
103926.411703208
103699.669809136
103970.713813203
103659.637142937
103756.830010522
103732.974350285
103677.677688903
103695.054880035
103876.207596931
103897.023079421
103773.060342162
103782.703509126
103772.578428924
103689.121359162
103921.289576096
103729.874888861
103662.033500231
103824.261404157
103905.331764405
103750.961196709
103796.87181211
103753.712510104
103871.790437135
103803.554755232
103807.459041853
103698.852892554
103713.478161343
103694.03831879
103844.041439773
103929.549729049
103818.408666437
103719.975642595
103757.159115351
103872.908558797
103869.418987237
103994.069945992
103767.045866779
103780.193597083
103877.964616813
103666.957451608
103915.508521877
103809.122180917
103834.18621392
103753.346915214
103734.400259973
103755.559532302
103890.240700841
103680.544106503
103931.635133928
103698.163862325
103766.667707028
103671.709321614
103837.411510526
103685.190138615
103785.531458583
103898.461050687
103835.787115612
103954.150628755
103949.991844303
103919.894780521
103649.751985126
103798.368300243
103802.414102714
103887.477565076
103878.82162006
103849.378186803
103878.361612914
103686.777005198
103726.556535009
103880.331420832
103662.249968927
103822.200428253
103950.981812888
103854.521303856
103799.85979421
103941.796571652
103727.618814249
103851.966948379
103756.431153868
103774.619096984
103875.156231938
103665.038051258
103924.80694758
103826.494318584
103840.49296762
103906.121439601
103909.172115029
103890.454930388
103814.167751645
103716.18414251
103733.570768704
103961.886896507
103861.381621888
103788.216531378
103636.936736498
103713.372684166
103745.280976293
103760.158607768
103673.823357958
103750.81819064
103894.511538518
103813.72764155
103734.10890619
103718.457323574
103773.680852004
103758.588851234
103861.833562249
103998.73204943
103792.146379638
103906.401773338
103855.07774454
103717.91284175
103767.3124126
103828.532850527
103886.404836955
103764.878019941
103820.6077014
103781.89509262
103711.349334983
103688.595486274
103821.396526024
103703.623022859
103775.894364564
103809.250555272
103801.263734671
103953.190564167
103744.694983215
103744.407012184
103746.960701502
103655.039055657
103678.928095317
103691.595052186
103807.884408296
103821.418701182
103854.834970088
103748.122241606
103674.964365379
103938.132278676
103937.624455345
103650.889725755
103767.084417973
103693.837517101
103676.206559781
103739.379120769
103964.200312304
103907.1680295
103688.428976342
103851.57194903
103827.006157707
103937.655796814
103967.517755911
103827.74929626
103682.432561434
103763.998474078
103769.499258646
103776.440611431
103923.759070747
103794.801708504
103774.74414179
103912.884698643
103978.133222052
103879.276855311
103846.003795707
103745.19531206
103943.139079781
103774.8736303
103849.163980944
103886.703922681
103774.683814102
103964.634054133
104044.99172094
103894.462017437
103740.606698775
103906.902436452
103849.44021986
103717.794758665
103841.513022556
103892.214267676
103786.596178124
103893.560957309
103658.123267673
103871.414291434
103926.227394242
103761.5375696
104052.919851787
103772.108071597
103825.834268809
103943.116355524
103683.65485822
103809.313538843
103830.048748498
103772.680364906
103745.149883821
103931.229105439
103813.362216424
103823.111067596
103875.177317159
103648.415154768
103896.208235551
103718.797859008
104015.268864353
103808.516902658
103671.527048638
103792.995971002
103909.85530546
103740.569013525
103791.720001726
103703.450230952
103745.819275273
103739.211443052
103937.699901237
103791.604312335
103732.807056619
103705.971579753
103827.779891227
103722.111447569
103811.63913824
103872.278529848
103880.963484846
103685.205121246
103820.633885185
103692.567777311
103965.459916002
103873.810951676
103835.023225607
103724.66021546
103722.091011544
103672.555501051
103978.949164317
103771.642810158
103786.883825514
103704.487151899
103911.686311299
103827.200735189
103725.089596397
103839.359916606
103713.610666685
103833.016179843
103788.164829847
103866.179086807
103885.555867818
103704.47698125
103700.220847609
103945.255998968
103771.830318477
103985.990135117
103734.153969925
103858.997907011
103803.400522875
103769.339762519
103833.275147146
103752.86747046
103949.373840738
103951.53822978
103787.059192233
103672.279712119
103708.627991097
103973.174004859
103881.418340572
103836.17379652
103754.081192228
103827.644893984
103748.307582146
103752.399944878
103725.213167865
104006.064370631
103835.905126873
103807.528246557
103829.983812177
103775.031614512
103886.758484182
103723.803672247
103938.653245003
103740.574174609
103672.15357008
103779.722457371
103769.732392648
103838.431655634
103762.805375341
103810.537992076
103793.247426119
103900.9543415
103763.772463621
103906.341770712
103776.333780454
103780.682634261
103668.582748185
103893.20420813
103695.285201942
103978.167407496
103941.693719988
103851.811765064
103760.121596502
103823.275830388
103984.884532076
103866.655624883
103978.699733422
103951.033164033
103757.712987677
103845.063579285
103911.155234663
103857.183242326
103615.648839822
103812.940333039
103713.323841797
103737.060205551
103636.998261952
103877.960339061
103734.102017133
103828.728499738
103836.075988342
103896.841743037
103797.068193013
103778.856825297
103860.991228179
103791.846946854
103818.360714797
103632.069084793
103820.906215312
103619.704227599
103681.931208351
103896.176816965
103860.285619266
103643.928747761
103744.1278936
103915.736152548
103921.341551107
103824.119770145
103768.201163781
103747.702485874
103751.502026996
103954.639861077
103742.916728535
103931.531819927
103731.576012513
103829.995920558
103803.086059081
103898.639831517
103761.113305642
103873.569100617
103706.478223473
103913.053650091
103803.303403948
103711.923915065
103829.76848064
103844.641255922
103840.274815993
103796.724713813
103773.247605504
103673.583304433
103778.678779346
103875.885883759
103813.47441274
103767.307342792
103727.882648521
103854.867146933
103890.6583365
103971.473899663
103812.598622321
103970.318018578
103795.018665162
103768.326122536
103719.361510927
103842.598452719
103945.416528598
103703.344735203
103946.969857892
103779.23897094
103901.48493709
103821.102854304
103777.624543803
103934.241237686
103768.684381836
103753.168802728
103791.395185366
103900.283745368
103711.31698317
103780.581654196
103694.048467466
103844.39566931
103739.436096891
103831.077888049
103785.716392663
103642.697201093
103933.074275315
103888.618161663
103847.188140847
103699.663130869
103908.714498383
103787.76388182
103741.339568172
103727.754671891
103698.240898227
103735.430123196
104011.393944334
103829.277305373
103830.694370039
103637.961383546
103982.411671583
103762.636932134
103722.3119975
103934.648857109
103809.431170582
103798.573612988
103830.02726636
103890.642721761
103991.8849256
103711.14560026
103910.319966067
103826.520008813
103769.105990714
103967.801174298
103878.26745377
103953.784943523
103714.600721846
104016.900097361
103709.676989817
103798.499399622
103994.445684485
103752.945804137
103769.518174976
103746.222270371
104000.554593825
103904.683636759
103767.829947392
103727.157425499
103810.436379589
103856.460165277
103830.231706686
103707.491183335
103852.017118762
103787.171870991
103791.475337489
103743.692848892
103735.620490496
103880.392049039
103963.464842187
103782.078361552
103733.425120087
103718.769364671
103873.71559205
103905.704467306
103832.874147026
103786.324195518
104149.189534541
103838.406185905
103837.106876451
103834.293951638
103687.750334106
103864.454361092
103719.539335894
103812.707026889
103882.577879671
103742.979712363
103706.92045315
103966.764500097
103990.80654115
103895.851085356
103778.533247608
103900.364796105
103686.774330738
103751.253118952
103742.869856848
103931.195175958
103756.373777655
103922.779989999
103813.29167785
103820.556330582
103779.348280042
103759.681002526
103804.305552911
103878.99078464
103938.758176283
103770.62181687
103787.47817776
103896.74797616
103696.898163182
104052.523153037
103864.033082637
103791.919529632
103888.055738709
103709.874471252
103844.55603495
103777.247330703
103734.133194285
103716.566263884
103717.20767731
103900.118971487
103786.315473855
103856.210194173
103718.737623476
103911.119461289
103661.057829575
103892.516972896
103812.287338867
103688.283386425
103864.859586154
103915.278896457
103848.565040145
103928.105765056
103898.228233375
103912.734251526
103715.160881736
103884.328567913
103932.775763333
103783.031659323
103746.657025459
103702.91401492
103880.768395818
103869.663727576
103766.927865465
103808.897922254
103780.028780899
103719.127389204
103964.081619184
103842.975179985
103953.486110289
103772.113228702
103947.664163256
103737.827210966
103865.898253847
103680.251690821
103858.957084019
103966.35381646
103838.505569132
103717.513721746
103903.610061629
103845.065465389
103673.759567068
103831.963736638
103935.268924875
103784.022250269
103720.639585111
103959.075749042
104003.934512003
103949.841251277
103909.722638609
104050.103443026
103649.030780086
103864.941366723
103904.845779221
103826.149256318
103803.37858339
103718.408457535
103835.050726168
103817.215569708
103953.080758134
103722.289381682
103765.483891075
103974.91976448
103711.798742413
103729.478684169
103771.911734681
103734.456125608
103907.491927399
103707.215763953
103818.518101328
103964.530249112
103759.992567964
103894.350807712
103765.811637651
103932.565992303
103701.537144375
103745.825486056
103842.688904514
103892.827194518
103780.856224894
103659.01142217
103746.461219591
103901.551489409
104004.143108064
103790.058970036
103871.541280412
103620.606251583
103749.063151386
103928.056691018
103937.352771903
103804.732924473
103849.302388865
103723.248860702
103950.497547156
103721.925937997
103899.852727841
103692.728510254
103742.60365792
103754.72413695
103667.317573284
103882.333907019
103771.056723647
103846.055994369
103932.434816191
103909.261113691
103698.610789833
103669.598700322
103864.367525418
103745.998264036
103761.859144729
103965.176293456
103797.734358314
103716.102805533
103877.5232712
103711.31030036
103680.160981158
103720.486125015
103812.950813354
103739.091202087
103730.501752249
103834.92535576
103907.219540366
103614.342330311
103833.046165054
103593.533215745
103661.879428024
103738.203746302
103761.615148859
103895.013937243
103891.313277279
103886.320348409
103874.480415198
103760.105361881
