103763.198856765
103936.877079746
103866.428428678
103854.501160479
104068.258280658
103897.918505253
103962.106161522
103945.000282797
103851.13543703
103829.690437228
103880.964213216
103919.201234408
103823.244607789
103874.926824807
103875.227626868
103767.274911199
103690.227241305
103711.075018074
103947.683512027
103939.627104595
103770.050676641
103943.745333425
103986.36709956
104230.12321134
103813.458162095
104055.852575414
103861.571762298
103988.445508061
104038.790263441
103842.055993866
103949.966472496
103708.150516637
104015.097675881
103836.262870179
103882.235151554
104042.817673987
103818.954398688
103910.854786169
103881.008116707
103886.086460463
103775.778413984
103847.265526812
103723.862928073
103715.800159958
103835.839355939
104082.490877412
103952.301514225
104382.067508927
104153.344700486
103896.753697447
103609.978910639
103883.360693025
104143.285742825
103787.661714403
104008.549545204
103837.347200002
104003.382440213
103828.833034767
103890.696578159
103892.61985522
103855.555236695
103705.946427336
103896.284671682
103884.149044908
103789.483118215
104018.288905131
103776.432494045
103924.06210989
103891.985156871
103796.683040685
104097.085706605
104033.970150258
103968.049584437
104108.621242013
104137.154068414
103816.940757498
103798.96694543
103691.131775304
103557.353350849
103980.042121033
103790.7334147
103908.783970531
103561.696179709
103974.5109006
103593.754937903
103848.65712462
103895.745535765
103949.349264144
103915.073424264
103969.71698539
104081.065115404
103733.600054693
103751.024541052
104090.174556079
103780.760048785
103971.482285794
104028.265672248
103891.941354991
103853.364552682
103753.345403712
103730.063813774
103775.592707237
103922.117925024
103867.457924377
103844.267158464
103964.761084731
103847.919107338
103556.749741028
103779.002922372
103992.977402881
103648.653989784
103820.676775816
104172.597706359
103880.454770314
103934.535351954
103897.185444035
103933.022136983
103697.481788603
103963.097064166
103997.861441458
103753.827397279
103887.740281515
103726.922481971
104117.393208608
104181.704777382
103864.814899703
103667.577940884
104002.773883419
103628.685790509
103754.715779024
103901.617655717
103798.593373196
103673.449472278
103806.293721655
103830.316189505
104067.362498801
103923.288839506
103652.905183485
104179.302587295
104006.817175052
103635.891936919
104060.728080243
103957.006935107
104065.018914814
103918.730690087
104045.303284359
103954.943596795
103689.991407608
103783.926955188
104016.732364815
103723.67200243
103986.739605694
104002.515543004
103956.698989166
103812.412024588
104115.318209884
104249.954845258
103699.460651397
103944.714824598
103591.189360928
103687.563967233
103838.298076555
104270.004401717
103768.159880008
103876.927043311
103783.331673031
103830.65043773
103737.772584328
103793.968644439
103815.522885014
103889.664050018
103917.187604152
104059.704273971
103863.840707208
103931.749224296
103909.597806121
103777.997074608
104010.480328735
104287.407699748
103810.705112579
104176.898198299
103810.580861977
103657.187083274
103902.476935376
104013.676849014
104009.530651445
103990.125381878
103697.055336348
103982.879627324
103784.583162363
103941.70346796
103968.075976739
103738.49690309
103967.092187043
103694.839546503
103567.804782506
103874.12137781
103872.350160197
103670.902852037
103951.532398626
103920.926339448
103980.590560796
103754.076183721
103895.408601452
104035.687836485
103870.936912367
103936.225418104
103830.3197965
103957.230569355
103911.749793572
104092.474277795
103855.590302288
104353.233985797
103638.232360407
103805.24860954
103981.695083344
103709.548841667
104063.779104756
103867.408344519
103907.073247003
103914.854752601
104434.972959788
103893.499440634
103800.462042758
103702.946518536
103940.663382781
103819.181770475
103863.783102756
104315.190313929
103650.053381375
103887.655260989
104218.689692489
104105.514684501
104059.031801068
103602.593850618
103854.75662687
103946.461919713
104098.053327714
104016.775691203
103717.099327787
103791.465884258
103988.848581694
104128.708571509
103768.563650707
103815.992302013
103659.026120629
103863.418489621
103755.044192654
103905.87109721
103942.709885946
103705.053398993
103804.869582619
103922.498573769
103701.480529878
103756.013340347
104060.825950727
103968.05111284
103880.834897484
103652.129921779
103977.989110075
103936.04669835
103894.571266591
103939.410776757
103732.083233044
103994.862093904
103923.20525922
103926.089481448
104106.985673605
103778.861050136
103867.236220299
104004.506582758
103595.869398594
103999.718784541
103592.467862502
103793.626840411
103815.417791317
103910.027463511
103744.969847834
103904.322398124
104140.316793044
104105.700895222
103792.01113789
103958.398822611
103965.219557748
103698.874782412
103972.227172412
103827.290546079
103948.347281055
104191.207754257
103733.801019763
104042.812588125
103925.241117102
103922.852712017
103775.436354895
103875.463288827
103895.46458414
103855.751034865
104226.956918588
103854.98279801
103912.218002736
103881.1045551
103776.381110644
103780.17997069
103686.933246576
103945.66449158
103926.237676627
103844.922200765
104038.465763677
103719.867665663
103640.437974302
103816.899330207
103796.312907992
104030.492316818
103912.793822427
103921.624956886
103987.760194578
103695.907280406
103911.730557955
103841.115028395
103766.316228384
103861.85812863
103922.113413962
103810.690434018
103688.628426932
103894.206630696
103813.565249586
104125.559321016
103953.825072334
103935.024462789
103808.518166259
103818.901611537
103727.329178308
103861.122230622
103629.46985218
103769.783034754
103921.55203908
103837.901822669
103794.573077304
103876.47699197
103632.280402674
104260.290357839
103824.90824963
103757.00155879
103991.342315797
104261.214545848
103708.766585543
103730.959833105
103798.6435174
103839.162556652
103740.774868273
103992.837542438
103828.910066014
104008.267071221
104003.267069171
103658.704940044
103683.880322533
103909.695753444
103688.273523761
104080.219978222
103851.673671107
104230.377646016
103964.735317756
104032.189041887
103850.176154718
103605.682455127
103707.069272383
103801.335698315
103754.470542014
103907.620192164
103816.541928053
103957.045791037
103986.049335963
104119.409186203
103795.165633667
103948.613379364
103647.106657141
103739.546848592
104096.204103081
103514.499744613
103912.455778038
103797.450871805
103912.493320571
103934.835774379
103647.691695122
103740.177147762
103874.244344277
103992.142481802
103575.657615242
103700.781408428
103706.063171526
103934.242913075
103962.247432209
103988.414016889
103758.61267618
103745.092592378
103889.199078712
103633.737690675
103843.510838384
103928.427618543
103839.724388873
103666.773256825
103710.912057849
103846.819641579
104080.556190688
103749.749737554
103761.088996836
104015.429826695
103745.660760548
103829.983323258
103876.696254239
103845.810586771
104005.404802591
103936.873274181
103871.751436751
103852.958548947
103927.953824327
103957.025730496
103939.876208786
103741.36636218
103869.984169755
103854.008676724
103788.053852848
103740.160879635
103761.210710596
103922.529507039
103739.63317872
104078.588003584
103882.876198107
103695.998300129
103930.969369478
104010.855053497
104114.458479187
103967.310924065
103955.591697177
103901.295225311
103742.25645637
104142.468394445
103782.841506186
103937.027696276
103556.473386667
103891.162693665
103651.115170671
103959.128845912
104001.449397166
103862.092663982
104048.478695137
103839.679390269
103743.460481688
104113.111071819
103969.374415357
103900.708739362
103957.248336949
103800.71189804
103854.521440244
103802.996979865
103740.415009929
103874.856642916
103983.089841245
103904.392811931
103967.17203098
103958.746053243
103803.280520203
103805.938728774
103884.284735073
103895.718844284
103943.518363211
103882.526448034
104099.883869326
104158.639703133
103975.267059265
103962.49139768
104047.45678248
103685.445124504
103959.017236672
103949.456169558
103800.066763048
104000.166905375
103920.418549885
103949.957895043
104094.741636178
103719.965068159
103805.628502728
103907.5965415
103892.22396862
103919.816477726
103970.32537133
103908.032976827
103902.014899931
103783.083419327
104117.227358602
104357.697703495
103672.70157854
103690.475989786
103776.12387976
103760.872571278
103920.285440978
103824.71168738
103915.470012341
103921.787861483
104052.504738987
104077.066940433
104077.376490529
103654.365405426
103677.064958764
103945.790685049
103943.014899323
103811.906947439
103958.782883397
104170.331531629
103659.36103692
103758.27590915
103923.382195473
103885.475660301
104181.356107023
103770.58396535
104056.941196418
103984.066009112
104001.898735001
104095.509190861
103965.277829955
103979.011339971
104124.201163378
104136.66007885
103740.945034743
103990.697787009
103739.664778108
104124.479565432
104120.365295114
104099.71462047
103865.502720756
104042.876603165
103931.14325178
103964.100813067
103808.188648948
103957.808716909
103655.187410359
103810.235903431
103942.162061487
104114.986402326
104006.233421039
103676.222462339
104275.276096317
103938.232824785
103929.829673158
104400.722495829
103955.275566164
103659.982881295
103852.252311428
103803.621492393
103561.200827288
103850.781417285
103899.66382623
104049.7499801
103818.103245673
103891.87126898
104191.911327018
103923.329499714
103959.901828949
104064.444486096
103906.055751386
103916.238863351
104001.669487108
103922.295257877
103798.825177547
103649.010749438
103982.743950233
103721.709254634
103981.698647944
103890.761701637
103980.060942665
103944.156229766
103798.866741016
103855.096322976
103982.000069427
103787.779181916
103722.486767614
103850.049285392
103843.185986508
103910.746029452
103930.763406445
103922.522786627
103902.426872274
104191.631358567
103799.051205722
103598.007078021
103733.525575291
103919.273864039
103751.814790164
103604.296966758
103884.301418187
103717.310072369
103806.807630015
103919.891786391
103859.744332435
103907.474413996
104033.241862891
103766.552161609
103626.720313162
103703.504104515
103706.572125329
103931.495901177
103861.954134956
103735.541043111
103844.645226112
104007.429966976
104016.595370701
104019.673206426
103988.089362025
104070.544127329
104106.946910395
103873.171679964
103891.130248368
103939.752641895
103823.317837583
103755.38435678
103844.221929053
103916.078684246
103822.090846765
103835.52262435
103800.649220493
103711.761157366
103950.517009236
103857.282167766
103960.258988746
103789.046731901
103625.842506993
104130.551883197
103719.666999633
103669.694053074
103846.207316586
104479.188182192
103785.494874912
103961.261051619
103722.40602664
103742.441579753
104089.996927707
103675.763553739
104031.818982017
104230.858977315
103739.966398823
103701.181039238
103989.923977059
103868.721599907
103907.267250385
103852.637023161
103781.953386457
103812.665557787
103836.12589674
103798.575216631
103531.497295347
104151.384391093
104025.030635252
104029.071574692
103759.087316745
103912.698404778
104030.009567775
103892.101741268
103841.642606805
103985.143765808
103724.909501127
103797.64895899
103895.783104995
104039.658125687
103893.556621761
103910.426125909
103776.403649276
103547.719007224
103787.519754932
104079.586359868
104005.752470146
103784.354347486
103944.567615315
103941.179498643
103776.060816821
103900.229165556
103798.690651114
103801.788358785
103741.943715142
104331.092312392
103883.753961755
103815.748381645
103774.352649703
103997.114314401
103813.017329429
103914.276122621
103782.898687621
103895.763813324
103901.329328771
103821.303182778
104092.84380116
103941.210808904
103814.755277
103896.535860864
103873.182349961
103918.995081304
103979.548118086
103653.662323257
103916.830697809
103695.048761804
104097.357047818
103739.292357624
103699.764463051
103721.933387876
104181.803460364
103903.232834192
103734.356616775
103727.896917427
103786.329651613
103806.919491893
103863.225190938
103764.155143768
103865.019537181
104289.800872741
103613.352876174
103713.771747219
104064.296209117
103950.92380542
104040.357959351
103921.17885463
104053.771773198
103740.854495969
104101.456900915
104149.985368094
103694.600518202
103896.256978091
104073.100593745
103766.677278181
103894.785600311
103912.690238418
103881.90244389
103815.741248757
103972.029101778
104055.340289198
103873.85065567
104131.636502199
103914.759055372
103801.683037299
103943.972108677
103721.1239158
103937.877325168
104078.856097621
103917.147404429
104001.468952985
104017.455933178
103767.40189884
103924.209152397
103913.748691163
104063.589080705
103978.976652109
103590.67429065
104013.977047749
104058.662911013
103939.012259156
103809.259797506
104233.331569685
103690.014714305
103753.093350389
104178.613637735
103735.616930255
103837.833163992
103941.369477622
103839.021149886
104016.836091535
103590.497231645
104071.227046812
104214.332530466
103697.797449972
104018.353388788
103998.750769087
103888.44107936
103942.966343242
103876.633242546
103771.723917384
103910.093464646
104144.628521011
103750.56036776
104020.559637026
103768.38778512
103589.024011515
103765.591576056
103709.430782369
104176.280523556
103724.981412317
103908.059721258
103909.971105039
103837.533518856
103838.080816978
104071.132821168
104107.833142587
104164.031703456
103719.73999161
104004.706119222
103731.801999874
103767.351592838
103878.807724229
103906.716285795
104009.569560163
103730.689478751
103793.958118571
104078.064778127
103770.46075959
103775.071589247
103902.784021715
104016.622801497
104005.640677917
103907.279971408
103943.359011559
103767.525960027
103913.665948563
103805.703530641
103852.857435645
103726.363323693
104011.755718305
103772.465369618
103973.456592179
103812.910081091
104149.092987334
103846.321833633
103860.045383241
103795.45637969
104021.780673278
103773.129058406
103918.888144188
103798.69407514
103824.032263642
103848.939457611
104091.273927755
104083.799638707
103782.554250354
103768.276446587
104051.895868819
103974.020065475
103906.644984486
104027.581217083
103733.657767613
103995.827642878
103719.347888434
104108.794415018
104097.572183871
104059.618219132
103934.006318679
103925.51918235
103779.984295154
103629.411088682
103724.796678416
104108.087812333
104013.306669129
103766.53543131
103716.114722177
103640.510782176
103907.261136979
103937.053174691
104045.374845605
103894.057672288
103779.87272596
104021.898529806
103900.665819563
104212.195116579
103772.423253655
103809.791022107
103917.28123739
103974.947214447
103809.780456826
103872.281924759
103971.401445619
103765.048281739
104048.447365015
103990.648637166
103896.892807907
103971.718825267
103652.644278385
103695.109025383
104007.791461776
103820.53190762
104137.183515429
104053.062119766
103782.874928636
103991.481747264
104278.406296777
104120.176842989
103705.40093796
104107.786436689
103955.489056025
103963.973986154
103979.330036991
104001.245196102
103710.247156137
103904.03090407
103697.592535818
103715.214558401
103763.904537909
103927.256930289
103987.0055299
103831.759472626
103825.19852004
103991.358985759
103890.388461976
103817.545138173
103668.255056521
104080.413167221
103866.715818326
103909.993760027
103872.723979586
103939.675930955
103871.980490232
103652.947891833
103956.724277032
103791.61080948
103790.770838951
103971.123976789
103890.08436438
103744.520129213
104337.858941223
103896.712150897
103702.105724722
103879.888077445
103756.515383348
103821.635940961
103616.242113628
103896.589864469
103756.760640419
104040.861777332
103677.180691127
103815.299194983
104132.267568258
103648.096881885
103812.392118441
104125.029812145
103812.798084951
103779.285410861
103835.948922412
104033.564230913
103892.467245766
104087.112155669
103829.126145322
103926.846130588
103935.194268069
103909.022444475
103861.511676208
103710.515021931
103911.06583735
103670.87393628
103597.312192967
103874.136588219
103769.818023239
104038.680681527
103839.015942745
103697.627715063
103958.993809668
103891.411685554
103990.207770884
103732.767511335
103746.263968138
103847.138894774
104004.061577353
104042.994100504
104021.007056027
103720.411897879
103852.29448915
103920.24581956
103821.407819289
103799.601802513
103925.451607724
103857.671419377
103805.810178668
103953.279275845
103821.39712795
103910.599580456
104098.812042663
103914.832329101
103961.744035768
103761.036179765
103775.828764329
103861.889245623
103870.342911146
103836.903378114
103918.357756616
104220.909293773
103743.638755579
103926.725072284
103972.757804758
103739.790459036
103748.08441249
104057.360574704
103743.525061179
103876.198543243
103775.939542463
103766.493735391
103908.155013684
104039.857224041
103833.03332744
103779.04683388
103928.679368617
104172.544958636
103784.317581108
103647.7192002
103750.360491464
103977.95849472
103870.2508911
104042.767462805
