103812.560420141
103910.406304531
103960.17608148
103922.596397518
103681.54579715
103769.680314969
103936.985000544
103693.581516782
104046.629093493
103966.837730251
103888.161651983
103560.829363261
103697.328854822
103824.308195181
103932.699309559
104270.643724845
103584.079255612
103958.716082084
103946.492079553
103809.522470434
104014.673204781
104088.03474539
103841.051491998
103891.392596314
103816.299324119
103902.062566656
103923.533080918
103986.38817091
103667.105970732
103844.771404269
104016.176606264
104027.785610069
103670.842692306
104241.694798675
104195.120107259
103966.868296269
103859.301360505
103652.892060251
104075.176992077
103885.695211339
103885.472101213
103824.51274164
104107.17881641
103961.498089041
104005.564060873
104308.521676885
103782.75203749
103795.171565069
103686.346163378
103805.311419683
103859.78967547
103791.022244464
103685.885810207
103902.511323359
103922.484563776
104117.272499359
103854.205501781
103591.80829677
103793.887785836
103909.227245624
103795.680972895
103784.237928079
104189.717034517
103813.397049369
103877.494466629
103997.833670291
104238.816415334
103945.31419734
104207.002809052
103864.188375835
103849.395439854
103800.995221231
103841.247050747
103840.160103318
103773.837425567
103868.451760898
103709.227833393
103894.915555777
103601.874646512
103964.943105688
103943.667856958
103732.291336948
103866.574411696
103956.505592988
104301.18431906
103852.256170263
104028.555869894
104016.025517664
103991.850510476
103696.596120644
103891.230980105
103661.87896228
103983.776104506
104072.540553039
103836.361603213
103902.378236039
103814.900932666
104134.913532083
103749.127060981
103989.258405321
103901.790924179
103813.503529447
103960.928438508
103719.620479725
103830.701849348
104204.629320698
103961.908026028
104175.327149638
103944.528303215
104197.149909722
104225.808255832
103910.737908487
104097.319387449
103892.877963424
103997.160796581
104215.396746442
103791.153046904
103763.62296889
103986.401928622
104103.312740247
104243.232678673
103971.961863386
103878.677610203
103930.585973103
103926.508567483
104030.920749564
103566.567127448
104174.154215657
103931.092818241
103842.031365606
103738.577368564
103953.004843649
103850.035541212
103770.920300116
104047.668939044
104204.371544297
103891.428465538
103899.461395871
103812.613359588
103861.221722148
103680.012616247
103826.409531344
103918.506838914
103944.170221884
104198.042166523
103963.566378986
104022.832618936
103771.554551585
104009.945096609
103802.530594187
103991.769297003
104080.891788033
103751.344450519
103818.544174056
103844.390356503
103581.845099902
103901.242647585
103765.439497708
103992.310490043
104052.006188626
103825.482482379
104002.6145792
103929.55712994
104005.456709487
104091.351892748
104067.121932363
103729.144419095
104021.90257072
103732.655777458
104110.68771956
103923.909132025
104316.479149419
103726.092512365
103764.360123722
104163.604030018
104080.361576767
103797.867494867
104019.258193642
103485.648386203
104149.285685701
103851.710298381
104103.777281022
103855.306000395
104039.572498388
103893.59615067
103794.620107488
103631.88022197
103833.831953299
104026.186403199
104114.367151329
103781.662279139
104048.406656848
103722.290670473
104394.323285042
103951.563653098
103879.301992356
103879.857954501
103783.012852743
103674.773059068
103962.877927792
103807.641019844
103935.233529799
104041.886314989
103949.463136163
103701.688314937
103711.052982973
103978.354708929
103784.813132865
104010.593550319
104048.017383244
103740.04533826
103911.474652381
104123.660111231
103897.103403984
103678.085486307
103858.089224955
103593.936111292
104026.882472667
103700.501270173
103764.014610314
103785.089041251
103996.461205402
103762.566166308
103669.014740779
103913.51651659
103694.55793249
103680.226005023
104134.056971559
103515.482400709
103739.082259743
103930.086118102
103789.700330002
103878.108120583
103897.402157842
103732.285143385
103746.387816947
103855.475947375
103700.758679805
103722.502940001
104031.973394768
104110.00482215
103749.134060639
103935.782897155
103743.504165839
104067.130792537
104102.970740968
104072.445479396
104246.880113438
104012.124138696
103852.671550643
103834.055438653
103951.246062334
104122.344396046
103791.143427561
104015.416881872
103708.324716861
103957.35925352
103713.799919789
103636.150521153
104078.023128302
104102.026035332
103844.523503456
103952.964169704
103853.198448414
103887.106567019
103759.742679211
103933.275514735
103894.672762511
103753.152607282
104034.544158914
103636.78655929
103947.828041786
104096.547896843
104161.469437153
103664.090681345
103796.740636076
103756.819074666
103988.496664717
103891.145151797
104212.295187141
103772.453165006
103861.657077033
103668.146862973
103815.603667136
104054.196687835
103807.390714833
103910.124894372
103949.970593872
103815.054169818
103891.43748558
104336.116215938
103793.814506716
103803.798296254
103771.640946919
103996.117388657
103791.636816456
103848.821999684
103746.949823702
103646.296899294
103592.866070935
103880.336647795
103841.044963349
103936.753603359
103941.410358301
104191.531961646
103627.318300847
104089.818166673
104077.95004391
103813.31061337
103891.798336089
104067.997236969
104143.46224592
103948.447564404
104024.174649264
103961.36293824
103969.342183534
103739.272421765
103736.084551101
104003.84347702
103660.946853628
103822.221727021
104031.603281143
103990.661361443
103901.31238799
104049.159971487
103747.911140362
104052.065362229
103802.178919515
103936.939066671
104319.595496773
104172.2905428
103781.510910808
104132.854919315
104015.673734435
104006.550071689
103863.904453948
104165.896864679
103900.101091318
104052.560421112
104033.162041994
104083.608147142
103853.67164105
104018.621511123
104010.562916806
103820.375692111
103734.797734852
103766.913470736
103965.389457702
104227.291477212
103784.180541039
104236.098313277
104092.996042742
103896.735549875
103913.137395364
104046.678878365
103804.99522872
103753.325656483
103789.654633121
103789.582884557
103902.669363019
103915.391635968
103751.737220082
103998.884285621
104106.699834401
103949.666852863
103938.939766408
103869.350170438
103894.423300891
104043.342196978
103656.846413573
103823.117208988
104167.013920737
103750.619923164
103638.300446227
104066.667328701
103841.114901785
103998.620395555
103808.961338822
103998.167952606
103962.454148758
103777.302045164
103931.961476512
103845.522627541
103852.55747627
103903.460554637
103710.986079725
103972.792034021
104110.383853798
103681.142329671
104238.263622247
104067.612694317
104098.34221081
103840.364686317
103953.652884034
103801.081474891
103924.53533262
103937.075325169
103812.36243772
104040.173165613
103854.426861616
103961.681923419
103783.957708005
104018.241092178
103859.417942996
103800.925159802
103938.858733225
103852.143806189
103852.514987902
103862.084229798
103887.539317971
103825.993622497
103848.029459866
103785.574664975
104007.339632661
103803.247267113
103868.121612522
103923.405670185
103956.264571118
103832.107471726
103970.711929739
104142.002701647
103946.953931674
104125.036752017
104193.269005035
103742.563211703
103853.978206859
103816.985792079
103918.26251286
103937.805738096
103738.285332618
103841.069325817
103655.360832941
103946.518095812
103882.063956447
103888.071267852
103867.994995368
104159.699854355
103855.985200554
103973.825493346
103770.529109491
103951.709568046
103722.214575675
104032.271788453
103805.433473626
103867.781718597
103900.731937281
103647.175254848
104074.435772615
103755.832679216
104285.11887687
103840.821387819
103841.634095163
103836.92760944
103886.053907327
103718.492281037
104182.061309074
103992.445112318
103706.983204147
104117.846001961
103843.053292265
104109.533635064
103879.93873118
103942.219782796
104062.657874968
103887.784916576
103969.237711578
103870.484541194
103921.537583404
103868.770096166
104119.601969688
103771.918429567
103924.00378284
104033.767915847
103724.178745391
103819.395639721
103934.095003093
103824.618334197
103923.736284016
103873.460060261
103633.153334794
104006.527245999
103796.164531003
103860.699012382
104031.863571286
103764.133135783
103810.532689617
103817.673296504
103753.676706861
103646.340714287
103574.098779654
104036.300641566
103927.254547397
104041.109805841
103942.724406865
103861.081594482
104166.651898966
103862.553839013
103822.152137432
103791.075152742
103886.805803454
103672.02415081
103947.021359227
103991.73054263
103923.800648924
104171.424022717
104146.034651535
104005.935846164
103711.305137741
103817.130273594
104061.513291535
103639.2693723
104005.695531848
103906.500370423
103894.582226397
103715.474501628
103815.260625493
103774.913377751
104013.297734833
103800.142879675
103737.852748095
103902.970517475
103966.099157237
104116.88307368
103958.43514609
104084.898086342
104059.695485795
103940.205805471
103834.856074
103828.796289977
103922.828908303
104044.089208536
104007.737781661
104028.406859731
103820.237732848
104045.131505209
103959.548311797
103862.637294778
104001.745498497
103995.058731196
103740.15575187
104019.376392438
103862.736906019
104011.868983795
104025.388329419
103896.156761084
103987.839678025
103750.268123511
104068.403338832
103734.176711421
103862.637619682
103805.107516898
103619.915186213
103830.764730631
103808.913055569
104172.347816917
103816.951356573
103870.028369893
104004.75175927
103822.292736316
103763.275826703
103918.337533048
103812.480385541
103977.123019289
104012.807449556
103944.877712037
104009.515437954
103965.609198043
103864.028766834
103893.798028666
103836.78400507
103770.457155303
103800.542731273
103959.648085817
103894.837434358
103605.809074317
103908.641014449
103882.610903928
103768.644652879
104037.194185499
103769.686317115
103967.976502571
103922.025043067
103771.781827167
103945.220630698
104071.978994027
103769.922087294
103975.795798483
103908.757265228
104199.250063052
104186.670057178
103857.285970757
103713.570327248
103919.515194801
103525.369500108
103859.555542465
103793.768613518
104061.704529258
103988.881567732
103732.685975565
104020.788664798
103782.964064384
103954.582033962
103799.718267953
103747.792410859
103741.135664894
103873.562415087
103880.077684206
103686.683935346
104135.715572827
103754.54088417
104165.507147492
103824.05038414
103963.915370979
103922.113799083
103874.887036566
103559.191089651
103920.418667274
103865.336309132
104036.748800765
104032.660712215
103989.796409629
103907.271872851
103822.462451031
104037.878694663
103835.271017572
104146.066664869
103541.26284494
103932.685406468
103588.733551711
103999.682124045
103862.358628589
103597.136649891
104017.344297837
103925.160072033
103784.280354012
104197.134114366
103904.336120137
103861.482517373
104035.528008355
104133.250861679
103943.617821622
103765.751222968
103828.792016331
103839.538551911
103754.242794988
104201.862021968
104070.162863788
103839.646524503
104020.360269516
103992.350673104
103794.046872166
103628.330183856
104187.057615456
104007.909049387
103902.272340803
103581.207201554
103751.52503775
103666.2750328
103902.851466503
103658.923987159
104035.873298152
104010.256873214
104099.060693733
103735.993191053
103932.238453496
103687.382199075
103797.202654494
104178.054722106
103879.794164613
104021.838677444
103850.16720549
103980.284091019
104000.075640677
104060.824872893
103849.204297948
103982.725767302
104000.334053906
103573.536276732
103937.187648558
103751.926318374
103933.490320517
104160.44284671
103917.533103108
103738.594257775
103858.224111294
103768.769095541
104208.347013181
104078.861661172
103898.410372969
104121.988679474
103835.342087779
103650.477175774
104006.369312605
103816.773180342
103916.622274128
103883.745555869
103844.09066998
103820.49165752
103847.416747209
103922.135273769
103960.57909229
103918.778096589
103886.821965375
103595.723791119
103665.992076553
103916.520670107
103877.783833257
103847.313196551
104320.19549809
103754.26486634
103941.924185613
104099.254235265
103824.966101593
103971.404442727
103673.674067701
103573.540671406
103734.102062374
103709.349761186
103962.189863934
103906.738959823
103613.335259247
103699.783712013
104034.441865999
103542.891334053
103931.383766963
103851.241211631
103512.951451747
104194.6343548
103828.955164074
103765.859073378
103816.398214668
103943.196872689
104198.503630224
103763.690678685
103916.331240162
103962.984464672
103864.729136619
103991.075150697
103987.706256894
104021.302174178
104164.321544598
103909.142486886
103798.544286026
103688.276306414
104143.224872879
103736.981511493
103921.844534113
103877.321899392
104130.190150809
103821.347344017
103748.985010936
103827.314850985
104178.504005911
104022.803731328
104000.377446557
103728.564317331
104085.804772901
103988.080798899
103670.587224097
104038.369005432
103848.755598655
104112.893024891
103905.735586124
103924.165258706
103808.442057479
103826.363373762
103827.114079176
103799.169040615
103843.919232328
103908.84835903
104209.426350771
104134.244207475
104024.473257505
103883.366510862
103754.859567826
103686.534702526
103860.796201083
103908.600871035
103875.132118912
103894.413788144
103968.413611713
103814.000040161
103799.079155791
103984.607854228
104177.334181713
103888.19282494
103877.515120954
103993.066916709
103854.576399668
103990.645330821
103880.651815322
103901.725556206
103891.425297123
103634.936287831
103772.860146218
103781.059052622
103747.261251203
104008.218375396
103916.367649996
104114.784133455
103929.600889858
104079.627271636
103955.01900906
103782.093531586
103839.92968754
104188.494450302
103860.488337702
103944.835920607
103683.25424786
103886.457815667
103765.454164037
103949.493793733
103686.493753425
104100.159742613
103898.571274308
103856.698110563
104009.34594646
104011.468852664
103969.490225565
103755.373582206
103789.890605506
103928.496718624
103902.585510283
103927.38783846
104057.526656509
104302.401722728
104062.216154733
103996.479866677
104054.37104897
103980.765020801
103912.666635877
103866.975407127
104025.328778007
103780.23729926
104029.219607578
103750.366520135
103754.601423095
104043.780458405
104247.193439545
104032.199056294
103827.56822656
104004.922464819
103843.740012301
103682.409196159
103835.26624653
103822.749582405
103652.05167883
104004.155500327
104271.301942352
103857.095578368
103908.929159898
104003.272021167
103913.893454306
103756.740940044
103965.318583757
103897.179511347
103933.229720234
103948.479991496
103919.007378521
103786.251689518
103629.486792284
103853.292280916
103983.39780219
103885.495251977
103898.324823448
103844.724088177
103813.541152251
104112.67711234
103711.013417198
103865.556044468
103981.409328716
103848.557628903
103840.032226194
104023.615648855
104196.014549946
104000.432206009
104082.026942253
103995.03578813
103935.107915
103818.235608518
103912.913987316
104267.522271658
103843.284143172
104100.392316611
103978.257449133
103827.441947264
103986.888319327
103911.379106753
104069.6877852
103934.803293011
103792.162300635
103869.624835976
103843.520661852
103816.665128962
103629.99553232
103918.126200685
103792.739599483
103591.608210537
103855.19770718
104084.203511789
103868.001901884
103639.294502193
103877.560880306
103776.199333512
103824.116410342
104033.962509867
103892.651142085
104029.929258177
103714.383247166
104258.671918295
103905.753064714
103620.878224102
104092.204503349
103849.671746879
104141.427756467
104080.009585465
103973.869717233
103846.736353976
103588.718795447
103739.392680673
103997.206963039
103944.433773675
103709.15415384
103728.065500657
104039.469810367
103840.967598157
104003.345067424
103868.102466741
103894.312327439
103789.277998027
104111.95547148
103707.991029713
104030.538175858
103657.611519086
103955.181679973
103727.995146139
103945.51320884
103672.365246991
103746.575131823
104068.828873038
103700.920585415
103992.516098415
103841.551167044
103810.964882303
103574.091385621
103808.21139409
103898.810476555
103806.276151808
104007.111347999
103986.489467282
103919.044585747
103751.557394981
103995.063492818
103761.974161655
104113.181476511
104079.699684044
104083.340681199
103844.117444876
104085.391439015
103748.89411048
104245.590890241
103819.976506828
103891.026979786
103649.210973544
103927.085958175
104017.272400487
103756.689681797
103858.219439647
103926.879461827
103977.997863515
103624.087808512
104189.886929214
103963.88940702
103928.086314072
104100.794397139
103663.086976525
103723.732423265
104220.088094976
104003.410637176
103838.146596827
103958.650113034
103908.075216799
104100.898431884
103872.793174979
103847.024777614
103691.915984718
104001.587120422
103508.637614403
103879.67247236
103945.738273699
103925.564457195
104108.705860771
103854.203673086
104139.351036446
103757.768673701
103700.738195071
103732.071240085
103600.612864363
103944.836761152
104193.73754327
