morph	words	tokens	tokens.raw
te	62	150372.855359	150371
i	28	87521.375992	87521
a	639	60575.789474	60502
ki	83	51954.150057	51954
Na	390	50609.904185	50610
e	21	44673.238867	44676
o	60	42793.802536	42791
ko	758	38283.08465	38125
nei	26	37464.723481	37470
ka	301	31221.959008	31197
ra	146	22415.888322	22416
faka	2755	22575.810753	22248
na	112	21568.537774	21571
he	50	20609.983282	20620
ma	466	20662.264365	20619
mai	55	18973.729376	18968
ta	689	18095.081946	17996
ana	18	17416.714578	17418
tou	22	16837.710894	16832
mo	115	14539.544079	14523
atu	17	13779.643708	13779
kei	15	13055.043517	13051
wa	87	12816.145689	12819
tahi	74	12618.50401	12618
me	8	12487.678528	12488
au	95	12058.223735	12041
kua	10	11419.465878	11419
ratou	1	11307.48918	11308
mea	11	11097.923489	11098
kia	56	11006.574603	10996
tau	453	10190.08205	10119
haere	11	9921.566148	9926
rero	18	9858.574792	9862
ano	2	9681.417913	9682
mahi	29	9437.214247	9437
kau	195	9401.819446	9370
roto	18	9041.73921	9039
hoki	17	8912.898576	8916
tu	508	8914.802738	8849
nui	82	6687.537876	6685
reira	1	6659.489201	6660
ae	7	6566.654114	6569
maori	9	6468.736402	6472
hia	727	6500.413913	6424
hei	26	6410.510033	6409
ia	92	6324.137995	6310
ai	18	6183.265792	6182
eNari	2	6111.151636	6112
tonu	3	5799.36551	5800
to	206	5801.548842	5767
pa	450	5823.033594	5765
no	25	5575.269913	5577
ake	14	5485.900212	5484
wai	297	5508.268176	5471
taNa	369	5450.760765	5435
koe	11	5293.170951	5289
raNa	86	5254.825332	5256
iwi	19	5162.737113	5161
kai	481	5057.338006	5012
reo	10	4870.025751	4868
rua	199	4857.395247	4823
katoa	1	4809.489224	4810
papa	149	4803.392058	4775
ke	48	4673.934928	4676
taku	11	4662.836168	4664
ruNa	13	4636.034714	4634
koi	39	4633.434845	4632
aha	19	4622.988051	4623
koutou	1	4529.489229	4530
ahua	21	4489.879334	4490
pai	50	4426.190792	4429
ti	388	4333.534195	4265
taua	21	4033.261436	4031
hio	8	3997.371962	3999
tae	43	3984.34784	3979
noho	15	3918.094446	3922
aro	76	3842.282647	3826
fare	42	3697.190288	3690
tua	122	3672.782476	3663
pu	507	3730.917952	3646
kaore	1	3531.489253	3532
pe	46	3450.834904	3454
tino	3	3428.163065	3428
tama	24	3338.621104	3341
kura	68	3285.007856	3278
noa	22	3245.040368	3240
kore	69	3234.016812	3222
roNo	42	3174.529185	3175
ne	11	3116.641838	3117
mata	236	2961.014851	2921
kite	13	2865.979984	2869
fenua	35	2852.809467	2849
ora	49	2828.647278	2821
tia	2143	3317.852422	2809
fai	87	2793.475285	2779
fa	188	2781.917444	2769
raNi	188	2756.958486	2733
tana	6	2729.055504	2730
tai	220	2728.834272	2699
hi	165	2662.207312	2645
re	39	2643.150748	2641
pea	7	2633.510716	2632
taNata	13	2566.043185	2564
riki	70	2571.602013	2560
haNa	93	2544.59762	2543
hine	15	2489.240324	2491
puta	27	2444.31733	2443
rau	219	2478.124479	2438
mau	71	2431.619359	2432
ako	27	2409.495113	2417
matua	22	2396.35793	2394
hui	28	2376.522029	2382
hara	67	2360.890857	2354
rere	91	2351.316521	2350
era	7	2244.929549	2245
hea	38	2220.8774	2217
ata	61	2215.467408	2216
fanau	11	2211.39501	2215
mana	58	2202.126585	2203
ara	52	2206.229997	2202
tika	32	2171.963095	2173
iho	10	2090.521467	2088
hua	129	2054.49355	2038
ahau	1	2008.489338	2009
kaiNa	6	1995.393415	1997
koa	15	1945.115574	1947
hau	284	1987.246608	1944
puna	15	1928.901687	1930
ro	47	1858.827683	1853
mutu	25	1835.542151	1831
taha	38	1833.036126	1828
marae	3	1823.163166	1823
po	286	1843.306664	1804
rama	23	1781.889919	1781
tona	11	1757.911948	1756
rawa	19	1757.703091	1752
heoi	1	1739.489368	1740
mua	21	1741.302911	1739
ao	43	1736.23173	1728
take	26	1676.165727	1676
tohu	56	1662.780914	1656
muri	27	1642.296467	1641
toru	23	1641.602767	1641
tira	16	1639.913892	1638
waka	37	1627.169112	1619
oti	16	1583.068407	1583
huri	81	1591.992669	1582
kaha	48	1575.10691	1572
toko	52	1542.849143	1540
mate	38	1537.336338	1534
mihi	17	1463.438735	1466
tuku	55	1460.885895	1453
taki	74	1434.032573	1433
roa	124	1425.157119	1411
pera	10	1407.541328	1408
titiro	2	1398.059995	1399
naia	5	1389.16597	1390
Nata	4	1386.658562	1387
ha	249	1418.200104	1385
kotahi	5	1353.599114	1356
taoNa	5	1354.173953	1353
tikaNa	2	1340.82634	1341
tiro	14	1329.642582	1333
puka	17	1325.082122	1322
kawana	3	1296.316575	1297
taea	2	1283.117624	1284
raro	18	1274.726881	1270
toku	1	1266.489453	1267
hoa	27	1267.688121	1262
maua	5	1261.039564	1261
kupu	19	1260.855711	1255
Nai	19	1253.126626	1253
iNoa	6	1246.74201	1248
rahi	38	1219.362159	1214
naNa	7	1190.260285	1192
tea	70	1164.578361	1157
motu	18	1152.723787	1153
Nia	482	1209.982502	1151
uru	80	1128.278126	1119
aua	4	1099.825738	1100
aku	12	1098.208252	1096
rite	42	1087.836446	1087
taNi	30	1080.639552	1082
rohe	15	1065.714018	1063
firi	69	1058.325757	1053
maha	11	1038.081166	1042
raua	7	1041.030777	1040
wiki	3	1034.317699	1035
tono	10	992.950924	996
huNa	29	989.227577	983
rima	12	973.095138	972
tari	47	976.185615	963
anei	1	959.489552	960
raru	17	954.260732	955
afi	27	949.682071	947
iti	48	944.900505	944
waeNa	15	906.048076	904
moana	16	902.821358	902
utu	25	900.199019	900
heke	44	895.206737	899
moe	44	895.970725	894
hou	57	892.384936	884
tuhi	36	881.780888	882
ona	8	880.018339	881
here	72	878.481811	873
kuia	6	868.366398	868
ho	104	875.337773	863
ku	141	883.155625	860
kara	93	854.851954	843
fi	36	831.897661	831
ria	150	848.617576	825
moko	25	822.533734	817
momo	8	818.352359	817
tane	11	812.536975	811
pi	186	833.068064	798
ture	12	790.42859	788
taka	162	801.729034	781
oku	1	780.489646	781
manu	44	783.061152	775
aki	33	763.435486	764
hore	40	770.54188	763
hoko	26	756.264049	758
toa	28	761.887635	756
pou	87	766.770187	755
Naro	19	753.909434	755
waru	21	754.459584	752
tapu	22	746.859736	744
tara	162	774.663792	742
hoe	29	743.547635	742
koia	3	738.825913	739
fiti	62	747.381362	736
moni	5	735.174198	734
awa	34	730.578072	726
takoto	11	719.729252	724
ono	10	719.698463	717
koroua	3	717.163499	717
piki	22	716.924242	717
kaua	2	712.826598	713
mahara	16	707.697446	711
iwa	4	707.672524	708
riro	11	704.512045	706
wera	36	692.048121	687
pae	75	696.411491	686
wae	49	689.772997	681
kao	21	679.243515	678
ware	30	676.918069	678
ua	30	683.014179	677
tiaki	9	674.401606	675
eke	32	669.156142	668
tere	38	668.121547	666
waho	9	662.587428	662
aroha	9	658.930191	659
ika	18	656.320886	654
riNa	17	656.020814	654
keke	33	649.113454	642
tata	48	647.143489	636
mano	11	622.615414	621
maki	16	613.599948	611
ira	19	609.238843	610
fitu	6	603.763536	605
patu	40	602.698941	599
karo	25	601.964239	598
ina	107	607.022812	591
ahi	25	592.590792	588
tipu	15	586.964911	587
uri	20	586.098242	583
poari	1	569.489832	570
neke	30	572.1141	569
tiki	31	566.640508	565
anake	1	551.489855	552
one	16	549.667853	550
panui	5	546.532248	549
ena	1	543.489865	544
pono	24	543.880722	542
hana	64	537.560039	537
waNa	3	532.979906	534
faea	4	531.454299	532
mauNa	3	529.418619	530
we	23	525.76147	522
kawe	27	524.428716	520
ahu	42	520.936237	516
turu	36	524.436588	515
paku	20	514.157901	515
mini	8	510.02897	509
tehi	3	507.615552	509
hapu	1	506.489918	507
mou	17	505.728925	506
haka	16	507.062012	505
ri	57	507.134145	504
tini	34	505.152867	502
faNa	19	504.413543	499
kiri	116	514.543025	492
ru	63	492.222031	490
wehe	23	479.342413	484
tuki	25	475.691228	478
Nakau	13	465.587487	466
waiho	3	462.487069	464
paka	36	470.329326	463
hera	12	460.42655	461
oho	27	457.054737	459
iri	37	463.764416	458
manako	7	446.870607	450
koro	177	486.032149	441
kiia	3	432.78066	434
hae	48	427.6176	425
porou	1	421.490074	422
kauni	2	419.826982	420
kapa	13	420.275135	419
tei	8	417.707278	418
ima	1	417.490083	418
tiriti	2	417.152515	418
kina	42	422.04254	417
hahi	1	416.490085	417
riri	35	413.382809	415
tinana	6	411.927824	414
kahu	37	415.593666	411
hoiho	1	410.023829	411
rapu	18	411.342907	410
kimi	4	401.683761	403
pau	18	387.977825	391
wi	15	388.237046	389
piri	65	399.587749	388
mi	42	391.447115	386
arawa	1	377.490182	378
poro	105	388.737384	376
kino	34	372.533689	375
koti	36	369.044606	362
wahi	23	360.339607	360
waea	8	357.465378	357
hai	16	356.285823	357
hari	18	357.191664	355
tohe	36	353.191272	352
rauna	8	353.0198	352
puhi	28	353.047516	348
homai	5	344.680925	347
u	36	349.446167	345
hiri	32	347.22333	345
makau	2	343.827189	344
marie	13	343.306833	343
hita	11	341.717656	342
kohi	9	340.666028	342
pene	13	337.841986	339
maku	8	337.185547	335
pakari	4	329.16795	331
haora	1	326.490344	327
mara	24	328.728369	326
rei	41	331.378163	325
nohi	17	325.486716	321
pepa	8	320.193308	320
pare	43	326.512404	318
toke	13	318.689463	317
atua	9	307.185663	305
pito	12	306.683706	305
reka	36	305.41238	305
ariki	5	302.576003	304
kare	25	308.625166	303
hiNa	11	299.697708	299
hu	107	315.642665	297
tahu	13	294.573562	294
wenei	1	292.490483	293
hira	7	288.476867	291
etehi	1	287.490506	288
taa	2	284.827425	285
iro	13	285.089363	284
nuku	23	283.455331	281
upoko	10	282.139488	281
kato	9	278.767101	276
kawa	32	278.236886	275
kete	25	277.170515	275
tupuna	1	274.490571	275
poi	29	275.241634	273
hatu	3	271.659816	272
paki	63	279.381398	269
rewa	38	263.399464	267
toi	58	280.514925	266
hoatu	5	265.174814	266
poti	17	264.073948	266
tupu	18	261.782993	263
manawa	27	260.216223	261
taNo	10	260.2127	261
puke	34	260.590925	260
reNa	14	257.056244	256
hono	20	255.145475	256
waha	44	256.139777	255
mema	2	253.827593	254
komiti	4	252.501413	252
pirihi	2	248.010627	249
fera	27	247.005155	247
paoro	8	244.718689	245
naki	29	248.537999	243
pupuri	5	241.338362	242
nu	10	241.428655	241
fiu	25	238.459256	237
ui	8	229.189724	235
fea	11	233.771048	234
huru	36	239.800622	233
pouaka	1	231.490835	232
mahue	5	227.638701	229
tumu	10	228.442323	228
wawata	4	223.914039	225
huia	6	222.395181	222
kana	14	219.967941	222
namu	16	223.788907	219
kuhu	16	216.222576	215
rea	46	218.744205	214
nau	14	214.182314	213
maru	40	219.016809	212
karaka	4	210.793003	211
toria	3	210.337093	211
korero	10	208.687335	210
neki	7	206.761296	210
puku	54	220.335619	209
poto	24	209.595348	209
purei	5	207.2442	209
hopu	17	206.035146	205
pouri	12	205.137558	205
tafito	1	204.491057	205
futu	2	202.987866	204
toro	86	220.531036	203
fe	84	218.63643	203
kamu	6	200.294092	202
para	148	231.310537	201
raku	16	199.538661	194
karaNa	5	192.380258	194
peka	40	203.860342	193
kihi	32	193.061418	191
wari	14	190.869207	191
ratau	1	188.491218	189
rawe	7	189.849557	188
rata	21	189.528762	187
kiwa	7	189.523376	187
faia	8	188.186483	186
hika	20	190.394796	185
mona	8	185.63739	185
aNa	37	191.593127	184
peke	53	190.967314	184
raki	20	187.215733	184
hake	19	184.681051	182
rori	38	187.470045	180
mamae	5	176.868294	179
wero	11	176.421123	179
rehu	44	183.386268	178
kuri	12	180.789153	178
hohi	4	177.67791	178
tatu	9	176.551733	177
uta	10	174.513105	175
kemu	1	174.491383	175
nana	15	172.278667	174
tariNa	5	172.839038	172
tatari	5	171.839052	171
popo	22	175.238964	168
kani	11	170.53696	168
kati	30	171.92744	167
tapa	46	171.604493	167
kui	19	169.674057	167
tarai	7	166.101337	167
rai	24	165.980147	167
ea	9	167.357599	165
are	19	166.494808	163
inanahi	2	161.828466	162
turi	34	168.388815	161
nore	6	160.562333	161
pepi	1	160.491577	161
tera	7	159.794739	161
toNa	20	163.709641	160
haro	8	161.011016	160
kari	44	167.749545	159
kata	18	160.429017	159
kiNi	7	159.000902	159
pamu	2	158.828512	159
tafiti	5	158.839239	158
hohonu	3	155.74596	157
Nahau	5	155.21992	156
pato	10	155.636912	155
apa	21	159.556611	154
hipi	6	152.662149	153
kuta	7	152.144959	153
puru	38	159.605881	152
nama	6	152.501784	152
teina	1	147.992712	149
reti	24	151.356789	148
nara	4	146.856228	148
puni	19	147.185163	147
Ne	9	145.582232	147
hiko	45	157.586461	146
hapai	9	143.888342	144
wehi	12	144.939478	143
ripoata	4	142.671883	143
kori	18	146.18265	142
maka	27	145.479111	142
haki	20	145.681954	141
wana	7	140.562223	141
muru	3	140.491274	141
inoi	3	140.457039	141
maNa	28	143.513304	138
roro	26	141.722017	138
hiki	12	134.305258	135
piu	7	133.718142	134
haina	8	130.976367	133
kiore	7	133.513533	132
moku	2	128.829081	129
mira	8	129.685816	128
maro	21	131.355828	127
rena	15	125.939871	126
poaka	2	125.829153	126
takahi	5	124.032438	124
toto	33	129.295246	123
toha	8	123.712347	123
ihu	12	123.707124	122
hiku	24	126.269768	121
komi	8	122.028329	120
kere	58	136.077212	119
toe	9	120.105	119
roia	3	119.166239	119
ruru	36	125.058742	118
tuna	6	118.502533	118
kume	11	115.224164	118
miriona	1	116.492487	117
oma	15	119.220953	116
mere	9	116.037522	116
toki	18	120.487096	115
kuini	3	114.154368	115
horo	67	125.739277	114
Noi	18	115.296558	114
ohu	4	112.680954	113
mihini	2	112.349744	113
aitua	2	112.032227	113
ere	25	117.504308	112
piha	9	113.687399	112
hora	22	112.102367	111
hawai	2	109.04948	110
oki	5	109.022629	110
tikina	1	108.49273	109
koha	11	109.587231	108
akana	1	105.492831	106
tuNane	1	105.492831	106
kaNa	24	108.26279	105
rihi	13	107.20675	105
maihi	5	105.177421	104
rika	10	102.139378	104
hipa	7	104.851265	103
koka	7	104.03723	103
moea	5	103.166116	103
miraka	3	102.166782	102
tuara	4	101.063075	102
kiko	14	102.763521	101
rapa	46	109.740333	100
noku	1	99.49305	100
tui	24	103.970785	99
ari	25	101.711911	99
moke	8	99.607672	99
karaehe	2	98.829994	99
kereme	3	97.74751	99
rehe	27	103.888506	98
paru	17	103.246022	98
fara	26	102.879428	98
faiNa	5	97.026811	97
matau	3	95.783903	97
miti	20	99.20574	96
Nere	8	98.18782	96
paraire	2	95.830116	96
tunu	9	95.398018	96
mita	9	96.408423	95
ruma	7	95.387273	95
meneti	1	94.493254	95
tito	20	97.660645	94
huka	36	102.961324	93
wariu	5	92.342461	93
nare	2	92.155817	93
ruku	20	98.241219	92
kaute	6	91.794846	92
toka	19	95.000408	91
No	21	92.917739	91
paraoa	2	90.830337	91
puea	1	90.493433	91
pefea	3	89.678576	91
pana	27	94.548629	90
fati	20	92.98836	90
pari	17	92.193093	90
pakaru	4	90.504193	90
pire	2	90.167289	90
koura	2	89.830385	90
mei	5	87.815157	90
ati	13	91.403012	88
huhu	14	89.899887	88
ruhi	9	89.03093	88
fatu	29	93.074471	87
umu	13	91.210285	87
hopa	7	86.91479	87
mene	18	84.93082	87
Nu	34	93.7404	86
aho	31	93.60752	86
raka	36	89.666552	86
pipi	19	88.822135	86
tanifa	6	87.1782	86
Ni	17	85.611206	85
pere	36	90.50891	84
kake	8	84.165768	84
neti	5	82.399925	84
pua	42	89.178857	83
pahi	12	84.222106	83
piro	23	87.740219	82
kapo	24	87.598342	82
kene	12	84.600321	82
huna	11	82.302926	82
keNa	2	80.830862	81
tao	36	86.321278	80
ope	14	85.150303	80
mahana	14	81.9639	80
puti	4	80.682104	80
horoi	2	79.830921	80
mateNa	1	79.494017	80
kapua	3	79.360714	80
Nau	15	80.360319	79
mura	11	79.091961	78
hafe	3	78.167949	78
pata	28	83.125523	77
tutu	24	82.796775	77
pahure	2	76.156701	77
heu	10	78.670137	76
hiwi	15	76.82676	76
titi	46	85.529016	75
raNo	8	77.386679	75
paoa	5	75.16755	75
aia	2	74.459558	75
nawe	10	76.525949	74
paNa	18	76.157879	74
reri	5	74.00984	74
tepu	2	73.831312	74
tereina	2	73.831312	74
kohu	28	79.114074	73
hao	16	77.414295	73
fao	16	74.507216	73
emi	11	74.253995	73
inu	14	73.674949	72
tifi	3	72.168361	72
heri	5	71.761929	72
tahuna	3	71.493962	72
eka	9	73.526764	71
aka	42	77.854944	70
mia	33	73.521099	70
pei	14	71.175269	70
mahau	2	69.350471	70
wiri	33	75.504055	69
roi	16	73.815176	69
tihi	13	72.46604	69
piko	18	68.682376	69
karapu	1	68.494785	69
tame	2	67.589446	69
purua	4	68.505579	68
kauta	2	67.001598	68
unu	21	70.222302	67
reta	3	67.168759	67
paua	2	66.025022	67
kuti	6	64.410894	67
ihi	24	72.463189	66
pounamu	8	67.853366	66
nata	7	67.516462	66
amu	4	67.022998	66
aru	18	66.750386	66
pura	13	66.403247	66
nona	4	65.831366	66
peta	9	68.87488	65
puri	11	67.600264	65
ni	12	67.282026	65
piti	24	66.587663	64
ura	13	66.049451	64
fero	16	64.732767	64
heneti	2	63.066191	64
puare	7	61.728454	64
kano	16	67.47791	63
kora	10	67.456763	63
tori	11	65.064936	62
kiwi	8	61.958254	62
nuka	7	60.996525	62
mati	17	62.380178	61
rakau	8	61.350898	61
tina	4	60.831858	61
maia	1	60.495515	61
wini	15	62.608278	60
waku	7	62.527756	60
puehu	4	60.506332	60
riNi	14	60.470773	59
tihe	7	60.375346	59
kapi	8	57.614923	58
kapu	10	59.864996	57
ori	12	57.351805	57
maNu	7	57.261443	57
puihi	1	56.495956	57
kapene	1	55.83298	56
hekere	2	55.15863	56
pihi	10	54.131291	56
hura	18	58.319409	55
pati	15	56.908451	55
roaNa	1	54.4962	55
tapahi	2	54.010518	55
koko	40	64.185192	54
fifi	20	57.664835	54
taraiwa	4	53.705075	54
feke	13	56.052304	53
keri	14	55.903982	53
uhi	15	55.721512	53
amo	16	54.845705	53
taru	13	53.710554	53
ou	2	53.17027	53
auau	2	52.833366	53
kuki	1	52.496462	53
tomo	8	52.311482	53
haua	7	52.098756	53
putu	18	54.507483	52
moto	9	54.190794	52
niu	8	53.376948	52
hue	9	53.058085	52
rakai	6	52.50679	52
wo	1	51.4966	52
hinu	16	54.20066	51
rainei	1	50.496744	51
raraNa	1	50.496744	51
mineNa	2	50.010844	51
foatu	4	49.997232	51
miri	22	55.95405	50
Nuru	13	53.26051	50
nehe	9	52.725061	50
waia	9	50.617322	50
pani	19	50.391277	50
matea	2	49.125386	50
rapo	6	48.09708	50
fata	17	50.914406	49
mani	10	50.854873	49
hotu	5	49.277567	49
kiki	26	52.267762	48
mahuta	1	47.497211	48
tanu	2	47.369407	48
kaka	46	59.522074	47
wete	16	50.912945	47
pao	14	50.256564	47
kaki	6	47.739475	47
rimu	7	47.703637	47
maroke	6	46.648572	47
karu	26	52.402336	46
moka	15	49.805711	46
reke	20	48.330366	46
hutu	11	47.602639	46
rano	1	45.497556	46
mato	4	43.843357	46
fio	19	49.043095	45
mao	9	44.176738	45
kuru	55	59.898896	44
meke	14	44.126724	44
Neu	1	43.01279	44
parau	15	45.705084	43
wira	6	44.182651	43
nehu	17	43.558151	43
poko	25	43.557424	43
Naru	7	43.113967	42
rara	28	47.783586	41
kauri	5	41.846177	41
tiati	1	40.835465	41
taraka	1	40.498561	41
taimaha	3	40.464113	41
taia	9	40.391114	41
Nana	3	40.323035	41
oro	64	57.483673	40
nako	22	46.665006	40
poka	19	44.679182	40
Nutu	22	44.121817	40
tene	11	41.833082	40
perehi	8	40.508669	40
tahiti	1	39.498792	40
tahito	1	39.498792	40
kotiti	4	39.057043	40
kororia	3	38.416824	40
rae	18	41.857718	39
ota	12	40.861163	39
wao	13	40.181643	39
tope	9	39.686768	39
rahaki	1	38.499034	39
muia	2	38.161719	39
teko	4	37.559236	39
puNa	25	42.682085	38
tio	13	41.290473	38
niho	14	40.977066	38
teka	15	39.342268	37
retu	2	37.173365	37
rire	10	38.868512	36
pupu	11	38.064615	36
Nako	6	37.858167	36
firia	6	37.184359	36
feu	4	37.184359	36
patai	7	36.034753	36
reNi	2	35.836743	36
rumaki	2	35.836743	36
weri	4	35.606363	36
oru	5	35.361236	36
puaki	5	34.615679	36
hawea	5	34.300086	36
hina	38	41.227497	35
hoi	18	40.000337	35
wata	14	38.209866	35
wau	11	37.276372	35
karaihe	3	35.173946	35
kena	14	35.086553	35
kuku	36	43.784724	34
ure	7	35.858781	34
ama	5	34.848069	34
taina	5	34.848069	34
kirimi	3	33.3617	34
hini	4	32.923669	34
ore	19	38.3158	33
pia	18	37.366413	33
rino	10	35.441959	33
tohi	10	35.393114	33
pipiri	3	33.174595	33
farau	5	33.140406	33
hamu	9	32.969738	33
aute	2	32.837691	33
kawiti	2	32.837691	33
tarau	3	32.767554	33
pane	12	32.578135	33
kuaka	1	32.500787	33
kupe	1	32.500787	33
niko	14	37.474553	32
kou	16	34.918043	32
poho	14	34.35939	32
Nare	5	32.477711	32
mataara	2	31.838046	32
murua	1	31.501142	32
hapa	10	32.418668	31
kamo	10	32.269252	31
muka	5	31.849135	31
marara	3	31.175327	31
tipua	4	30.76844	31
karai	1	30.501519	31
piture	1	30.501519	31
miro	19	35.90265	30
poki	24	35.004477	30
weti	14	32.232628	30
oha	15	31.769534	30
toia	6	31.18644	30
peti	14	30.989737	30
tahua	4	30.512632	30
kono	5	30.002451	30
arero	2	29.838824	30
riu	2	29.838824	30
tikei	2	29.838824	30
toho	2	29.838824	30
tikiti	1	29.50192	30
kie	1	29.028034	30
amene	3	28.827666	30
io	13	33.892429	29
pahu	12	30.547492	29
tare	13	29.919544	29
miria	2	28.839252	29
taiao	4	28.839044	29
mine	6	28.632943	29
papara	3	28.50214	29
raha	11	29.75996	28
mete	8	29.420613	28
kauae	6	28.443834	28
pakeha	4	27.770026	28
hereni	1	27.502806	28
manene	1	27.502806	28
tumeke	1	27.502806	28
ruia	5	27.502492	28
mohi	3	27.165588	28
pehu	13	31.556718	27
paNo	10	28.792064	27
maui	5	28.187817	27
pena	8	27.038939	27
NaNara	2	26.840201	27
paikea	1	26.503297	27
raiti	1	26.503297	27
parai	6	26.388672	26
makawe	2	25.840728	26
reiti	4	25.711836	26
waihaNa	1	25.503824	26
fana	28	32.186621	25
mamao	10	26.061939	25
oati	7	25.818366	25
taiki	2	24.841296	25
uni	2	24.841296	25
raweke	5	24.346262	25
mama	15	28.773619	24
rou	12	26.74945	24
pine	13	26.698351	24
hope	11	25.863391	24
fia	9	25.863333	24
niwa	5	25.397984	24
koNa	4	24.387272	24
hemo	6	23.808701	24
marino	1	23.505006	24
tahaki	1	23.505006	24
tiri	27	29.124329	23
awe	11	27.559231	23
ate	10	26.548519	23
pepe	10	24.830592	23
hare	7	23.786777	23
tuia	3	23.179479	23
nehi	1	22.505671	23
parata	1	22.505671	23
poraka	1	22.505671	23
manaia	2	22.168825	23
nuia	2	22.13536	23
kape	22	27.790752	22
tawa	11	23.865046	22
kohe	9	23.665192	22
anu	10	23.319437	22
kutu	9	23.077099	22
huaki	3	22.180203	22
kopo	2	21.843299	22
akuni	1	21.506395	22
keta	1	21.506395	22
pereti	1	21.506395	22
kiti	2	21.100829	22
timu	3	20.955882	22
mako	18	23.69448	21
huti	9	23.66552	21
teNa	6	22.865513	21
hure	7	22.071734	21
mutua	4	21.517897	21
korea	2	20.844089	21
pupuru	1	20.507185	21
poai	2	20.406058	21
ue	14	23.856039	20
tiu	10	22.540861	20
were	17	21.997341	20
tiko	10	21.024023	20
hete	7	20.419548	20
wawe	6	20.182533	20
wepu	1	19.50805	20
tero	10	18.942522	20
tete	39	28.596053	19
rohi	16	23.699969	19
pure	16	23.112093	19
kona	15	22.050611	19
tipi	13	21.476311	19
rui	12	21.038032	19
rarau	9	19.722687	19
mare	6	19.680672	19
piriti	3	19.182811	19
momori	2	18.845907	19
kama	5	18.731506	19
Naki	3	18.509391	19
watene	1	18.509003	19
woku	1	18.509003	19
peni	2	18.172487	19
taiepa	2	18.172487	19
rahu	23	25.725548	18
moa	14	22.563617	18
waro	10	21.216001	18
nou	4	19.194577	18
una	4	18.857673	18
fano	3	18.183865	18
pepeha	3	18.183865	18
naihi	2	17.846961	18
naka	9	17.675961	18
inei	1	17.510057	18
maire	2	17.140715	18
rore	24	25.207273	17
tore	23	23.831947	17
fetu	16	20.18605	17
aNi	16	20.041546	17
kahi	12	19.775108	17
repo	10	19.207917	17
hiwa	10	19.144552	17
uka	10	19.100048	17
tike	7	18.08818	17
kehu	4	17.521941	17
ropi	10	17.461957	17
matata	5	17.185682	17
mohou	2	17.185037	17
tehe	4	17.098894	17
ini	5	17.075596	17
ehea	1	16.511229	17
matou	1	16.511229	17
tukohu	1	16.511229	17
fifiNa	2	16.062893	17
nahea	3	15.806298	17
mu	26	22.895463	16
iNo	16	21.799218	16
mina	16	20.802629	16
hoNi	12	18.515711	16
wuru	4	16.523252	16
reiNa	3	16.186348	16
tuke	6	16.157383	16
miniti	1	15.51254	16
wahie	1	15.51254	16
nihi	17	18.413269	15
hama	11	17.39126	15
mimi	8	16.872345	15
nae	10	15.716234	15
ripo	10	15.46872	15
nakua	3	15.187825	15
rito	6	15.128788	15
mera	7	15.066116	15
hune	2	14.850921	15
taNuru	3	14.515027	15
awau	1	14.514017	15
memeha	1	14.514017	15
pititi	1	14.514017	15
tereNa	2	14.178123	15
kanata	2	14.111654	15
raho	16	17.898248	14
toNi	10	17.895445	14
refa	9	16.784736	14
kea	9	16.547829	14
reko	10	16.117611	14
momi	10	15.878749	14
moki	6	15.874021	14
remu	12	15.453006	14
tuma	6	15.43712	14
fena	7	14.832523	14
hahau	5	14.190753	14
riana	3	14.189501	14
totohu	3	14.189501	14
maero	4	13.853849	14
horoia	1	13.515693	14
otiia	1	13.515693	14
katea	2	13.114245	14
nohoia	2	13.085796	14
oi	16	17.492491	13
kopi	8	14.785557	13
fau	12	14.763961	13
keka	6	14.539035	13
rake	9	14.088059	13
penu	12	13.829921	13
topa	11	13.773649	13
meha	6	13.531799	13
poua	4	13.528323	13
rona	9	13.443251	13
Nira	2	13.191419	13
aihi	2	12.854515	13
umere	2	12.854515	13
wewehi	2	12.854515	13
kiNa	3	12.824402	13
feoi	1	12.517611	13
fiore	1	12.517611	13
haupo	1	12.517611	13
motatau	1	12.517611	13
neha	1	12.517611	13
teneti	1	12.517611	13
urua	3	12.423045	13
ripi	19	15.864526	12
oNa	11	14.226279	12
mahu	10	13.848895	12
hape	9	13.211704	12
ehe	5	13.204348	12
taro	5	13.204348	12
ririki	5	12.867444	12
poroa	6	12.532465	12
kuihi	4	12.53054	12
rota	5	11.86106	12
kehi	4	11.858657	12
faNaia	2	11.856732	12
fetai	2	11.856732	12
marama	2	11.856732	12
moari	2	11.856732	12
uia	2	11.856732	12
rao	3	11.767298	12
hata	3	11.521753	12
faene	1	11.519828	12
pakake	1	11.519828	12
rarapa	1	11.519828	12
taramu	1	11.519828	12
tekehi	1	11.519828	12
paraki	4	11.446205	12
tarea	2	11.104282	12
uara	2	11.09349	12
hori	13	15.912883	11
more	15	15.168507	11
oke	11	14.483111	11
Note	14	14.209087	11
rapi	13	14.181992	11
tura	9	13.554555	11
Neru	3	11.870035	11
hopi	5	11.538562	11
faro	5	11.201658	11
puia	5	11.19863	11
uira	3	11.196227	11
ohi	4	10.861726	11
pokoko	2	10.859323	11
matu	3	10.777167	11
fira	2	10.524822	11
heoti	1	10.522419	11
hereNi	1	10.522419	11
kakama	1	10.522419	11
mahaki	1	10.522419	11
pihiNa	1	10.522419	11
wepua	1	10.522419	11
roko	2	10.187918	11
rutu	18	15.512892	10
hihi	18	14.894273	10
hoka	16	14.249035	10
rita	11	14.242144	10
ene	14	13.912131	10
kipa	13	13.542245	10
apu	12	13.238323	10
wene	11	13.149069	10
tefa	7	12.145364	10
uma	8	11.883816	10
nia	12	11.842631	10
runa	6	11.213036	10
hako	8	10.824519	10
peru	6	10.797748	10
makete	4	10.5362	10
tohea	4	10.5362	10
riha	7	10.487426	10
pokai	6	10.464932	10
hamo	5	10.172598	10
koraha	2	9.862392	10
koroi	2	9.862392	10
pukeNa	2	9.862392	10
wake	5	9.780029	10
aue	1	9.525488	10
hoari	1	9.525488	10
kanawa	1	9.525488	10
kekeno	1	9.525488	10
paihi	1	9.525488	10
reihi	1	9.525488	10
tuha	4	9.173588	10
tupua	4	9.139999	10
poia	4	9.137905	10
huki	20	15.595345	9
pako	22	14.955126	9
apo	21	14.901239	9
ipu	15	13.923509	9
hunu	14	13.194036	9
muku	11	12.518323	9
ufi	14	12.226305	9
mori	15	12.190913	9
haru	10	11.565181	9
ruaki	10	11.561318	9
koru	11	11.552788	9
kaho	8	10.222584	9
maene	7	9.880661	9
napi	5	9.876798	9
kohua	4	9.539894	9
kio	7	9.488092	9
korou	3	9.20299	9
maunu	3	9.20299	9
pakeke	3	9.20299	9
tapepe	3	9.20299	9
himu	5	9.151188	9
patia	4	8.812379	9
arani	1	8.529182	9
awaNa	1	8.529182	9
mawe	1	8.529182	9
pahemo	1	8.529182	9
ruihi	1	8.529182	9
tupeka	1	8.529182	9
NaNa	4	8.20116	9
haku	12	12.250367	8
pona	12	11.581578	8
firo	9	10.880864	8
weto	11	10.195961	8
ike	8	10.173278	8
miki	7	9.892039	8
poNa	7	9.892039	8
komo	8	9.836374	8
tipa	11	9.540648	8
heru	9	9.520059	8
apiti	6	9.218231	8
moho	8	9.196344	8
kapiti	4	8.544423	8
parea	4	8.544423	8
kera	5	8.522536	8
kiha	6	8.509347	8
tena	3	8.488758	8
miNa	3	8.207519	8
takao	3	8.207519	8
tami	3	8.207519	8
wati	3	8.207519	8
torona	3	8.185632	8
fika	2	7.870615	8
kitihi	2	7.870615	8
rukea	2	7.870615	8
kupa	3	7.848728	8
kaeNa	1	7.533711	8
kakahi	1	7.533711	8
katia	1	7.533711	8
matene	1	7.533711	8
pareNo	1	7.533711	8
peneti	1	7.533711	8
punua	1	7.533711	8
tapepa	1	7.533711	8
toromi	1	7.533711	8
wita	1	7.533711	8
haea	5	7.521027	8
kirihi	2	7.17492	8
pune	2	7.141142	8
kopa	16	11.611227	7
rera	15	11.599639	7
wawa	10	9.908436	7
Nari	11	9.587418	7
pore	11	9.56712	7
feo	8	8.880312	7
rupe	7	8.567503	7
haha	6	8.56082	7
rako	4	8.223916	7
teki	8	7.902898	7
kita	5	7.893695	7
afio	9	7.8826	7
meka	5	7.556791	7
ita	9	7.26297	7
Naua	3	7.213204	7
remi	3	7.213204	7
titia	3	7.213204	7
papi	2	7.213204	7
kakapa	5	7.195501	7
karakia	2	6.8763	7
kokoru	2	6.8763	7
paera	2	6.8763	7
kiro	4	6.858597	7
hariNa	1	6.539396	7
huata	1	6.539396	7
kaeo	1	6.539396	7
kahika	1	6.539396	7
mariu	1	6.539396	7
Naehe	1	6.539396	7
napo	1	6.539396	7
niao	1	6.539396	7
Noiro	1	6.539396	7
nota	1	6.539396	7
paeke	1	6.539396	7
pahika	1	6.539396	7
weu	1	6.539396	7
moro	3	6.521693	7
inihi	1	6.209175	7
hapi	1	6.162397	7
ehu	14	11.611017	6
fere	11	10.600305	6
uku	13	10.263401	6
hiti	19	9.668359	6
ramu	8	9.563404	6
ruke	10	8.90469	6
Nara	9	8.90469	6
pake	8	8.601375	6
rari	10	8.588084	6
oko	9	7.927567	6
pui	7	7.905073	6
mure	6	7.905073	6
nati	8	7.878884	6
rare	7	7.568169	6
pio	7	6.916855	6
peha	6	6.916855	6
uhu	7	6.903564	6
wahine	5	6.894361	6
kira	3	6.894361	6
kakau	4	6.557457	6
kikiri	4	6.557457	6
karihi	3	6.220553	6
wawao	5	6.194364	6
nea	9	5.962415	6
taunu	6	5.906143	6
takina	4	5.892852	6
fakina	2	5.883649	6
keria	2	5.883649	6
nika	2	5.883649	6
parani	2	5.883649	6
tapua	2	5.883649	6
tarapu	2	5.883649	6
fama	1	5.546745	6
hakeke	1	5.546745	6
karani	1	5.546745	6
makai	1	5.546745	6
nanao	1	5.546745	6
paiarehe	1	5.546745	6
piriNi	1	5.546745	6
punaNa	1	5.546745	6
rerea	1	5.546745	6
taui	1	5.546745	6
tineia	1	5.546745	6
tinihaNa	1	5.546745	6
tokaNa	1	5.546745	6
ufa	1	5.546745	6
weheNa	1	5.546745	6
wara	26	14.697614	5
rure	16	11.968502	5
faki	19	11.631889	5
naha	15	10.634177	5
Nao	16	9.610174	5
oka	12	9.342833	5
timo	11	8.97234	5
repa	11	8.949657	5
hewa	13	8.936657	5
Nohe	12	8.635436	5
weka	11	8.599462	5
ketu	12	8.298532	5
ruki	8	7.938945	5
tifa	9	7.925945	5
tapi	8	7.28782	5
kumu	6	6.914942	5
poke	8	6.614012	5
noke	5	6.578038	5
pora	8	6.241425	5
rarahi	6	6.241134	5
tataki	5	6.241134	5
witi	5	6.241134	5
eki	4	6.241134	5
mari	5	5.90423	5
tapoko	6	5.567617	5
tairi	4	5.567326	5
roma	3	5.567326	5
puha	6	5.266396	5
aio	3	5.230422	5
hone	3	5.230422	5
kanae	3	5.230422	5
marire	3	5.230422	5
pokea	3	5.230422	5
houra	2	5.230422	5
tahe	6	4.929492	5
hoake	4	4.906809	5
kota	3	4.906809	5
pohane	4	4.893809	5
aruhe	2	4.893518	5
maiki	2	4.893518	5
nonohi	2	4.893518	5
wena	2	4.893518	5
afa	3	4.569905	5
faina	3	4.556905	5
eru	1	4.556614	5
fae	1	4.556614	5
kire	1	4.556614	5
mania	1	4.556614	5
mapi	1	4.556614	5
ohoNa	1	4.556614	5
panana	1	4.556614	5
parauri	1	4.556614	5
parore	1	4.556614	5
pataNa	1	4.556614	5
pikau	1	4.556614	5
pikia	1	4.556614	5
pohu	1	4.556614	5
riti	1	4.556614	5
riwa	1	4.556614	5
tarahae	1	4.556614	5
tokena	1	4.556614	5
tuta	1	4.556614	5
kanu	2	3.91878	5
nono	13	7.297104	4
tote	8	6.265803	4
hema	7	6.265803	4
weke	8	5.681856	4
eNa	5	5.591995	4
koni	4	4.918187	4
oroko	6	4.601872	4
parera	4	4.581283	4
takai	4	4.581283	4
tapuhi	4	4.581283	4
tima	4	4.581283	4
iNa	5	4.264968	4
matara	5	4.264968	4
Naio	3	4.244379	4
paraka	3	4.244379	4
tetere	3	4.244379	4
turuki	3	4.244379	4
kumi	2	4.244379	4
neko	2	4.244379	4
Nota	2	4.244379	4
taera	2	4.244379	4
aihe	2	3.907475	4
haeata	2	3.907475	4
hihiri	2	3.907475	4
karoa	2	3.907475	4
kuhua	2	3.907475	4
maria	2	3.907475	4
mauku	2	3.907475	4
monita	2	3.907475	4
moroki	2	3.907475	4
paoka	2	3.907475	4
paraihe	2	3.907475	4
pokaina	2	3.907475	4
ripene	2	3.907475	4
fanake	5	3.626843	4
horapa	3	3.59116	4
ahaha	1	3.570571	4
anaNa	1	3.570571	4
fataraNi	1	3.570571	4
hapori	1	3.570571	4
karawa	1	3.570571	4
karore	1	3.570571	4
keNe	1	3.570571	4
kerewa	1	3.570571	4
korau	1	3.570571	4
mamaha	1	3.570571	4
mareti	1	3.570571	4
nanahi	1	3.570571	4
niha	1	3.570571	4
popa	1	3.570571	4
purotu	1	3.570571	4
ruha	1	3.570571	4
tapui	1	3.570571	4
ukuia	1	3.570571	4
waina	1	3.570571	4
kome	1	3.25635	4
roha	11	6.670357	3
nao	9	6.634674	3
mumu	12	6.333453	3
ato	9	6.29777	3
hane	9	5.960866	3
ine	12	5.693234	3
mui	8	5.693234	3
tako	7	5.623962	3
paea	7	4.950154	3
numi	8	4.682522	3
fafa	7	4.61325	3
fita	6	4.61325	3
uki	7	4.345618	3
rato	7	3.975125	3
fenu	5	3.939442	3
fiua	5	3.939442	3
nini	5	3.939442	3
Nore	4	3.939442	3
makuru	4	3.602538	3
taraia	4	3.602538	3
naho	3	3.602538	3
anini	3	3.265634	3
koeka	3	3.265634	3
taona	3	3.265634	3
uke	3	3.265634	3
kimo	2	3.265634	3
ahuru	4	2.964413	3
etita	2	2.92873	3
kauNa	2	2.92873	3
maina	2	2.92873	3
Nahuru	2	2.92873	3
NaNahu	2	2.92873	3
peira	2	2.92873	3
pereki	2	2.92873	3
putua	2	2.92873	3
rana	2	2.92873	3
roti	2	2.92873	3
taika	2	2.92873	3
takeke	2	2.92873	3
tamahine	2	2.92873	3
timi	2	2.92873	3
raihi	1	2.92873	3
mae	4	2.661098	3
miNi	4	2.661098	3
raoa	3	2.627509	3
faona	1	2.591826	3
heihana	1	2.591826	3
hiaNa	1	2.591826	3
kafi	1	2.591826	3
kameta	1	2.591826	3
kapuni	1	2.591826	3
kofaki	1	2.591826	3
kokako	1	2.591826	3
korihi	1	2.591826	3
koropa	1	2.591826	3
kupae	1	2.591826	3
maipi	1	2.591826	3
manini	1	2.591826	3
mereni	1	2.591826	3
mokai	1	2.591826	3
muruNa	1	2.591826	3
Naere	1	2.591826	3
Nuha	1	2.591826	3
parehe	1	2.591826	3
potaea	1	2.591826	3
rakaina	1	2.591826	3
ranui	1	2.591826	3
rawaka	1	2.591826	3
reina	1	2.591826	3
reme	1	2.591826	3
tapuae	1	2.591826	3
tarata	1	2.591826	3
terei	1	2.591826	3
tiare	1	2.591826	3
toma	1	2.591826	3
tukuna	1	2.591826	3
wahaNa	1	2.591826	3
weraNa	1	2.591826	3
koto	3	2.324194	3
wanaNa	3	1.98729	3
epa	25	14.430527	2
koki	15	7.692447	2
nene	18	7.355543	2
pehi	15	7.052228	2
poa	12	7.018639	2
uNa	12	6.37842	2
NoNo	14	6.007927	2
teri	10	5.671023	2
teke	9	5.671023	2
roki	11	5.367708	2
romi	8	5.367708	2
pohe	9	5.334119	2
naku	7	4.997215	2
hoto	8	4.323407	2
tuNa	8	4.020092	2
weta	7	4.020092	2
ewe	5	3.986503	2
mapu	5	3.986503	2
mio	5	3.986503	2
weru	8	3.683188	2
taute	7	3.649599	2
heni	6	3.649599	2
kaku	5	3.649599	2
nuke	5	3.649599	2
riko	6	3.346284	2
taiko	6	3.312695	2
none	5	3.312695	2
Nou	4	3.312695	2
niti	5	3.00938	2
keko	5	2.975791	2
pioi	5	2.975791	2
kaia	4	2.975791	2
weku	4	2.975791	2
koea	3	2.975791	2
tone	3	2.975791	2
paro	5	2.672476	2
parori	4	2.638887	2
rati	4	2.638887	2
wewe	4	2.638887	2
huke	3	2.638887	2
kaea	3	2.638887	2
meme	3	2.638887	2
miko	3	2.638887	2
hoNa	5	2.335572	2
feNu	4	2.335572	2
nohu	3	2.335572	2
roke	3	2.335572	2
aria	3	2.301983	2
hoata	3	2.301983	2
huria	3	2.301983	2
kanapa	3	2.301983	2
paria	3	2.301983	2
piua	3	2.301983	2
ripia	3	2.301983	2
ruruku	3	2.301983	2
taora	3	2.301983	2
taraki	3	2.301983	2
wea	3	2.301983	2
karati	2	2.301983	2
nahe	2	2.301983	2
Nahu	2	2.301983	2
Naku	2	2.301983	2
Niha	2	2.301983	2
peia	2	2.301983	2
api	3	1.998668	2
horu	3	1.998668	2
poNi	3	1.998668	2
ehuNa	2	1.965079	2
karapa	2	1.965079	2
katene	2	1.965079	2
kaui	2	1.965079	2
matika	2	1.965079	2
mote	2	1.965079	2
Nahua	2	1.965079	2
Napu	2	1.965079	2
opa	2	1.965079	2
papapa	2	1.965079	2
paraha	2	1.965079	2
puneNa	2	1.965079	2
refe	2	1.965079	2
rehia	2	1.965079	2
rotu	2	1.965079	2
tareka	2	1.965079	2
teme	2	1.965079	2
terea	2	1.965079	2
tioka	2	1.965079	2
tohipa	2	1.965079	2
tueke	2	1.965079	2
hanara	1	1.965079	2
kauka	1	1.965079	2
koau	1	1.965079	2
orea	1	1.965079	2
rupi	1	1.965079	2
faNo	3	1.661764	2
noi	3	1.661764	2
feku	2	1.661764	2
honu	2	1.661764	2
kemo	2	1.661764	2
aheia	1	1.628175	2
aNaNa	1	1.628175	2
aoNa	1	1.628175	2
aroa	1	1.628175	2
faiao	1	1.628175	2
fanatu	1	1.628175	2
furutu	1	1.628175	2
hahao	1	1.628175	2
hahari	1	1.628175	2
hahu	1	1.628175	2
hahuNa	1	1.628175	2
hiako	1	1.628175	2
hukea	1	1.628175	2
huraina	1	1.628175	2
iriNa	1	1.628175	2
kahuki	1	1.628175	2
kapana	1	1.628175	2
kapuNa	1	1.628175	2
kikiki	1	1.628175	2
konaka	1	1.628175	2
kuruki	1	1.628175	2
mahuhu	1	1.628175	2
maika	1	1.628175	2
mereNi	1	1.628175	2
nanati	1	1.628175	2
Naroa	1	1.628175	2
Natari	1	1.628175	2
niki	1	1.628175	2
nunumi	1	1.628175	2
ohia	1	1.628175	2
ohou	1	1.628175	2
omeka	1	1.628175	2
papu	1	1.628175	2
paramu	1	1.628175	2
parare	1	1.628175	2
puaNa	1	1.628175	2
pukana	1	1.628175	2
purini	1	1.628175	2
raraka	1	1.628175	2
roheNa	1	1.628175	2
taara	1	1.628175	2
tainahi	1	1.628175	2
takeo	1	1.628175	2
tapai	1	1.628175	2
tarawa	1	1.628175	2
tauru	1	1.628175	2
tioke	1	1.628175	2
topeNa	1	1.628175	2
tumera	1	1.628175	2
uha	1	1.628175	2
uraNa	1	1.628175	2
wona	1	1.628175	2
mihia	2	1.32486	2
Nahe	1	1.32486	2
Nori	1	1.32486	2
reki	1	1.32486	2
fete	16	8.074318	1
nifa	14	7.063606	1
ute	11	6.389798	1
natu	12	5.71599	1
ero	12	5.379086	1
feta	10	4.705278	1
roku	8	4.368374	1
hani	7	4.03147	1
meNe	7	4.03147	1
nawa	8	3.694566	1
rete	8	3.694566	1
rifa	7	3.357662	1
ani	6	3.357662	1
noti	6	3.357662	1
oioi	8	3.020758	1
heNa	6	3.020758	1
tute	6	3.020758	1
koke	5	3.020758	1
miha	6	2.683854	1
wei	6	2.683854	1
keo	5	2.683854	1
nenehu	6	2.34695	1
tinei	6	2.34695	1
kuha	5	2.34695	1
pewa	5	2.34695	1
reto	5	2.34695	1
muna	4	2.34695	1
rora	4	2.34695	1
auru	5	2.010046	1
hohoro	5	2.010046	1
kopenu	5	2.010046	1
mauru	5	2.010046	1
Nafa	5	2.010046	1
tairaNa	5	2.010046	1
hota	3	2.010046	1
miru	3	2.010046	1
nake	3	2.010046	1
peho	3	2.010046	1
ahara	4	1.673142	1
aitu	4	1.673142	1
atea	4	1.673142	1
hahani	4	1.673142	1
heia	4	1.673142	1
hoNe	4	1.673142	1
horoa	4	1.673142	1
kakao	4	1.673142	1
kumea	4	1.673142	1
nonoke	4	1.673142	1
NuNu	4	1.673142	1
orua	4	1.673142	1
reita	4	1.673142	1
tanuku	4	1.673142	1
tota	4	1.673142	1
tuaki	4	1.673142	1
wehea	4	1.673142	1
aNo	3	1.673142	1
ete	3	1.673142	1
hemi	3	1.673142	1
kewa	3	1.673142	1
maNe	3	1.673142	1
toti	3	1.673142	1
arihi	3	1.336238	1
hakina	3	1.336238	1
harore	3	1.336238	1
heua	3	1.336238	1
kame	3	1.336238	1
koemi	3	1.336238	1
kohika	3	1.336238	1
matai	3	1.336238	1
pawa	3	1.336238	1
perei	3	1.336238	1
pira	3	1.336238	1
ponu	3	1.336238	1
tapeha	3	1.336238	1
tieke	3	1.336238	1
toea	3	1.336238	1
toua	3	1.336238	1
tutea	3	1.336238	1
unahi	3	1.336238	1
uto	3	1.336238	1
harau	2	1.336238	1
meho	2	1.336238	1
nane	2	1.336238	1
waki	2	1.336238	1
area	2	0.999334	1
auhi	2	0.999334	1
ehua	2	0.999334	1
furu	2	0.999334	1
huhi	2	0.999334	1
hunua	2	0.999334	1
karae	2	0.999334	1
karaitiana	2	0.999334	1
kerepe	2	0.999334	1
kitea	2	0.999334	1
maheno	2	0.999334	1
makere	2	0.999334	1
manana	2	0.999334	1
NaNare	2	0.999334	1
nekea	2	0.999334	1
parara	2	0.999334	1
penua	2	0.999334	1
pirita	2	0.999334	1
pukahu	2	0.999334	1
ririka	2	0.999334	1
tiaka	2	0.999334	1
tikia	2	0.999334	1
tuhene	2	0.999334	1
wawau	2	0.999334	1
wihi	2	0.999334	1
amaru	1	0.66243	1
araki	1	0.66243	1
fanaNa	1	0.66243	1
feiNa	1	0.66243	1
feoro	1	0.66243	1
hakena	1	0.66243	1
hapaia	1	0.66243	1
hepa	1	0.66243	1
herua	1	0.66243	1
hikina	1	0.66243	1
hino	1	0.66243	1
hiraka	1	0.66243	1
hohoki	1	0.66243	1
hokioi	1	0.66243	1
ioka	1	0.66243	1
kanei	1	0.66243	1
kapea	1	0.66243	1
kapoa	1	0.66243	1
karori	1	0.66243	1
koeti	1	0.66243	1
kohuNa	1	0.66243	1
kokoea	1	0.66243	1
kouNa	1	0.66243	1
kupi	1	0.66243	1
maea	1	0.66243	1
maehe	1	0.66243	1
maho	1	0.66243	1
maiea	1	0.66243	1
makenu	1	0.66243	1
mamaku	1	0.66243	1
maNi	1	0.66243	1
marake	1	0.66243	1
marewa	1	0.66243	1
naianei	1	0.66243	1
NakiNa	1	0.66243	1
Nate	1	0.66243	1
natia	1	0.66243	1
NeNere	1	0.66243	1
nohoa	1	0.66243	1
NoNoro	1	0.66243	1
orite	1	0.66243	1
pahikete	1	0.66243	1
pakere	1	0.66243	1
pakohe	1	0.66243	1
paNu	1	0.66243	1
papua	1	0.66243	1
paraia	1	0.66243	1
pareti	1	0.66243	1
pehe	1	0.66243	1
pepea	1	0.66243	1
poata	1	0.66243	1
popoto	1	0.66243	1
poroka	1	0.66243	1
puaka	1	0.66243	1
rafiti	1	0.66243	1
rairaka	1	0.66243	1
rapaia	1	0.66243	1
rapaki	1	0.66243	1
rerewe	1	0.66243	1
roNa	1	0.66243	1
roroi	1	0.66243	1
rotua	1	0.66243	1
taiohi	1	0.66243	1
taoki	1	0.66243	1
tiriki	1	0.66243	1
titoi	1	0.66243	1
tohito	1	0.66243	1
tuhia	1	0.66243	1
tukea	1	0.66243	1
tupea	1	0.66243	1
turutu	1	0.66243	1
wahu	1	0.66243	1
wawara	1	0.66243	1
wihiki	1	0.66243	1
wuruhi	1	0.66243	1
kini	25	10.444024	0
konu	21	7.074984	0
ranu	20	6.73808	0
afe	15	5.727368	0
hohe	13	5.727368	0
wani	13	5.390464	0
Noru	10	5.05356	0
oni	8	5.05356	0
faru	11	4.716656	0
muhu	9	4.716656	0
nanu	9	4.379752	0
repe	9	4.379752	0
heka	8	4.379752	0
miNo	8	4.379752	0
kopu	11	4.042848	0
tepe	11	4.042848	0
hawa	9	4.042848	0
honi	9	4.042848	0
heNi	8	4.042848	0
nefa	8	4.042848	0
Nene	7	4.042848	0
Neo	7	4.042848	0
Nae	8	3.705944	0
humu	7	3.705944	0
teNi	7	3.705944	0
upa	7	3.705944	0
rafi	9	3.36904	0
iki	8	3.36904	0
kune	8	3.36904	0
ipo	7	3.36904	0
kawi	5	3.36904	0
hoho	9	3.032136	0
pori	8	3.032136	0
heti	7	3.032136	0
heko	6	3.032136	0
kane	6	3.032136	0
Nunu	6	3.032136	0
arai	8	2.695232	0
ihe	6	2.695232	0
rifi	5	2.695232	0
miku	4	2.695232	0
Naha	4	2.695232	0
Nei	4	2.695232	0
Nue	4	2.695232	0
tamu	4	2.695232	0
pokere	6	2.358328	0
kope	5	2.358328	0
moi	5	2.358328	0
NaNe	5	2.358328	0
nope	5	2.358328	0
pota	5	2.358328	0
ripa	5	2.358328	0
tufa	5	2.358328	0
hene	4	2.358328	0
NoNe	4	2.358328	0
reu	4	2.358328	0
tiNo	4	2.358328	0
amio	6	2.021424	0
mauri	6	2.021424	0
nape	6	2.021424	0
tafa	6	2.021424	0
taria	6	2.021424	0
tinaku	6	2.021424	0
totoro	6	2.021424	0
fafe	5	2.021424	0
ito	5	2.021424	0
mero	5	2.021424	0
poni	5	2.021424	0
ruri	5	2.021424	0
tafi	5	2.021424	0
teo	5	2.021424	0
fene	4	2.021424	0
keha	4	2.021424	0
keho	4	2.021424	0
kito	4	2.021424	0
kuhi	4	2.021424	0
meto	4	2.021424	0
Nehe	4	2.021424	0
newa	4	2.021424	0
rue	4	2.021424	0
ruka	4	2.021424	0
omo	3	2.021424	0
petu	3	2.021424	0
rio	3	2.021424	0
uti	3	2.021424	0
kekere	5	1.68452	0
kohuki	5	1.68452	0
mahaNa	5	1.68452	0
maNo	5	1.68452	0
momotu	5	1.68452	0
NeNe	5	1.68452	0
Nohi	5	1.68452	0
noni	5	1.68452	0
patua	5	1.68452	0
peto	5	1.68452	0
pohewa	5	1.68452	0
rahua	5	1.68452	0
tatai	5	1.68452	0
tatara	5	1.68452	0
titina	5	1.68452	0
toroa	5	1.68452	0
eko	4	1.68452	0
fane	4	1.68452	0
fefe	4	1.68452	0
hopo	4	1.68452	0
kero	4	1.68452	0
kuka	4	1.68452	0
Nafi	4	1.68452	0
Nio	4	1.68452	0
Nita	4	1.68452	0
NoNi	4	1.68452	0
paho	4	1.68452	0
tetea	4	1.68452	0
feko	3	1.68452	0
Noto	3	1.68452	0
Notu	3	1.68452	0
eri	4	1.347616	0
hakure	4	1.347616	0
haoa	4	1.347616	0
hiapo	4	1.347616	0
hie	4	1.347616	0
hoaina	4	1.347616	0
hoku	4	1.347616	0
kawea	4	1.347616	0
kofai	4	1.347616	0
kokiro	4	1.347616	0
korepe	4	1.347616	0
koroa	4	1.347616	0
kuene	4	1.347616	0
maheni	4	1.347616	0
mamahu	4	1.347616	0
maoa	4	1.347616	0
memene	4	1.347616	0
paha	4	1.347616	0
paheko	4	1.347616	0
paia	4	1.347616	0
parua	4	1.347616	0
peau	4	1.347616	0
reia	4	1.347616	0
rope	4	1.347616	0
roroa	4	1.347616	0
tameme	4	1.347616	0
tapona	4	1.347616	0
torea	4	1.347616	0
upe	4	1.347616	0
ami	3	1.347616	0
eo	3	1.347616	0
eti	3	1.347616	0
hipo	3	1.347616	0
hume	3	1.347616	0
kute	3	1.347616	0
mohe	3	1.347616	0
nahi	3	1.347616	0
Neki	3	1.347616	0
Nete	3	1.347616	0
noko	3	1.347616	0
ofa	3	1.347616	0
oNe	3	1.347616	0
pape	3	1.347616	0
pehia	3	1.347616	0
pero	3	1.347616	0
poha	3	1.347616	0
tamo	3	1.347616	0
taNe	3	1.347616	0
tine	3	1.347616	0
haho	2	1.347616	0
haNo	2	1.347616	0
itariana	2	1.347616	0
NeNa	2	1.347616	0
nina	2	1.347616	0
Niru	2	1.347616	0
nita	2	1.347616	0
tuNu	2	1.347616	0
afea	3	1.010712	0
auahi	3	1.010712	0
fafau	3	1.010712	0
faNaa	3	1.010712	0
farara	3	1.010712	0
farite	3	1.010712	0
feneki	3	1.010712	0
ferea	3	1.010712	0
fererei	3	1.010712	0
feti	3	1.010712	0
fifita	3	1.010712	0
hahake	3	1.010712	0
hahaki	3	1.010712	0
hanumi	3	1.010712	0
heheNi	3	1.010712	0
hokai	3	1.010712	0
horea	3	1.010712	0
huhua	3	1.010712	0
huhunu	3	1.010712	0
imu	3	1.010712	0
inati	3	1.010712	0
iria	3	1.010712	0
kae	3	1.010712	0
kahaki	3	1.010712	0
kakano	3	1.010712	0
kakara	3	1.010712	0
karamu	3	1.010712	0
karea	3	1.010712	0
kautau	3	1.010712	0
kawaka	3	1.010712	0
kehe	3	1.010712	0
keti	3	1.010712	0
kiato	3	1.010712	0
koiro	3	1.010712	0
koma	3	1.010712	0
koue	3	1.010712	0
kounu	3	1.010712	0
kuara	3	1.010712	0
kumara	3	1.010712	0
kurua	3	1.010712	0
maiti	3	1.010712	0
makaka	3	1.010712	0
mamati	3	1.010712	0
mamau	3	1.010712	0
maoka	3	1.010712	0
maota	3	1.010712	0
marure	3	1.010712	0
matiti	3	1.010712	0
meta	3	1.010712	0
minaka	3	1.010712	0
mohoa	3	1.010712	0
morea	3	1.010712	0
muha	3	1.010712	0
nahua	3	1.010712	0
nanai	3	1.010712	0
nanau	3	1.010712	0
nani	3	1.010712	0
NaNi	3	1.010712	0
Neri	3	1.010712	0
nonoi	3	1.010712	0
nonoti	3	1.010712	0
opeti	3	1.010712	0
pakina	3	1.010712	0
panoni	3	1.010712	0
paoe	3	1.010712	0
paoi	3	1.010712	0
papare	3	1.010712	0
papatu	3	1.010712	0
parahi	3	1.010712	0
pawe	3	1.010712	0
pawero	3	1.010712	0
pinea	3	1.010712	0
pini	3	1.010712	0
pirara	3	1.010712	0
poNere	3	1.010712	0
rape	3	1.010712	0
raraku	3	1.010712	0
rawea	3	1.010712	0
rearea	3	1.010712	0
rerehu	3	1.010712	0
rerewa	3	1.010712	0
retua	3	1.010712	0
roria	3	1.010712	0
rorohu	3	1.010712	0
rurea	3	1.010712	0
takune	3	1.010712	0
tamiro	3	1.010712	0
tatea	3	1.010712	0
tauri	3	1.010712	0
tititi	3	1.010712	0
tohua	3	1.010712	0
tokai	3	1.010712	0
topea	3	1.010712	0
torore	3	1.010712	0
totara	3	1.010712	0
totoa	3	1.010712	0
tuaNi	3	1.010712	0
turua	3	1.010712	0
upaupa	3	1.010712	0
utua	3	1.010712	0
wahaa	3	1.010712	0
waiu	3	1.010712	0
wawae	3	1.010712	0
wiria	3	1.010712	0
heha	2	1.010712	0
honoa	2	1.010712	0
ire	2	1.010712	0
kami	2	1.010712	0
keNo	2	1.010712	0
kihu	2	1.010712	0
kiu	2	1.010712	0
kote	2	1.010712	0
meti	2	1.010712	0
mone	2	1.010712	0
moua	2	1.010712	0
Nake	2	1.010712	0
napa	2	1.010712	0
Naue	2	1.010712	0
Nawi	2	1.010712	0
Nea	2	1.010712	0
Nero	2	1.010712	0
Noe	2	1.010712	0
ohe	2	1.010712	0
peo	2	1.010712	0
pupuha	2	1.010712	0
reho	2	1.010712	0
ruhe	2	1.010712	0
tafe	2	1.010712	0
tate	2	1.010712	0
tawe	2	1.010712	0
tewe	2	1.010712	0
weki	2	1.010712	0
weko	2	1.010712	0
anea	2	0.673808	0
apoa	2	0.673808	0
atiti	2	0.673808	0
atiu	2	0.673808	0
auare	2	0.673808	0
aweke	2	0.673808	0
aweko	2	0.673808	0
eme	2	0.673808	0
eto	2	0.673808	0
fafai	2	0.673808	0
fafati	2	0.673808	0
faine	2	0.673808	0
faNai	2	0.673808	0
fanui	2	0.673808	0
fari	2	0.673808	0
feki	2	0.673808	0
fetau	2	0.673808	0
feteNi	2	0.673808	0
feto	2	0.673808	0
fififi	2	0.673808	0
fitia	2	0.673808	0
hakoko	2	0.673808	0
haNaa	2	0.673808	0
haNai	2	0.673808	0
hanu	2	0.673808	0
haraki	2	0.673808	0
harare	2	0.673808	0
haupa	2	0.673808	0
haura	2	0.673808	0
hawaiki	2	0.673808	0
hawene	2	0.673808	0
hehe	2	0.673808	0
heki	2	0.673808	0
hemoa	2	0.673808	0
henumi	2	0.673808	0
hikawe	2	0.673808	0
hikoi	2	0.673808	0
hiwai	2	0.673808	0
hona	2	0.673808	0
honia	2	0.673808	0
horia	2	0.673808	0
huene	2	0.673808	0
huku	2	0.673808	0
iana	2	0.673808	0
iere	2	0.673808	0
iha	2	0.673808	0
inaki	2	0.673808	0
inaNa	2	0.673808	0
inohi	2	0.673808	0
ioio	2	0.673808	0
kafaki	2	0.673808	0
kafe	2	0.673808	0
kafena	2	0.673808	0
kahore	2	0.673808	0
kaika	2	0.673808	0
kakare	2	0.673808	0
kakaru	2	0.673808	0
kakawa	2	0.673808	0
kanoi	2	0.673808	0
kanoti	2	0.673808	0
karanete	2	0.673808	0
karia	2	0.673808	0
karipi	2	0.673808	0
karoro	2	0.673808	0
karure	2	0.673808	0
katiki	2	0.673808	0
kauafi	2	0.673808	0
kauto	2	0.673808	0
keia	2	0.673808	0
keto	2	0.673808	0
keu	2	0.673808	0
kifi	2	0.673808	0
kikiwi	2	0.673808	0
kipi	2	0.673808	0
kirea	2	0.673808	0
koere	2	0.673808	0
koero	2	0.673808	0
kofao	2	0.673808	0
kohei	2	0.673808	0
kohia	2	0.673808	0
koire	2	0.673808	0
kokiri	2	0.673808	0
kokohu	2	0.673808	0
kokoi	2	0.673808	0
komou	2	0.673808	0
konanu	2	0.673808	0
konihi	2	0.673808	0
koraNa	2	0.673808	0
koroni	2	0.673808	0
koure	2	0.673808	0
kufa	2	0.673808	0
kuna	2	0.673808	0
kupeNa	2	0.673808	0
kure	2	0.673808	0
kurepe	2	0.673808	0
maeko	2	0.673808	0
mahe	2	0.673808	0
mahere	2	0.673808	0
maheu	2	0.673808	0
mahine	2	0.673808	0
mahiri	2	0.673808	0
manaha	2	0.673808	0
manea	2	0.673808	0
maraNai	2	0.673808	0
marua	2	0.673808	0
mataki	2	0.673808	0
mataNa	2	0.673808	0
matuku	2	0.673808	0
memeke	2	0.673808	0
memeNe	2	0.673808	0
minaia	2	0.673808	0
mino	2	0.673808	0
mire	2	0.673808	0
mitia	2	0.673808	0
mohu	2	0.673808	0
momoka	2	0.673808	0
momoto	2	0.673808	0
monia	2	0.673808	0
monoa	2	0.673808	0
monowa	2	0.673808	0
moru	2	0.673808	0
morua	2	0.673808	0
muhani	2	0.673808	0
naiti	2	0.673808	0
nano	2	0.673808	0
nanua	2	0.673808	0
napu	2	0.673808	0
Narua	2	0.673808	0
natua	2	0.673808	0
Nawari	2	0.673808	0
neiti	2	0.673808	0
nohea	2	0.673808	0
noka	2	0.673808	0
Notea	2	0.673808	0
notia	2	0.673808	0
nunu	2	0.673808	0
Nutua	2	0.673808	0
okea	2	0.673808	0
oraNa	2	0.673808	0
owa	2	0.673808	0
pafiri	2	0.673808	0
paika	2	0.673808	0
paiNa	2	0.673808	0
pakara	2	0.673808	0
pakau	2	0.673808	0
pakeka	2	0.673808	0
pakia	2	0.673808	0
pakini	2	0.673808	0
pakiri	2	0.673808	0
pakoki	2	0.673808	0
panaa	2	0.673808	0
panoko	2	0.673808	0
paowe	2	0.673808	0
paraNa	2	0.673808	0
parari	2	0.673808	0
parure	2	0.673808	0
pekaia	2	0.673808	0
pepeke	2	0.673808	0
pepere	2	0.673808	0
perea	2	0.673808	0
pereina	2	0.673808	0
pereru	2	0.673808	0
peri	2	0.673808	0
petau	2	0.673808	0
pihaNa	2	0.673808	0
piho	2	0.673808	0
pihopa	2	0.673808	0
pika	2	0.673808	0
pipiro	2	0.673808	0
pirau	2	0.673808	0
piroa	2	0.673808	0
poaina	2	0.673808	0
poau	2	0.673808	0
pokia	2	0.673808	0
poNia	2	0.673808	0
popopo	2	0.673808	0
popore	2	0.673808	0
poporo	2	0.673808	0
poreku	2	0.673808	0
puhau	2	0.673808	0
punu	2	0.673808	0
pupuku	2	0.673808	0
pupuni	2	0.673808	0
puputu	2	0.673808	0
puraNa	2	0.673808	0
pute	2	0.673808	0
rafia	2	0.673808	0
raia	2	0.673808	0
raiha	2	0.673808	0
raina	2	0.673808	0
rakea	2	0.673808	0
ranua	2	0.673808	0
rapia	2	0.673808	0
rapoi	2	0.673808	0
rarapi	2	0.673808	0
rarea	2	0.673808	0
rarua	2	0.673808	0
ratoa	2	0.673808	0
rauNa	2	0.673808	0
rauri	2	0.673808	0
rehua	2	0.673808	0
reku	2	0.673808	0
repera	2	0.673808	0
riaki	2	0.673808	0
rikona	2	0.673808	0
rini	2	0.673808	0
ripoa	2	0.673808	0
riteNa	2	0.673808	0
ritua	2	0.673808	0
roaka	2	0.673808	0
roau	2	0.673808	0
roni	2	0.673808	0
rorea	2	0.673808	0
roua	2	0.673808	0
ruao	2	0.673808	0
ruawai	2	0.673808	0
rurutu	2	0.673808	0
rutiki	2	0.673808	0
tafaNa	2	0.673808	0
tafara	2	0.673808	0
tahae	2	0.673808	0
tahaNa	2	0.673808	0
taiNa	2	0.673808	0
taio	2	0.673808	0
takaa	2	0.673808	0
taraNa	2	0.673808	0
tareke	2	0.673808	0
tatare	2	0.673808	0
taura	2	0.673808	0
tauta	2	0.673808	0
tauti	2	0.673808	0
tawai	2	0.673808	0
tepea	2	0.673808	0
terepu	2	0.673808	0
tiNa	2	0.673808	0
tiora	2	0.673808	0
tirau	2	0.673808	0
titoNa	2	0.673808	0
tiuti	2	0.673808	0
topu	2	0.673808	0
toreke	2	0.673808	0
torouka	2	0.673808	0
totohe	2	0.673808	0
totohi	2	0.673808	0
totoi	2	0.673808	0
tuai	2	0.673808	0
tukia	2	0.673808	0
tupa	2	0.673808	0
tupana	2	0.673808	0
tutae	2	0.673808	0
tutaNataNa	2	0.673808	0
tutuki	2	0.673808	0
tuturu	2	0.673808	0
uea	2	0.673808	0
uho	2	0.673808	0
uNaa	2	0.673808	0
unaka	2	0.673808	0
uruhi	2	0.673808	0
waere	2	0.673808	0
waua	2	0.673808	0
werea	2	0.673808	0
wetea	2	0.673808	0
wiwi	2	0.673808	0
ane	1	0.673808	0
auta	1	0.673808	0
epe	1	0.673808	0
ewa	1	0.673808	0
faNe	1	0.673808	0
feka	1	0.673808	0
feNo	1	0.673808	0
haNe	1	0.673808	0
hoke	1	0.673808	0
honea	1	0.673808	0
huhuka	1	0.673808	0
iko	1	0.673808	0
iku	1	0.673808	0
ino	1	0.673808	0
kahe	1	0.673808	0
karehu	1	0.673808	0
keno	1	0.673808	0
kone	1	0.673808	0
kuawa	1	0.673808	0
mariNa	1	0.673808	0
maruru	1	0.673808	0
meno	1	0.673808	0
moNa	1	0.673808	0
mouNa	1	0.673808	0
muki	1	0.673808	0
Nehi	1	0.673808	0
neku	1	0.673808	0
Neta	1	0.673808	0
Netu	1	0.673808	0
Noho	1	0.673808	0
Nohu	1	0.673808	0
Noio	1	0.673808	0
Noro	1	0.673808	0
Nure	1	0.673808	0
parahe	1	0.673808	0
pareNa	1	0.673808	0
pifi	1	0.673808	0
piwa	1	0.673808	0
pone	1	0.673808	0
potu	1	0.673808	0
rahe	1	0.673808	0
remo	1	0.673808	0
reNo	1	0.673808	0
roru	1	0.673808	0
tawi	1	0.673808	0
teho	1	0.673808	0
temo	1	0.673808	0
teno	1	0.673808	0
tiamu	1	0.673808	0
topi	1	0.673808	0
tuka	1	0.673808	0
uaNa	1	0.673808	0
uNu	1	0.673808	0
wate	1	0.673808	0
aeha	1	0.336904	0
afifi	1	0.336904	0
ahae	1	0.336904	0
ahaku	1	0.336904	0
ahana	1	0.336904	0
ahei	1	0.336904	0
aheu	1	0.336904	0
ahuNa	1	0.336904	0
aihu	1	0.336904	0
aiii	1	0.336904	0
aina	1	0.336904	0
aiNa	1	0.336904	0
akiko	1	0.336904	0
akona	1	0.336904	0
amaia	1	0.336904	0
amenea	1	0.336904	0
aminea	1	0.336904	0
amino	1	0.336904	0
amoa	1	0.336904	0
anana	1	0.336904	0
anara	1	0.336904	0
anau	1	0.336904	0
aNea	1	0.336904	0
anina	1	0.336904	0
aNitu	1	0.336904	0
aNore	1	0.336904	0
anuhe	1	0.336904	0
aopori	1	0.336904	0
apae	1	0.336904	0
apai	1	0.336904	0
ape	1	0.336904	0
apere	1	0.336904	0
apoia	1	0.336904	0
apua	1	0.336904	0
araka	1	0.336904	0
araNi	1	0.336904	0
arau	1	0.336904	0
areiNa	1	0.336904	0
ariNa	1	0.336904	0
aroro	1	0.336904	0
arure	1	0.336904	0
ataNa	1	0.336904	0
atiru	1	0.336904	0
atoa	1	0.336904	0
aufi	1	0.336904	0
auina	1	0.336904	0
auraki	1	0.336904	0
auri	1	0.336904	0
auto	1	0.336904	0
awai	1	0.336904	0
awaiho	1	0.336904	0
awea	1	0.336904	0
aweka	1	0.336904	0
awere	1	0.336904	0
eaea	1	0.336904	0
eaoia	1	0.336904	0
ehake	1	0.336904	0
ehinu	1	0.336904	0
eku	1	0.336904	0
emohi	1	0.336904	0
eNaio	1	0.336904	0
enaNa	1	0.336904	0
eNe	1	0.336904	0
enea	1	0.336904	0
eNi	1	0.336904	0
epaia	1	0.336904	0
eparehi	1	0.336904	0
erea	1	0.336904	0
erema	1	0.336904	0
eroa	1	0.336904	0
etea	1	0.336904	0
fafea	1	0.336904	0
faihaNa	1	0.336904	0
fakaari	1	0.336904	0
fakarua	1	0.336904	0
fakia	1	0.336904	0
fakou	1	0.336904	0
fanaua	1	0.336904	0
fanoa	1	0.336904	0
fanoke	1	0.336904	0
fanoNa	1	0.336904	0
fapu	1	0.336904	0
faraNi	1	0.336904	0
fataa	1	0.336904	0
fatia	1	0.336904	0
fatitiri	1	0.336904	0
fato	1	0.336904	0
fatoro	1	0.336904	0
faua	1	0.336904	0
feao	1	0.336904	0
feau	1	0.336904	0
fefei	1	0.336904	0
fefeNi	1	0.336904	0
fei	1	0.336904	0
feinu	1	0.336904	0
feNi	1	0.336904	0
feNua	1	0.336904	0
fepu	1	0.336904	0
ferei	1	0.336904	0
feru	1	0.336904	0
fetea	1	0.336904	0
feteke	1	0.336904	0
fetoki	1	0.336904	0
fifiu	1	0.336904	0
fikaia	1	0.336904	0
fina	1	0.336904	0
firoia	1	0.336904	0
fito	1	0.336904	0
fono	1	0.336904	0
hahaka	1	0.336904	0
haia	1	0.336904	0
hakaa	1	0.336904	0
hakea	1	0.336904	0
hakeka	1	0.336904	0
hakere	1	0.336904	0
hakuku	1	0.336904	0
hamaia	1	0.336904	0
hamoa	1	0.336904	0
hamua	1	0.336904	0
haNaia	1	0.336904	0
hanake	1	0.336904	0
haNaNa	1	0.336904	0
haNata	1	0.336904	0
haNere	1	0.336904	0
hania	1	0.336904	0
haNina	1	0.336904	0
haNoNi	1	0.336904	0
haNoro	1	0.336904	0
haNutu	1	0.336904	0
haona	1	0.336904	0
hapara	1	0.336904	0
hapea	1	0.336904	0
hapuru	1	0.336904	0
haputa	1	0.336904	0
haranu	1	0.336904	0
hareto	1	0.336904	0
haria	1	0.336904	0
harotu	1	0.336904	0
haruru	1	0.336904	0
hatai	1	0.336904	0
hate	1	0.336904	0
hatete	1	0.336904	0
hati	1	0.336904	0
haui	1	0.336904	0
hauNa	1	0.336904	0
hauta	1	0.336904	0
hawe	1	0.336904	0
hawini	1	0.336904	0
heiri	1	0.336904	0
hekea	1	0.336904	0
hemoNa	1	0.336904	0
hena	1	0.336904	0
heNere	1	0.336904	0
heNo	1	0.336904	0
hepe	1	0.336904	0
hetia	1	0.336904	0
heueNa	1	0.336904	0
hewaro	1	0.336904	0
hiamo	1	0.336904	0
hihihi	1	0.336904	0
hihiko	1	0.336904	0
hihira	1	0.336904	0
hihorea	1	0.336904	0
hihue	1	0.336904	0
hiia	1	0.336904	0
hikaia	1	0.336904	0
hikaka	1	0.336904	0
himati	1	0.336904	0
hinaki	1	0.336904	0
hinaNi	1	0.336904	0
hinau	1	0.336904	0
hineNa	1	0.336904	0
hinipi	1	0.336904	0
hinoNa	1	0.336904	0
hiore	1	0.336904	0
hipaa	1	0.336904	0
hipera	1	0.336904	0
hipora	1	0.336904	0
hiraNa	1	0.336904	0
hirau	1	0.336904	0
hiria	1	0.336904	0
hirou	1	0.336904	0
hitau	1	0.336904	0
hitiki	1	0.336904	0
hiwaa	1	0.336904	0
hiwia	1	0.336904	0
hoaka	1	0.336904	0
hoea	1	0.336904	0
hoeha	1	0.336904	0
hohore	1	0.336904	0
hohota	1	0.336904	0
hoimako	1	0.336904	0
hokiki	1	0.336904	0
hokoi	1	0.336904	0
honae	1	0.336904	0
hoNaia	1	0.336904	0
hoNea	1	0.336904	0
hoNere	1	0.336904	0
hoNo	1	0.336904	0
honore	1	0.336904	0
hopoa	1	0.336904	0
hopua	1	0.336904	0
horera	1	0.336904	0
horete	1	0.336904	0
horopi	1	0.336904	0
hote	1	0.336904	0
hotikina	1	0.336904	0
hotoa	1	0.336904	0
houa	1	0.336904	0
houhi	1	0.336904	0
houi	1	0.336904	0
houto	1	0.336904	0
huai	1	0.336904	0
huaNa	1	0.336904	0
huaNi	1	0.336904	0
huaraNa	1	0.336904	0
huare	1	0.336904	0
hueke	1	0.336904	0
huhare	1	0.336904	0
huhe	1	0.336904	0
huihi	1	0.336904	0
huiki	1	0.336904	0
hukia	1	0.336904	0
hukina	1	0.336904	0
humeia	1	0.336904	0
humeNa	1	0.336904	0
humi	1	0.336904	0
humua	1	0.336904	0
hunaa	1	0.336904	0
huNaa	1	0.336904	0
hunene	1	0.336904	0
huNui	1	0.336904	0
hupa	1	0.336904	0
hupiri	1	0.336904	0
hurea	1	0.336904	0
iata	1	0.336904	0
ie	1	0.336904	0
iheu	1	0.336904	0
iheua	1	0.336904	0
ihia	1	0.336904	0
ihoa	1	0.336904	0
ikura	1	0.336904	0
inaho	1	0.336904	0
inaoake	1	0.336904	0
iNiki	1	0.336904	0
inoia	1	0.336904	0
ioa	1	0.336904	0
ipua	1	0.336904	0
kaeto	1	0.336904	0
kahau	1	0.336904	0
kahera	1	0.336904	0
kahiwi	1	0.336904	0
kahui	1	0.336904	0
kahuku	1	0.336904	0
kaina	1	0.336904	0
kaiNaki	1	0.336904	0
kakai	1	0.336904	0
kakaka	1	0.336904	0
kakaona	1	0.336904	0
kakape	1	0.336904	0
kakapo	1	0.336904	0
kakata	1	0.336904	0
kakea	1	0.336904	0
kakere	1	0.336904	0
kako	1	0.336904	0
kakoa	1	0.336904	0
kamea	1	0.336904	0
kameNa	1	0.336904	0
kamuNa	1	0.336904	0
kaNaa	1	0.336904	0
kaNaia	1	0.336904	0
kanaku	1	0.336904	0
kaneke	1	0.336904	0
kanio	1	0.336904	0
kanohi	1	0.336904	0
kanono	1	0.336904	0
kanuku	1	0.336904	0
kaoa	1	0.336904	0
kaona	1	0.336904	0
kaone	1	0.336904	0
kapenei	1	0.336904	0
kapuraNa	1	0.336904	0
karaehi	1	0.336904	0
karafe	1	0.336904	0
karaipi	1	0.336904	0
karau	1	0.336904	0
karei	1	0.336904	0
kareko	1	0.336904	0
kareni	1	0.336904	0
kareNo	1	0.336904	0
karepa	1	0.336904	0
karepe	1	0.336904	0
kareta	1	0.336904	0
kareu	1	0.336904	0
kariki	1	0.336904	0
kariko	1	0.336904	0
karimu	1	0.336904	0
karipia	1	0.336904	0
karohe	1	0.336904	0
karohi	1	0.336904	0
karona	1	0.336904	0
karowi	1	0.336904	0
karuta	1	0.336904	0
kataina	1	0.336904	0
kataka	1	0.336904	0
katamu	1	0.336904	0
katete	1	0.336904	0
katira	1	0.336904	0
katote	1	0.336904	0
kauaNa	1	0.336904	0
kauhe	1	0.336904	0
kauika	1	0.336904	0
kauki	1	0.336904	0
kauna	1	0.336904	0
kautoi	1	0.336904	0
kawaia	1	0.336904	0
kawaNa	1	0.336904	0
kawari	1	0.336904	0
kawau	1	0.336904	0
kaweau	1	0.336904	0
kaweka	1	0.336904	0
kawenati	1	0.336904	0
kefa	1	0.336904	0
keiha	1	0.336904	0
keita	1	0.336904	0
kekeho	1	0.336904	0
keketu	1	0.336904	0
kerea	1	0.336904	0
kerepi	1	0.336904	0
keru	1	0.336904	0
kerupa	1	0.336904	0
ketoa	1	0.336904	0
ketua	1	0.336904	0
keua	1	0.336904	0
kiatu	1	0.336904	0
kihihi	1	0.336904	0
kikia	1	0.336904	0
kikimo	1	0.336904	0
kinia	1	0.336904	0
kirehe	1	0.336904	0
kiria	1	0.336904	0
koaea	1	0.336904	0
koaia	1	0.336904	0
koaka	1	0.336904	0
koapi	1	0.336904	0
koare	1	0.336904	0
koaro	1	0.336904	0
koati	1	0.336904	0
koeae	1	0.336904	0
koekoe	1	0.336904	0
koeo	1	0.336904	0
kofanea	1	0.336904	0
kofeta	1	0.336904	0
kohaNa	1	0.336904	0
kohatu	1	0.336904	0
kohau	1	0.336904	0
kohea	1	0.336904	0
kohinua	1	0.336904	0
kohoho	1	0.336904	0
kohore	1	0.336904	0
kohuka	1	0.336904	0
kohuke	1	0.336904	0
koiNa	1	0.336904	0
koio	1	0.336904	0
kokai	1	0.336904	0
kokoa	1	0.336904	0
kokona	1	0.336904	0
kokopi	1	0.336904	0
kokopu	1	0.336904	0
kokori	1	0.336904	0
komae	1	0.336904	0
komai	1	0.336904	0
komama	1	0.336904	0
komau	1	0.336904	0
komeke	1	0.336904	0
komeme	1	0.336904	0
komiNi	1	0.336904	0
komu	1	0.336904	0
komutu	1	0.336904	0
konaki	1	0.336904	0
konana	1	0.336904	0
konape	1	0.336904	0
konatu	1	0.336904	0
konaua	1	0.336904	0
konehe	1	0.336904	0
konene	1	0.336904	0
koniu	1	0.336904	0
konohe	1	0.336904	0
konohi	1	0.336904	0
konuka	1	0.336904	0
konuoi	1	0.336904	0
kopaki	1	0.336904	0
kopana	1	0.336904	0
kopare	1	0.336904	0
kopenua	1	0.336904	0
kopiko	1	0.336904	0
kopoti	1	0.336904	0
kopou	1	0.336904	0
kopoua	1	0.336904	0
kopuka	1	0.336904	0
kopupu	1	0.336904	0
kopura	1	0.336904	0
koraeNa	1	0.336904	0
korako	1	0.336904	0
koranu	1	0.336904	0
koreke	1	0.336904	0
koreko	1	0.336904	0
koreNa	1	0.336904	0
korera	1	0.336904	0
korere	1	0.336904	0
koria	1	0.336904	0
korio	1	0.336904	0
korire	1	0.336904	0
korita	1	0.336904	0
korite	1	0.336904	0
korohi	1	0.336904	0
koroka	1	0.336904	0
koroke	1	0.336904	0
korouwa	1	0.336904	0
kotai	1	0.336904	0
kotami	1	0.336904	0
kotao	1	0.336904	0
kotare	1	0.336904	0
kotatea	1	0.336904	0
kotau	1	0.336904	0
kotawa	1	0.336904	0
kotea	1	0.336904	0
kotetea	1	0.336904	0
kotia	1	0.336904	0
kotou	1	0.336904	0
kotua	1	0.336904	0
koua	1	0.336904	0
kouka	1	0.336904	0
kouma	1	0.336904	0
koute	1	0.336904	0
koutua	1	0.336904	0
kowera	1	0.336904	0
kuai	1	0.336904	0
kueo	1	0.336904	0
kufaru	1	0.336904	0
kuharu	1	0.336904	0
kuiki	1	0.336904	0
kukua	1	0.336904	0
kukuru	1	0.336904	0
kumeme	1	0.336904	0
kumua	1	0.336904	0
kunanu	1	0.336904	0
kupaNo	1	0.336904	0
kurai	1	0.336904	0
kurea	1	0.336904	0
kurehe	1	0.336904	0
kuriri	1	0.336904	0
maeha	1	0.336904	0
mafaru	1	0.336904	0
mafiti	1	0.336904	0
mahehe	1	0.336904	0
maheua	1	0.336904	0
mahira	1	0.336904	0
mahore	1	0.336904	0
maiepa	1	0.336904	0
mairaNa	1	0.336904	0
makaa	1	0.336904	0
makaNa	1	0.336904	0
makao	1	0.336904	0
makaro	1	0.336904	0
make	1	0.336904	0
makina	1	0.336904	0
makiu	1	0.336904	0
makoa	1	0.336904	0
makora	1	0.336904	0
makue	1	0.336904	0
makuku	1	0.336904	0
mamarea	1	0.336904	0
mamate	1	0.336904	0
manaa	1	0.336904	0
maNai	1	0.336904	0
maNaiNa	1	0.336904	0
manaka	1	0.336904	0
maNaru	1	0.336904	0
manau	1	0.336904	0
mane	1	0.336904	0
manehu	1	0.336904	0
manei	1	0.336904	0
maNeNe	1	0.336904	0
manunu	1	0.336904	0
maoko	1	0.336904	0
maoNa	1	0.336904	0
maopo	1	0.336904	0
mapara	1	0.336904	0
mapia	1	0.336904	0
mapua	1	0.336904	0
maraha	1	0.336904	0
maraki	1	0.336904	0
maraNa	1	0.336904	0
marare	1	0.336904	0
marau	1	0.336904	0
maraua	1	0.336904	0
mareNa	1	0.336904	0
marika	1	0.336904	0
mariko	1	0.336904	0
mariNi	1	0.336904	0
maroa	1	0.336904	0
mataia	1	0.336904	0
matao	1	0.336904	0
matatu	1	0.336904	0
matia	1	0.336904	0
matihe	1	0.336904	0
matira	1	0.336904	0
matire	1	0.336904	0
matoha	1	0.336904	0
matohe	1	0.336904	0
matohi	1	0.336904	0
matohu	1	0.336904	0
matutu	1	0.336904	0
mauhe	1	0.336904	0
mauiui	1	0.336904	0
maupu	1	0.336904	0
mauti	1	0.336904	0
mawera	1	0.336904	0
mawete	1	0.336904	0
maweu	1	0.336904	0
meake	1	0.336904	0
mehi	1	0.336904	0
meihi	1	0.336904	0
mekari	1	0.336904	0
mekea	1	0.336904	0
meko	1	0.336904	0
mekoa	1	0.336904	0
meNa	1	0.336904	0
menea	1	0.336904	0
meneNa	1	0.336904	0
mewaro	1	0.336904	0
miia	1	0.336904	0
mimiko	1	0.336904	0
mimiNo	1	0.336904	0
mineti	1	0.336904	0
mioa	1	0.336904	0
mirei	1	0.336904	0
mirete	1	0.336904	0
miriti	1	0.336904	0
miroia	1	0.336904	0
mito	1	0.336904	0
miura	1	0.336904	0
miuru	1	0.336904	0
miware	1	0.336904	0
moeao	1	0.336904	0
mofi	1	0.336904	0
moha	1	0.336904	0
mohea	1	0.336904	0
mohio	1	0.336904	0
moia	1	0.336904	0
mokeke	1	0.336904	0
mokori	1	0.336904	0
mokutia	1	0.336904	0
momohaNa	1	0.336904	0
momohe	1	0.336904	0
monehu	1	0.336904	0
mono	1	0.336904	0
monoku	1	0.336904	0
mora	1	0.336904	0
morari	1	0.336904	0
moraru	1	0.336904	0
moria	1	0.336904	0
moroto	1	0.336904	0
moruka	1	0.336904	0
moruru	1	0.336904	0
mota	1	0.336904	0
mouku	1	0.336904	0
mouri	1	0.336904	0
muaNa	1	0.336904	0
muera	1	0.336904	0
muhe	1	0.336904	0
muheke	1	0.336904	0
muhua	1	0.336904	0
mukua	1	0.336904	0
mukuna	1	0.336904	0
mumuhu	1	0.336904	0
mumura	1	0.336904	0
mumutu	1	0.336904	0
muNa	1	0.336904	0
murea	1	0.336904	0
muwe	1	0.336904	0
naea	1	0.336904	0
Naeki	1	0.336904	0
Naeko	1	0.336904	0
Naeo	1	0.336904	0
Naho	1	0.336904	0
nahui	1	0.336904	0
nai	1	0.336904	0
Naia	1	0.336904	0
Naiti	1	0.336904	0
Naitua	1	0.336904	0
Nakeke	1	0.336904	0
namaa	1	0.336904	0
namata	1	0.336904	0
Nami	1	0.336904	0
Namoho	1	0.336904	0
nanakia	1	0.336904	0
nanamu	1	0.336904	0
nanana	1	0.336904	0
NaNao	1	0.336904	0
nanawe	1	0.336904	0
nanea	1	0.336904	0
nanoa	1	0.336904	0
Naoki	1	0.336904	0
Naora	1	0.336904	0
Naore	1	0.336904	0
naporo	1	0.336904	0
napuka	1	0.336904	0
Narara	1	0.336904	0
Narea	1	0.336904	0
Narehe	1	0.336904	0
Narue	1	0.336904	0
Naruru	1	0.336904	0
Natu	1	0.336904	0
naua	1	0.336904	0
Naure	1	0.336904	0
Nauru	1	0.336904	0
nawai	1	0.336904	0
Nawai	1	0.336904	0
nawaki	1	0.336904	0
Naweki	1	0.336904	0
nehua	1	0.336904	0
neiri	1	0.336904	0
nemu	1	0.336904	0
nena	1	0.336904	0
nenea	1	0.336904	0
nenei	1	0.336904	0
NeNero	1	0.336904	0
neneti	1	0.336904	0
NeNeti	1	0.336904	0
Neni	1	0.336904	0
nera	1	0.336904	0
nero	1	0.336904	0
Netea	1	0.336904	0
Nina	1	0.336904	0
NiNiha	1	0.336904	0
ninihi	1	0.336904	0
NiNita	1	0.336904	0
niniwa	1	0.336904	0
nipa	1	0.336904	0
nipi	1	0.336904	0
Nitaia	1	0.336904	0
nohia	1	0.336904	0
noia	1	0.336904	0
Noine	1	0.336904	0
Noko	1	0.336904	0
noNa	1	0.336904	0
NoNa	1	0.336904	0
nonea	1	0.336904	0
NoNoa	1	0.336904	0
nonoia	1	0.336904	0
nonoko	1	0.336904	0
NoNore	1	0.336904	0
nonoro	1	0.336904	0
nora	1	0.336904	0
noua	1	0.336904	0
Noua	1	0.336904	0
nukaia	1	0.336904	0
nuki	1	0.336904	0
numia	1	0.336904	0
Nutoro	1	0.336904	0
oa	1	0.336904	0
ohaki	1	0.336904	0
oheke	1	0.336904	0
ohiki	1	0.336904	0
ohoa	1	0.336904	0
oia	1	0.336904	0
oiNa	1	0.336904	0
okamu	1	0.336904	0
okoi	1	0.336904	0
okoia	1	0.336904	0
okona	1	0.336904	0
okura	1	0.336904	0
omaki	1	0.336904	0
opi	1	0.336904	0
opiki	1	0.336904	0
opu	1	0.336904	0
opuru	1	0.336904	0
oroa	1	0.336904	0
oroi	1	0.336904	0
oroia	1	0.336904	0
ote	1	0.336904	0
otiki	1	0.336904	0
oto	1	0.336904	0
oue	1	0.336904	0
oumu	1	0.336904	0
owaro	1	0.336904	0
paearau	1	0.336904	0
paeNa	1	0.336904	0
paere	1	0.336904	0
pafaru	1	0.336904	0
pahaki	1	0.336904	0
pahe	1	0.336904	0
paheno	1	0.336904	0
paheru	1	0.336904	0
pahia	1	0.336904	0
pahoho	1	0.336904	0
pahua	1	0.336904	0
pahuhua	1	0.336904	0
paiherea	1	0.336904	0
paike	1	0.336904	0
paina	1	0.336904	0
paipa	1	0.336904	0
pairi	1	0.336904	0
pakai	1	0.336904	0
pakaia	1	0.336904	0
pakaua	1	0.336904	0
pakea	1	0.336904	0
paketi	1	0.336904	0
pakewa	1	0.336904	0
pakiNa	1	0.336904	0
pakoa	1	0.336904	0
pakohu	1	0.336904	0
pakoNa	1	0.336904	0
pakora	1	0.336904	0
pama	1	0.336904	0
pame	1	0.336904	0
paNaa	1	0.336904	0
panaia	1	0.336904	0
paNaia	1	0.336904	0
paNaNa	1	0.336904	0
paNare	1	0.336904	0
panata	1	0.336904	0
panati	1	0.336904	0
paneke	1	0.336904	0
paNore	1	0.336904	0
paNoro	1	0.336904	0
panunu	1	0.336904	0
papaa	1	0.336904	0
papahu	1	0.336904	0
papai	1	0.336904	0
papaki	1	0.336904	0
papani	1	0.336904	0
papao	1	0.336904	0
paraNi	1	0.336904	0
pareho	1	0.336904	0
paremo	1	0.336904	0
paroro	1	0.336904	0
paruhi	1	0.336904	0
paruna	1	0.336904	0
parunu	1	0.336904	0
patari	1	0.336904	0
patate	1	0.336904	0
patau	1	0.336904	0
pate	1	0.336904	0
pateko	1	0.336904	0
patere	1	0.336904	0
pateri	1	0.336904	0
patete	1	0.336904	0
patiki	1	0.336904	0
patiko	1	0.336904	0
patiu	1	0.336904	0
patui	1	0.336904	0
pauku	1	0.336904	0
pauni	1	0.336904	0
paura	1	0.336904	0
paute	1	0.336904	0
peaua	1	0.336904	0
pehua	1	0.336904	0
peihi	1	0.336904	0
pekea	1	0.336904	0
peki	1	0.336904	0
peoi	1	0.336904	0
pepekeha	1	0.336904	0
peraro	1	0.336904	0
perori	1	0.336904	0
petaia	1	0.336904	0
petako	1	0.336904	0
petia	1	0.336904	0
peu	1	0.336904	0
pewaro	1	0.336904	0
piari	1	0.336904	0
piau	1	0.336904	0
pieke	1	0.336904	0
pihau	1	0.336904	0
pihe	1	0.336904	0
piia	1	0.336904	0
pikiNa	1	0.336904	0
pikoa	1	0.336904	0
pikoni	1	0.336904	0
pina	1	0.336904	0
piNa	1	0.336904	0
piNawi	1	0.336904	0
pino	1	0.336904	0
piore	1	0.336904	0
pipihi	1	0.336904	0
pipine	1	0.336904	0
pipiti	1	0.336904	0
piria	1	0.336904	0
pirihia	1	0.336904	0
piroe	1	0.336904	0
pita	1	0.336904	0
pitoNa	1	0.336904	0
poare	1	0.336904	0
pofifi	1	0.336904	0
pohaha	1	0.336904	0
pohatu	1	0.336904	0
pohau	1	0.336904	0
pohio	1	0.336904	0
pohue	1	0.336904	0
pohuka	1	0.336904	0
pokaia	1	0.336904	0
pokana	1	0.336904	0
pokina	1	0.336904	0
poNare	1	0.336904	0
poniki	1	0.336904	0
poniu	1	0.336904	0
ponoa	1	0.336904	0
popi	1	0.336904	0
popoi	1	0.336904	0
popoke	1	0.336904	0
popoko	1	0.336904	0
porai	1	0.336904	0
poraNi	1	0.336904	0
porea	1	0.336904	0
porei	1	0.336904	0
poroi	1	0.336904	0
poroNa	1	0.336904	0
potae	1	0.336904	0
potehe	1	0.336904	0
potiki	1	0.336904	0
potoNa	1	0.336904	0
poue	1	0.336904	0
puaha	1	0.336904	0
puai	1	0.336904	0
puata	1	0.336904	0
pufa	1	0.336904	0
pufeto	1	0.336904	0
puhake	1	0.336904	0
puhaNa	1	0.336904	0
puhera	1	0.336904	0
puheto	1	0.336904	0
puhia	1	0.336904	0
puira	1	0.336904	0
pukea	1	0.336904	0
pukena	1	0.336904	0
pukeru	1	0.336904	0
pukira	1	0.336904	0
pukoro	1	0.336904	0
pukua	1	0.336904	0
pukuna	1	0.336904	0
puma	1	0.336904	0
pumeka	1	0.336904	0
pumua	1	0.336904	0
puNaa	1	0.336904	0
puNao	1	0.336904	0
puneke	1	0.336904	0
puoro	1	0.336904	0
pupau	1	0.336904	0
puraka	1	0.336904	0
puraku	1	0.336904	0
purere	1	0.336904	0
puruaa	1	0.336904	0
puruhi	1	0.336904	0
puruki	1	0.336904	0
purunu	1	0.336904	0
putaia	1	0.336904	0
pututu	1	0.336904	0
puwai	1	0.336904	0
rahia	1	0.336904	0
rahoto	1	0.336904	0
rahuna	1	0.336904	0
raihe	1	0.336904	0
rakina	1	0.336904	0
rakua	1	0.336904	0
ramaa	1	0.336904	0
ramene	1	0.336904	0
ramua	1	0.336904	0
raNaa	1	0.336904	0
ranaki	1	0.336904	0
rani	1	0.336904	0
rapaa	1	0.336904	0
rapoia	1	0.336904	0
rapopoto	1	0.336904	0
rapua	1	0.336904	0
raraha	1	0.336904	0
rarai	1	0.336904	0
rararu	1	0.336904	0
rate	1	0.336904	0
raunui	1	0.336904	0
rawaha	1	0.336904	0
raweki	1	0.336904	0
raweoi	1	0.336904	0
reao	1	0.336904	0
reheNa	1	0.336904	0
rehi	1	0.336904	0
reiri	1	0.336904	0
rekoa	1	0.336904	0
rema	1	0.336904	0
remana	1	0.336904	0
renaa	1	0.336904	0
rene	1	0.336904	0
reneti	1	0.336904	0
reoa	1	0.336904	0
repi	1	0.336904	0
rerehe	1	0.336904	0
rerena	1	0.336904	0
reua	1	0.336904	0
rewaia	1	0.336904	0
rewe	1	0.336904	0
rewena	1	0.336904	0
rewenaa	1	0.336904	0
riena	1	0.336904	0
rihia	1	0.336904	0
rihiti	1	0.336904	0
riia	1	0.336904	0
rikaia	1	0.336904	0
rikini	1	0.336904	0
rikou	1	0.336904	0
riNia	1	0.336904	0
riona	1	0.336904	0
ripaia	1	0.336904	0
riria	1	0.336904	0
riroi	1	0.336904	0
riua	1	0.336904	0
riuka	1	0.336904	0
roera	1	0.336904	0
rofea	1	0.336904	0
rohai	1	0.336904	0
rohia	1	0.336904	0
rohu	1	0.336904	0
roihe	1	0.336904	0
roire	1	0.336904	0
roka	1	0.336904	0
romia	1	0.336904	0
ronaa	1	0.336904	0
ronaki	1	0.336904	0
roNoa	1	0.336904	0
ropea	1	0.336904	0
ropia	1	0.336904	0
roraha	1	0.336904	0
roroku	1	0.336904	0
rorotu	1	0.336904	0
rotaia	1	0.336904	0
rouri	1	0.336904	0
rowa	1	0.336904	0
rowi	1	0.336904	0
ruawe	1	0.336904	0
ruea	1	0.336904	0
rueke	1	0.336904	0
rufa	1	0.336904	0
rupea	1	0.336904	0
rureNa	1	0.336904	0
rurua	1	0.336904	0
ruruNa	1	0.336904	0
rutua	1	0.336904	0
ruwao	1	0.336904	0
taeka	1	0.336904	0
taeo	1	0.336904	0
taepu	1	0.336904	0
tafai	1	0.336904	0
tafaki	1	0.336904	0
tafao	1	0.336904	0
tafera	1	0.336904	0
tafeta	1	0.336904	0
tafifi	1	0.336904	0
tafiri	1	0.336904	0
tahaia	1	0.336904	0
tahea	1	0.336904	0
taheNa	1	0.336904	0
tahia	1	0.336904	0
tahiri	1	0.336904	0
tahiwi	1	0.336904	0
tahoro	1	0.336904	0
taiapo	1	0.336904	0
taiea	1	0.336904	0
tainaoke	1	0.336904	0
takafe	1	0.336904	0
takaina	1	0.336904	0
takaro	1	0.336904	0
takataka	1	0.336904	0
takere	1	0.336904	0
takini	1	0.336904	0
takiri	1	0.336904	0
takiwa	1	0.336904	0
takoa	1	0.336904	0
takou	1	0.336904	0
takua	1	0.336904	0
takuhe	1	0.336904	0
takuNa	1	0.336904	0
tamato	1	0.336904	0
tamia	1	0.336904	0
tamira	1	0.336904	0
taNai	1	0.336904	0
taNaroa	1	0.336904	0
taNeo	1	0.336904	0
taNere	1	0.336904	0
taNoro	1	0.336904	0
tanukua	1	0.336904	0
taoa	1	0.336904	0
tapaa	1	0.336904	0
tapaki	1	0.336904	0
tapape	1	0.336904	0
tapatiu	1	0.336904	0
tapatu	1	0.336904	0
tape	1	0.336904	0
tapene	1	0.336904	0
tapotu	1	0.336904	0
taraa	1	0.336904	0
taraire	1	0.336904	0
tarao	1	0.336904	0
tarare	1	0.336904	0
tarari	1	0.336904	0
tarepa	1	0.336904	0
taroma	1	0.336904	0
tarore	1	0.336904	0
tarori	1	0.336904	0
tatana	1	0.336904	0
tatawa	1	0.336904	0
tatutu	1	0.336904	0
taufaNa	1	0.336904	0
tauhaNa	1	0.336904	0
tauira	1	0.336904	0
tauNa	1	0.336904	0
taupa	1	0.336904	0
tawaka	1	0.336904	0
tawaki	1	0.336904	0
tawao	1	0.336904	0
tawari	1	0.336904	0
teha	1	0.336904	0
teia	1	0.336904	0
teiki	1	0.336904	0
teiti	1	0.336904	0
tekau	1	0.336904	0
tekiona	1	0.336904	0
temoana	1	0.336904	0
tenihi	1	0.336904	0
teoa	1	0.336904	0
terehe	1	0.336904	0
terehi	1	0.336904	0
terehu	1	0.336904	0
teria	1	0.336904	0
teteke	1	0.336904	0
tetepe	1	0.336904	0
tetete	1	0.336904	0
teti	1	0.336904	0
teuma	1	0.336904	0
tiaa	1	0.336904	0
tiafe	1	0.336904	0
tiana	1	0.336904	0
tiapu	1	0.336904	0
tiaria	1	0.336904	0
tiekina	1	0.336904	0
tiere	1	0.336904	0
tifaia	1	0.336904	0
tiha	1	0.336904	0
tihae	1	0.336904	0
tihau	1	0.336904	0
tiho	1	0.336904	0
tihoi	1	0.336904	0
tikere	1	0.336904	0
tikini	1	0.336904	0
tikiNi	1	0.336904	0
tikoaka	1	0.336904	0
tikoki	1	0.336904	0
tikoko	1	0.336904	0
tikona	1	0.336904	0
tikumu	1	0.336904	0
timata	1	0.336904	0
timataNa	1	0.336904	0
timira	1	0.336904	0
timoho	1	0.336904	0
tinaia	1	0.336904	0
tinamu	1	0.336904	0
tinara	1	0.336904	0
tiNia	1	0.336904	0
tiNoNo	1	0.336904	0
tioa	1	0.336904	0
tipako	1	0.336904	0
tipo	1	0.336904	0
tipoka	1	0.336904	0
tipunu	1	0.336904	0
tiraki	1	0.336904	0
tirawa	1	0.336904	0
tire	1	0.336904	0
tiriao	1	0.336904	0
tiripi	1	0.336904	0
tirohe	1	0.336904	0
tirou	1	0.336904	0
tita	1	0.336904	0
titaha	1	0.336904	0
titeke	1	0.336904	0
titore	1	0.336904	0
tiua	1	0.336904	0
tiwe	1	0.336904	0
toati	1	0.336904	0
toene	1	0.336904	0
tohene	1	0.336904	0
tohia	1	0.336904	0
tohiNa	1	0.336904	0
tohuNa	1	0.336904	0
toie	1	0.336904	0
tokara	1	0.336904	0
tokona	1	0.336904	0
tokoNa	1	0.336904	0
tomai	1	0.336904	0
tomato	1	0.336904	0
tomene	1	0.336904	0
toNako	1	0.336904	0
topaki	1	0.336904	0
topuni	1	0.336904	0
tora	1	0.336904	0
torana	1	0.336904	0
toreNi	1	0.336904	0
torete	1	0.336904	0
torohi	1	0.336904	0
toroi	1	0.336904	0
toroihi	1	0.336904	0
torua	1	0.336904	0
totea	1	0.336904	0
totohea	1	0.336904	0
totoke	1	0.336904	0
totope	1	0.336904	0
totopu	1	0.336904	0
tuaina	1	0.336904	0
tuapa	1	0.336904	0
tuaraNa	1	0.336904	0
tuare	1	0.336904	0
tuata	1	0.336904	0
tuere	1	0.336904	0
tuhiNa	1	0.336904	0
tuhuhi	1	0.336904	0
tuhui	1	0.336904	0
tuiau	1	0.336904	0
tukua	1	0.336904	0
tukura	1	0.336904	0
tumata	1	0.336904	0
tuNaa	1	0.336904	0
tunahi	1	0.336904	0
tuni	1	0.336904	0
tuNi	1	0.336904	0
tunua	1	0.336904	0
tuohu	1	0.336904	0
tuone	1	0.336904	0
tupari	1	0.336904	0
tupata	1	0.336904	0
tupe	1	0.336904	0
tupehu	1	0.336904	0
tupuke	1	0.336904	0
turaina	1	0.336904	0
turaki	1	0.336904	0
turaraa	1	0.336904	0
turoa	1	0.336904	0
turoua	1	0.336904	0
turupa	1	0.336904	0
tururu	1	0.336904	0
tutaki	1	0.336904	0
tutaNa	1	0.336904	0
tutoke	1	0.336904	0
tutua	1	0.336904	0
tuturi	1	0.336904	0
uakoao	1	0.336904	0
uakoau	1	0.336904	0
uama	1	0.336904	0
uapo	1	0.336904	0
uere	1	0.336904	0
ufia	1	0.336904	0
uhono	1	0.336904	0
uiui	1	0.336904	0
ukui	1	0.336904	0
umi	1	0.336904	0
umiki	1	0.336904	0
upaia	1	0.336904	0
upane	1	0.336904	0
upu	1	0.336904	0
ureroa	1	0.336904	0
utaina	1	0.336904	0
utoka	1	0.336904	0
waena	1	0.336904	0
waero	1	0.336904	0
wahaina	1	0.336904	0
waiapu	1	0.336904	0
waiariki	1	0.336904	0
wakua	1	0.336904	0
wamu	1	0.336904	0
wanea	1	0.336904	0
wania	1	0.336904	0
waoa	1	0.336904	0
waraki	1	0.336904	0
warana	1	0.336904	0
waraNa	1	0.336904	0
warea	1	0.336904	0
warete	1	0.336904	0
warua	1	0.336904	0
watata	1	0.336904	0
wato	1	0.336904	0
wawani	1	0.336904	0
weaina	1	0.336904	0
weha	1	0.336904	0
weira	1	0.336904	0
weiti	1	0.336904	0
wekua	1	0.336904	0
werua	1	0.336904	0
wetia	1	0.336904	0
weweia	1	0.336904	0
wewete	1	0.336904	0
wihana	1	0.336904	0
wiwini	1	0.336904	0
wonati	1	0.336904	0
