103614.805119927
103384.681956858
103792.908519176
103739.579144911
103509.319293054
103813.955270297
103489.27837098
103604.73539872
103366.57503861
103461.177431576
103643.138879553
103717.203133216
103515.879463038
103767.051984972
103366.340239672
103601.039917606
103381.046467624
103784.644660997
103515.897719506
103708.609344692
103615.694999405
103497.298438356
103610.376702929
103485.847736915
103667.573680165
103423.36442073
103708.610955246
103525.849188839
103486.340246502
103616.148926345
103673.381149031
103768.781455992
103624.60450666
103945.186809142
103732.134705476
103566.004590274
103418.924966659
103454.797847888
103647.786414971
103555.335424804
103524.648558754
103395.188396656
103511.744041717
104145.36530091
103524.560083465
103701.537198006
103646.154136491
103593.10684616
103608.333514926
103782.163611256
103629.054782296
103780.034963874
103614.555678576
103583.376665195
103584.950062673
103461.900833549
103492.369594235
103415.191806961
103480.306940639
103444.457088604
103485.116790799
103520.019323394
103335.294592336
103651.937522525
103445.565597792
103622.306825177
103434.295478842
104031.107653486
103675.298351028
103429.52052918
103681.931554013
103468.946497883
103436.86260068
103728.692636909
103540.149091376
103518.983206129
103602.347462626
103706.280882127
103773.199788152
103690.370678175
103640.938891773
103748.777234659
103619.257256348
103544.413819862
103517.228101498
103635.753538137
103529.807305562
103695.645654838
103656.248664834
103440.493380997
103564.429056395
103622.95395026
103447.021301243
103666.726404644
103338.646640367
103403.795168804
103496.569886885
103425.577371394
103613.11284243
103483.115844616
103627.319707293
103601.862476303
103609.411425913
103618.756487039
103598.087121239
103589.27701004
103649.228120925
103540.903504111
103606.691569997
103570.701428721
103548.274694617
103629.279860799
103340.22468081
103514.763804126
103432.383467495
103501.005642879
103759.66855807
103477.221086047
103452.290510035
103764.704260223
103355.852461405
103609.939159235
103680.649883187
103534.142082861
103600.861478726
103568.694800756
103634.781323226
103478.890333854
103414.083248075
103741.430887351
103591.680274814
103476.878818395
103585.52932607
103492.846199543
103744.631422751
103745.949729812
103480.41183402
103553.260719914
103607.41241043
103904.778354806
103433.109992867
103545.340965017
103758.9894651
103682.530605022
103651.681513335
103596.148124299
103731.819321382
103446.215162186
103469.34990394
103527.005356945
103577.413138897
103751.168504565
103431.635106568
103629.307223733
103568.006741576
103449.620358876
103636.221592388
103516.277511019
103634.459499749
103743.836730799
103700.579006779
103636.866322504
103542.415866001
103532.483938298
103484.211659099
103403.851612849
103432.175908671
103427.030741144
103497.295727746
103412.452436132
103666.61523877
103480.518277207
103434.065340139
103814.900544731
103463.236336613
103480.76850667
103907.255551965
103632.017436771
103707.020929586
103525.573809087
103418.925093874
103553.814826878
103595.934429816
103546.342365836
103589.733948011
103425.416130446
103586.732073935
103430.880503363
103570.073810343
103593.514187269
103579.916413169
103450.428409451
103419.513780079
103582.107081984
103702.850875676
103743.522931459
103680.649020906
103377.594497221
103664.356358897
103613.766480117
103708.56055256
103587.373118329
103424.967393771
103410.116397569
103416.88196541
103431.172340076
103480.867216417
103622.529663398
103590.802222227
103355.897190334
103516.652403793
103428.286425266
103459.484260404
103628.054651712
103638.945427974
103410.214053618
103615.924296315
103822.815505119
103592.843759562
103484.985916536
103667.705060284
103665.086957004
103627.482645452
103931.056379508
103941.129467516
103644.918773147
103390.935682487
103811.366532535
103674.947580495
103445.552736206
103542.036468674
103693.071917198
103375.975810076
103577.460763936
103662.623557022
103410.36007184
103593.100925732
103681.632079449
103675.203671949
103538.824717505
103398.709513331
103723.65986082
103597.667312992
103436.785880181
103752.491891749
103434.033646134
103515.394017457
103582.480505299
103505.487159026
103452.064288284
103362.998174148
103480.345711468
103633.391339704
103677.070303332
103451.181021565
103816.911717612
103483.277282216
103604.22879441
103488.415004905
103567.110236628
103691.573296981
103640.90306257
103532.397609088
103561.653374356
103570.877817037
103516.855230059
103737.807745755
103498.362561815
103733.797927909
103517.857790635
104023.986633302
103765.098681081
103478.402194392
103489.206758723
103587.632581262
103583.619214315
103480.921182175
103396.877682852
103423.781853484
103587.867309483
103533.869651469
103608.779912701
103483.004199502
103640.456249279
103446.458681066
103737.491378514
103764.876484782
103530.840444096
103517.111725839
103510.126387048
103736.092067673
103712.867206524
103602.003079648
103704.969748361
103659.12943242
103696.675586139
103546.808854348
103577.740136725
103453.077439425
103593.97091126
103490.826544655
103647.365515014
103631.782008243
103919.553758367
103466.72696127
103772.029637306
103592.298449229
103756.056269957
103773.727714245
103608.057888883
103580.350966588
103747.220766065
103544.586663929
103496.20565078
103549.355507479
103483.9911508
103625.697844858
103710.094468122
103792.837691544
103434.681386687
103683.306722025
103820.620821552
103650.177404816
103474.600998159
103558.154994554
103661.604162703
103581.695476716
103433.948623846
103669.375103947
103723.464643908
103924.57948047
103562.038848513
103658.080755387
103587.654509386
103474.55215766
103664.007949115
103368.071008052
104056.046382981
103485.2182881
103602.58193382
103464.132767213
103572.302478296
103650.564008964
103666.149719312
103452.016828947
103916.374335676
103655.530114933
103462.813006163
103627.043264776
103560.208428158
103570.196871948
103426.108799474
103465.548043618
103522.358770647
103449.823136319
103528.674294941
103785.356613294
103591.593948315
103674.091550574
103666.687124078
103656.825119572
103432.75249658
103727.762655469
103566.090475413
103612.324439055
103400.083369353
103519.848004516
103629.62563548
103585.837911714
103419.423063003
103816.573441402
103491.0508627
103508.155530155
103448.138257408
103558.798514761
103904.457073184
103566.761045423
103484.846047093
103509.169788085
103815.605143535
103580.748151551
103543.88686583
103519.086555875
103496.862484072
103619.048264875
103568.861232964
103517.872730966
103615.720853331
103721.629083167
103827.123813565
103649.025193386
103822.465258243
103432.665175567
103548.469942708
103586.150862411
103398.078284963
103429.367007709
103566.156851182
103646.501689952
103560.682523569
103604.658830231
103550.451696019
103624.004958247
103482.708752518
103770.802986909
103643.016393273
103855.731505613
103545.644950003
103442.370191615
103756.203516793
103719.974222535
103589.726571176
103586.593772074
103638.876553765
103523.28945453
103509.881720934
103449.175486951
103879.205748268
103627.066731027
103491.697025354
103531.796449956
103528.59704953
103647.139997527
103594.86204259
103768.123092151
103522.376188214
103477.551359402
103598.989638178
103618.105473785
103391.773379974
103554.277829484
103417.906119867
103808.852660875
103584.466280836
103321.023262726
104111.573185242
103604.47683843
103774.588661508
103719.432252594
103703.553079207
103584.116298105
103662.48181609
104038.314437628
103622.585638612
103605.063325682
103541.05198605
103451.486714232
103760.978348862
103668.130991826
103426.946503049
103550.734649178
103525.49541503
103564.969105759
103980.564673858
103578.737565485
103586.754290187
103361.991408364
103654.073372366
103617.832507807
103447.30000806
103458.567221449
103649.35715853
103561.458434348
103635.633156504
103598.122991094
103526.538534172
103713.490149532
103600.977872222
103481.43765651
103731.146411458
103484.901320643
103424.191780243
103946.483000168
103624.014903261
103537.581058141
103651.765268825
103719.943425
103372.416335865
103467.778647646
103763.929950652
103551.563232823
103393.255268256
103554.920691531
103476.750908037
103475.072266782
103457.012861497
103378.52438666
103559.917869383
103586.118724186
103437.712235826
103733.97535451
103490.807597724
103614.736359225
103753.802987327
103557.391879434
103469.870424688
103402.266304945
103614.245277516
103609.757441286
103526.139291054
103680.375202881
103591.443577957
103404.408695216
103793.261597245
103607.641151284
103617.580883777
103491.574631972
103591.576523971
103689.599716043
103501.696166245
103383.39723506
103481.73118578
103600.115666428
103374.123980892
103432.981281323
103833.232158999
103857.882784582
103552.346603717
103600.789938593
103743.144384149
104041.048187172
103559.174874455
103656.998408429
103683.078670049
103624.363431418
103662.2046546
103474.933103132
103457.518647424
103461.847845199
103646.369893532
103472.424359168
103438.924770756
103507.714896104
103533.232981487
103886.3003283
103716.469122804
103480.7149974
103457.679682164
103447.756424081
103492.995374204
103473.258770935
103506.818786489
103470.788293445
103573.678002575
103581.005685175
103646.929634473
103689.154638038
103503.988960691
103770.554295166
103471.082853386
103445.415434361
103577.133982787
103589.361729539
103821.679426376
103557.591160349
103516.397635332
103629.010094034
103479.372934248
103451.647000326
103535.248228187
103588.333608682
103388.66794425
103445.807195626
103538.338035902
103399.354249242
103413.501262563
103493.060556696
103616.731942599
103528.594471841
103800.439149465
103535.187473018
103710.575360153
103544.918996676
103654.533593376
103624.829172398
103648.847904246
103590.910442498
103586.652960366
103811.144013613
103520.938545785
103470.841195576
103645.562169396
103785.10492852
103948.24241942
103639.616401953
103530.669695696
103630.59418937
103805.901154195
103655.85991877
103431.401549314
103848.133658597
103572.296559007
103525.642042934
103474.950082401
103615.207830024
103964.828385756
103623.464975389
103419.719204648
103474.567424558
103714.052235697
103454.395911406
103713.170370638
103474.049236401
103455.334986469
103553.764320772
103385.598628207
103400.988282961
103708.627882115
103589.501370157
103422.041031152
103568.435401869
103754.015773296
103418.294575954
103439.807660524
103532.618887178
103436.518883219
103490.85039943
103578.544307717
103549.20381745
103457.249057387
103695.825389548
103507.325986322
103570.943146142
103528.049872272
103561.899241489
103412.596943113
103614.820785401
103619.390480478
103574.98020527
103555.7224322
103583.288496504
103712.830260887
103435.837399941
103452.860660276
103834.075691606
103519.095389393
103530.65771708
103745.423359076
103305.406734042
103591.123893763
103591.172489718
103568.886344308
103570.899319374
103576.743396272
103480.272877634
103552.545480924
103316.122534431
103637.531593297
103819.162016274
103480.517212641
103552.948918208
103525.069180333
103362.19110374
103706.133582622
103677.042349816
103477.921287915
103981.18545463
103698.535064225
103442.93088282
103698.938707254
103467.612722379
103572.154859344
103499.842214524
103646.312855667
103508.986870806
103753.087451173
103697.792821883
103691.595763923
103485.793116201
103427.927355821
103556.871279469
103540.190527263
103502.728327046
103442.542374839
103407.58562334
103621.610113628
103668.948612656
103693.586447754
103605.158727976
103525.455856205
103700.867176118
103570.946685408
103679.331452403
104083.59421781
103599.594208921
103689.002372863
103665.240303183
103736.685254892
103364.532324914
103553.996547048
103606.184899947
103671.998167912
103456.120918263
103647.756345144
103531.777015789
103745.277855105
103653.918902219
103415.547120885
103544.656950285
103453.371341108
103627.446955951
103582.453274836
103616.835111797
103702.168551693
103563.403482248
103476.161126835
103465.304702173
103632.276103801
103555.350708139
103710.231526883
103457.240477041
103361.027324075
103602.743083051
103451.499659699
103472.919595993
103588.988650235
103664.441269659
103552.209945637
103558.49863553
103534.356252521
103418.612179884
103439.612814433
103738.5399797
103999.502159784
103591.171466155
103632.325650123
103651.21860729
103456.878508478
103805.559870742
103593.689895153
103816.055880477
103654.838708965
103583.141732279
103473.037236601
103772.994248771
103453.355102392
103479.047961244
103394.075609393
103644.064742325
103452.088648176
103557.709014251
103598.487425617
103508.587906853
103599.77226306
103690.715942086
103531.868684064
103666.878691247
103548.630037871
103562.781798112
103582.250635197
103507.748590719
103915.288357484
103482.838608728
103531.205899176
103509.484213686
103758.90429821
103457.727564453
103418.403013751
103427.255361937
103574.688810615
103605.996398407
103449.873229449
103448.084783104
103708.593374071
103483.015618498
103628.609455598
103954.345342646
103647.225912579
103638.250884678
103564.42504929
103742.291964844
103545.456030951
103642.923070487
103538.15907474
103398.352680002
103451.278856721
103475.117409158
103475.160344316
103666.326143827
103551.957767806
103685.129608512
103415.331097078
103780.577409247
103496.771125001
103504.00631604
103410.375011515
103478.382445876
103610.49096468
103423.401496415
103665.655405563
103432.859238102
103468.83502338
103762.843706035
103529.374032499
103648.98152225
103710.805350126
103617.372556777
103524.240694396
103632.287053025
103625.468434167
103493.653046801
103455.447502365
103522.431578751
103807.755595498
103561.141082232
103533.330145178
103662.539826472
103476.114588069
103563.444438465
103348.136686127
103849.917759851
103527.139591594
103433.56993763
103588.884951116
103459.517135708
103454.684251844
103524.757786608
103870.653125486
103749.09488409
103967.174102495
103477.275884328
103525.721426477
103798.397905434
103615.920762141
103720.236884312
103620.556417287
103555.804481183
103488.103054077
103583.561361135
103454.389155723
103413.929655806
103661.712096904
104017.269327887
103419.661088791
103495.404837298
103746.452021267
103393.569718674
103402.452636991
103445.929062398
103524.30324075
103655.819557806
103601.641111084
103423.609514558
103682.199562551
103438.285025054
103707.931023429
103656.296613551
103477.713904982
103777.077021129
103555.501534998
103504.577226745
103644.035981033
103484.056800392
103626.954053051
103470.343065106
103563.049998897
103281.360082361
103664.206045208
103568.555979436
103616.144340719
103426.560301249
103459.983876444
103536.691627567
103617.349152448
103704.30615332
103817.434383824
103357.177044045
103735.596444031
103618.021873893
103393.626943691
103560.381784761
103436.824332332
103628.603269886
103600.322371946
103533.106730997
103651.544167889
103548.476669962
103875.221140148
103528.931961701
103468.801139568
103803.807440426
103679.658476099
103597.130595177
103758.929271491
103539.009050869
103501.598378532
104045.118716793
103526.082934321
103654.704924864
103568.232766998
103868.274867056
103626.707137634
103554.186425117
103765.944410354
103707.139418508
103658.129543328
103654.221952974
103578.155170951
103695.263182521
103778.129566148
103471.687844711
103618.291640852
103555.654030427
103408.330014503
103615.957487659
103499.204230615
103522.833295144
103500.097459703
103890.763953022
103587.523168498
103561.15511043
103653.768520737
103550.443775532
103760.829560586
103794.692725895
103772.008969405
104266.888488354
103521.253290023
103478.162760422
103531.840415694
103513.996375565
103368.59773033
103623.276496612
103861.09720623
103918.277163256
103610.069446339
103608.651571045
103442.68082489
103446.432478836
103550.290879508
103501.298324276
103594.002712556
103710.788403794
103550.870738697
103538.245050975
103533.602403877
103878.357548446
103453.238548394
103733.129006885
103437.474142275
103585.131225091
103560.914148751
103554.668873336
103474.747043557
103773.423649349
103918.454300249
103575.043687749
103933.585633983
103658.079880002
103506.967081432
103702.618354996
103600.161599673
103642.852340558
103613.219659746
103529.804154645
103717.430805219
103699.857602058
103498.072454977
103526.487894877
103451.447453732
103601.566803991
103390.267471507
103649.936794654
103664.245596257
103470.097781962
103585.553076594
103623.853639365
103602.025280932
103534.134137294
103657.892238458
103437.435946316
103590.577782126
103494.542188882
103559.241267111
103497.972142113
103599.58999073
103486.379710298
103561.52697107
103505.233625416
103400.112970485
103736.961704285
103399.946985849
103553.268841114
103648.68606851
103617.149706948
103601.455884131
103864.520586039
103936.080818881
103723.82662127
103461.899386593
103654.393261977
103406.626879634
104016.998206928
103755.826156351
103573.562105993
103637.650419974
103577.414958968
103518.698154326
103408.026940098
103921.651059957
