103908.486545097
103615.239079724
104023.834125702
103795.654617463
103930.694442425
103881.62653263
103638.237702359
104286.147654378
103996.244135638
104336.284096169
104522.627921882
103894.387442607
103775.219550867
103929.389613792
103507.687771027
103949.03732143
104217.97231365
104179.401641769
103702.343414048
103990.632097767
103882.526101494
104059.473126981
104275.446087575
104114.045700016
103798.193099516
103457.909440202
103724.159543313
103893.909752292
103770.965797373
103892.54571459
103782.726986724
103531.958071374
104081.303703206
104078.984461493
103692.137677961
103762.045410368
103922.693800264
103985.755029848
103921.631404225
104105.14432975
103705.324092042
104000.418370674
103658.703175536
104093.409672284
103782.874710364
103918.328287062
103779.852361895
103723.955403416
103912.174456353
103999.609067412
103976.953156715
103486.185220955
103797.346929645
103979.553801356
103812.346685154
104129.993574266
103887.119701833
103761.74992338
103932.720980337
103643.944369882
103924.843279677
103400.766378519
103653.823291337
103643.686493439
103893.463828686
104040.83406122
103764.608593376
103954.168941629
103493.452983008
103750.489393904
104106.756036377
103783.656220593
104083.282602574
103710.222053423
103561.831562367
103662.153669403
103890.850151018
104086.888349109
104093.370526894
103891.093502223
103398.256117813
103719.016217802
104116.45118372
104155.058762452
103669.896683142
103591.317371109
104105.544183919
103990.042621045
103726.037687552
104354.053309904
103790.257275735
103538.819741168
103852.872140296
103833.885877364
103649.800611922
103847.032420638
104431.808723423
104284.031368328
103925.382891644
103977.61494371
104401.211804017
103863.860273703
103522.857772131
103775.952857684
104292.110941983
103962.206696186
104020.868121447
103697.459688034
104161.829292155
103956.641657535
104074.911863094
104055.049182715
104149.270345332
104059.544725719
103966.145901363
104032.031405846
104450.593811195
104100.968503796
104296.612173215
103724.191669816
104309.972912036
104152.855974127
103842.003939431
103677.712478546
103946.449003863
103893.639427511
103824.833081423
103948.529007159
103816.602514603
104154.037304841
103922.416580898
104256.026965835
103993.908549228
104258.256108714
103764.802483101
103919.946456605
104118.005089347
103962.292109442
103969.763768012
103722.644738073
103674.517843234
104151.726190051
103897.555227601
104466.090508223
104213.051567106
104378.495410395
103527.226613941
104196.230262321
103760.774973589
103901.577449367
103608.008146438
103899.040817588
103810.829001935
103839.688033975
104327.053029904
103737.251145699
104110.150556115
104365.140358404
103956.97987874
103867.054453465
104322.411721496
103970.247398959
103780.147014251
103543.075695001
103742.4964357
104034.076604565
103946.022746109
104005.960093995
103876.474414416
103942.592412423
104110.316596349
104149.249279174
103591.735947302
103974.665707511
104120.427174585
104105.437227952
104330.639409615
104333.351568425
103898.326471909
103967.796274615
103920.834976182
103611.929762601
103724.296088402
103906.10373258
103951.536288872
104219.392632815
104246.044728161
103763.556581067
103806.154393007
103923.245587765
103828.346386107
103747.602970763
103833.405273554
104169.238541217
104108.521413121
103800.632946838
103844.513714331
103691.873296632
104025.720595118
103682.417636558
103879.337741631
103930.487048573
104239.709145981
104116.416004622
103530.968095953
104086.844188041
104380.378523656
103847.805964465
103544.245926287
104456.564322777
104309.994573016
103702.62986076
104166.384716655
103972.218868719
103812.534277479
103869.151678238
104474.935821698
104091.953454197
103836.413515761
104338.895432842
104258.032298706
103814.313586273
103909.558545857
103619.564135599
104014.435750292
103783.930432697
103492.746794177
103548.251217365
103657.316973265
104018.861202824
103922.513646919
104022.388774875
103573.639867122
103867.470260214
103741.432735731
104113.26087249
103870.980936901
103586.602787462
103887.952585917
103895.851491349
103988.772611251
103893.46337448
103548.941184736
104311.706393802
104289.320701345
103808.833817198
103647.285913717
103876.177522954
103712.935687359
103760.112114926
103946.684704906
104051.249876578
103545.108191932
103811.204798101
104174.573780765
104028.000093237
103783.703964134
103954.467766302
104035.089540645
103786.563489303
104076.217286849
104031.605469144
103581.029949898
103896.649557169
103754.949944804
103698.354693053
103858.39300332
104427.691362403
103913.471378872
103828.561731855
104000.891145114
103751.277521273
103837.114492311
103490.209193453
104278.004787764
103940.737586003
103565.717229313
103989.881948297
104004.194281881
103805.092870802
103667.471017271
104021.325774689
104009.517637098
104157.786638627
103658.267852158
103981.866672457
103912.028274839
103749.643276878
104194.522145266
103903.952564397
103851.674496497
103915.67172681
103670.979775849
103868.883990235
103744.501868258
103559.245308585
103793.937419033
103921.137347932
104128.466702364
104084.559371394
103867.548746171
103980.716608883
104010.81216176
103790.800123681
103755.172055696
103797.636469899
103661.848802506
103929.162138848
103642.218473384
103850.046510292
104064.781525935
104360.21028725
103946.2137113
103755.90617811
103891.852386091
103721.186044605
103709.433169093
103990.805199065
103642.543883427
103906.96263725
103564.029785003
104023.882558865
103366.195885025
104151.163886691
104204.550380584
103621.841761552
103602.573381191
103861.909725616
103728.48624887
103752.359513185
103661.53282318
103982.494559183
103751.365038381
103670.711956911
103876.263598527
103889.171842925
104168.472513521
103973.613706558
104381.786707346
104043.452619119
104014.752721299
104059.781485225
104309.632789169
103791.051717313
103877.317437745
103933.173200736
104083.849794653
103941.840648294
103902.226833863
103834.317269443
103890.710688683
103965.599319546
104197.656648385
104247.929845398
104312.867119186
103581.861505095
103903.12058406
103784.946161535
103896.769543495
103879.78362676
103904.401812802
103803.134565485
103978.390275031
104250.728369144
103851.142528237
104592.77723046
104078.094740895
103976.97844846
103974.20847091
103980.442663224
103556.855216234
103859.719351678
103679.765727953
104100.366248205
104101.493918022
104098.838442695
103868.049222733
103702.828217334
103938.376667771
103757.333904309
104050.896683949
103868.985529929
103821.909072506
103709.072394358
104299.859218246
104486.073265683
103758.571517267
103835.440487068
103693.016792495
103923.714068453
103830.499286036
103707.728025511
103778.318216184
103751.999884623
103797.406497291
103620.055305107
103736.31875706
104057.13777291
104090.444630415
104024.092959297
104224.866403706
104078.782966989
103690.914230648
103653.840945755
103716.315003526
103929.77425155
104114.252959266
104038.249984199
104293.402044708
103927.808621574
104106.200401168
104029.371720849
103626.862940169
104085.283110613
104158.093910371
104074.446990571
103620.665283196
103832.047844026
103819.248899494
103890.281593195
103961.667248342
103871.094787676
104074.63793129
103430.103529485
103677.826810651
103812.144533878
103889.397196089
104258.239568328
103993.98643397
103681.034935146
103950.075917796
103650.150636086
103435.733697841
104056.895026436
103859.018676508
104357.906656174
103637.674636231
103686.015804172
103901.896419299
104140.888866336
104050.289389231
103830.431600614
103730.324512371
103985.797422501
103941.780957284
104087.728870493
103780.992032413
103738.306447166
103949.283100251
103996.17061008
103622.958687678
103954.130459007
103798.761398177
103795.979082182
104538.231059328
104119.102317529
103729.195567963
104257.268703594
103626.006483062
104031.982909149
104038.315424573
103762.595911112
103782.074533846
104056.467271197
103735.996756406
104260.221868732
103738.132812095
103891.197892984
103572.473547652
103849.638123741
103846.876744454
103640.784468892
104036.479605372
104254.533099843
104072.760389708
103657.721362516
103964.878176733
104072.935861995
103903.832390831
103689.362066413
103772.61289154
103880.727878128
103573.272511261
103731.302068632
104035.415127917
103792.136940179
103971.597062438
103652.00212022
103453.032302271
103648.384643834
103620.085468133
103878.610460612
103672.9392473
103908.233074484
103836.126451913
103762.670385791
103746.186874617
104100.121770473
103793.878002705
103603.374045996
103996.141801349
103807.090082754
103810.320662501
103966.736028871
103585.325785309
103938.713170106
104147.8241102
103626.187651457
104019.063307465
103853.407344183
103885.777969586
103682.391173795
104092.281686221
104300.274852554
103790.044594064
104048.588214676
103889.219719575
104074.862478451
104339.482693677
103515.08409028
104132.963685374
103773.434739179
104103.105860882
103976.791953997
103725.685078257
103905.437705957
104203.175106404
104008.001644786
104037.110003493
103778.130040656
103897.381851577
103801.886577621
103944.191959409
103846.232079189
104428.627039549
103933.721744639
103941.693491506
104173.743766647
103998.900685555
103902.018662438
103686.62010204
103910.625724881
103881.001727267
103869.247855029
104372.806135755
103950.108268043
104044.603801393
103678.610392359
103882.544887924
104279.305607911
104282.71263091
104037.747100773
104074.765767369
104076.954965565
104141.379144622
103904.064225433
104030.631320414
103770.973509418
103529.395897099
103778.360917362
103516.803990409
104683.25464675
103933.693540292
103946.083487693
103847.414658118
103804.00851881
103666.424366137
103588.037621835
103756.85975822
103833.913645372
103855.698178293
103893.437474319
103682.434148155
103689.246510749
104073.918641018
103875.865361301
104671.725759597
103787.711249393
104082.546259416
103571.700339937
103821.75607926
103648.853304931
103740.192735403
103473.057199952
103787.656257081
103868.765942179
104189.789098331
103909.786823451
104562.78416861
103956.902056493
104102.59996144
104210.124949871
103568.875390743
104172.864933871
103799.282586486
104146.814332302
103886.034914389
104275.237086302
103965.313538889
103824.768905838
103888.594928679
103822.483720385
103614.44030827
103753.355716215
103894.808948964
103917.096661014
103910.838966916
103637.381423283
104024.746863314
104019.289878643
104128.618919679
103850.66022507
104032.812394682
103494.786247432
103751.817830703
104074.731390463
103763.737856989
103759.111745859
104520.573266947
103885.28350026
104160.102306506
104057.126478601
103698.91844372
103758.88255298
104115.354802306
103904.930159217
103981.399165816
103600.189317047
104563.628982631
103875.317689273
103986.112969054
103802.116405879
103775.802063698
103457.023449561
104005.427464376
103938.2031466
104098.639088181
103863.771072876
104112.447952707
103630.14456542
103894.577642485
104140.219530786
103516.827443024
103958.748832969
103719.688079938
103984.080814472
104021.126561191
104102.139017702
104390.672283851
103850.792844532
103970.230125696
103890.654042743
103875.503686149
103874.547546359
103680.443985864
104163.53169751
103853.283812027
103921.066146587
103758.449020409
103948.657751597
103302.935419051
104009.558595677
103639.184817455
103912.751848588
103944.631284147
103733.839441945
104020.326636713
103915.741100271
104081.707997141
103792.677797938
104002.406900434
104251.054146912
103757.711308353
104421.19086284
103755.643285952
103871.154759303
103677.930006679
104092.815930289
104252.656199716
104079.602384861
103962.21314487
104587.711440223
104492.048909647
103895.330506128
103515.471493355
104023.309325248
103621.412533918
103843.209969634
103962.085368299
104070.473079851
103836.347259895
104327.723191094
103952.952826931
103837.694426641
103901.725643335
104136.5982623
103528.05795052
104062.227262241
103955.657417986
103829.313684379
104159.367844113
103562.30172213
103926.028363135
104063.97473524
104009.526673427
103937.425114597
103580.629246063
103832.026801606
104001.139022229
103824.805547256
103770.354833234
104126.470312208
104018.87096178
104648.626484138
104195.045572907
103940.329685216
103875.629617589
103875.715767683
104107.539691833
104097.587036691
104093.088861354
103621.107707581
103883.713932716
103899.07714688
103611.543760199
103703.491498852
103753.691086246
104078.746435482
103826.965559767
104032.171290961
103820.788167637
103674.811810765
103699.619449348
103981.96564065
104369.550414168
104162.274591376
104099.935033882
104193.884648663
103768.564109685
104092.215793785
103999.266759023
104277.043419599
104087.218085244
103844.7432775
103970.213205674
103641.032212385
103473.378197931
103655.111750871
103765.045493624
104137.092207349
103968.475175058
104505.825666207
104184.230836438
103590.635268461
103986.973702608
104179.020978074
104042.690903975
104364.842197324
104240.48869241
103689.860279896
103471.995097419
104077.112029078
103829.918571299
103879.836117121
104378.445346067
104400.151854787
104025.937586197
104076.857743931
104006.168848039
104162.719839966
103982.415159648
103760.368021551
103511.594010073
103904.629025985
104094.629166947
103865.03836173
103718.410972796
103624.240440485
104093.65266937
103987.989796037
103575.284527391
103834.575396801
103978.299834963
103675.374798563
103832.870998052
103837.978558538
104575.889354941
104379.277374623
103657.074702847
103766.342373774
104137.831793976
104132.100712271
104129.951847569
103712.084555551
103871.521740067
103763.14279542
103659.806893296
103577.744007598
103931.01048062
103858.142677764
104053.564095313
103790.848386238
104026.981089514
104129.450238231
103897.702886702
103523.63478654
104085.829175554
103617.290750446
103879.700571781
103815.259289899
103585.923587403
103724.026390844
103964.248208761
103681.444978238
103833.669691176
103752.383746406
104080.097369261
104092.305665244
103720.997036389
103958.345615979
104147.017592195
104117.438994869
104031.343351729
104086.264779145
103614.745354131
103921.097262301
103869.737166191
103926.740565375
103971.771224712
104129.438122139
103517.758141214
103887.900469117
103715.425214241
103980.315198082
103879.008068257
103782.880573419
103844.750157716
103676.772674012
103590.763099775
104097.950875836
104395.903695993
104085.755344172
104008.427770085
103713.013963467
103717.555328509
103686.525903943
103851.148558617
104024.412738194
103891.693604349
103754.786684242
104191.715499335
103942.899463738
103856.865825206
103759.657156455
103785.684351419
103831.40573077
104106.124051391
104097.156547641
103847.063519015
103830.4967007
103980.523619983
103768.488014216
103993.518142591
103985.119479094
103830.354898157
103519.956650504
103895.893710079
103805.586153844
104260.156999618
104005.461879124
103608.598701862
103933.066514781
104196.452192698
103915.514870439
103675.320602348
103894.270385225
103820.21847975
104369.149221507
103708.607559348
103854.991399253
103863.039857123
103951.575971464
103935.172611598
103808.108620112
103702.008572779
104354.357175159
104116.465523593
103741.130705887
103896.034355672
103767.524456667
104387.315306379
104299.244349775
104060.579528726
104020.644722556
104121.702803601
103985.944736179
103881.31198457
103579.372795793
103894.937947163
103847.912169381
103962.672793644
103867.307306172
103949.649906738
104045.681744387
103412.966035698
103930.11711078
103462.336598227
103952.589838704
104480.25606153
103865.154010542
103737.279601954
103679.444232948
103910.891003829
104330.195317703
103804.519056356
103900.319464174
104258.052481842
104010.894756808
103820.065918378
103902.631419083
103778.683330777
104427.986964063
103877.077068702
104019.659266859
104020.228253711
103999.888465475
103995.0814899
103868.368079781
103675.961248723
104002.409904122
103980.330380654
103875.440363524
103992.523961397
103969.260797625
103825.06918594
103620.942106597
103826.947342668
103754.585309221
103937.33155551
103727.376291005
103543.061218244
103582.270855198
103789.814385829
104065.127218491
103914.805043212
103826.895430969
103790.085816807
103634.463196392
103765.969426429
103917.453887724
103788.54558979
103813.7243005
103830.561252564
104030.974532104
103589.967587807
103851.278108119
103973.477288159
103816.557547658
104205.830702756
103781.067756451
103620.26778225
103815.30643389
104038.035066191
103654.168983021
104147.090673499
103774.812624801
103743.988507318
103614.842637121
104165.838676577
104082.2308824
104186.454029618
103845.434711081
104062.821290213
104102.509496781
104087.948617161
103869.534289916
103898.089906296
104012.499284349
103837.814027019
103868.41095496
103564.929327131
103738.479343566
104173.880849285
103871.567137104
104443.11123651
103918.837747754
104398.239373735
103814.145161811
104067.727482138
103810.040778411
103640.838246784
104341.360999002
103747.994367696
104048.012900765
103953.641105028
103844.45395213
103722.824403527
104032.864308021
103970.316278181
103784.557001498
