104278.893241617
104746.090933343
104143.152227807
104496.772627153
104352.741273586
104590.839527861
103985.703518324
104395.762227635
104557.226118705
104553.275915476
104359.013539183
104330.680634844
104383.900153566
104313.556816326
104570.639244548
103817.244970707
104183.205714473
104276.922976286
103990.199184972
104564.585192158
104185.057179429
104581.025253645
104272.906536826
104505.611898978
104675.652131666
104633.98882819
103899.356610415
104179.379962807
104557.560248875
104425.543472113
104748.372630976
104461.626400604
104547.711222233
104438.266888465
104299.114319358
104312.619442982
104686.198437172
104751.378883414
104544.513503901
104396.829649346
104657.828079376
104553.554826012
104737.389748211
104620.436459679
104313.916473015
103930.778485792
104282.34110589
104706.221633009
104395.691124132
104205.689646122
104638.392989468
104895.969746727
104376.763813589
104291.192524071
104124.635746669
104694.681939509
104412.516629837
104846.976633788
104832.058498428
104847.220703083
103998.182778984
104695.088104909
104010.503804113
104762.017598303
104689.766180228
104626.876395682
104407.972532822
104201.193740102
104822.57266314
104431.276654215
104099.254040979
103947.95081433
103898.464919449
104143.053672726
104525.010250534
104319.883504099
104702.787743118
104319.038007336
104293.512960434
104562.071483841
104517.997181409
104921.729337098
104562.749751958
104437.591649699
104318.52677581
104613.663953609
104514.768331996
104856.03155628
104053.255344066
105059.029458207
104109.248113368
104445.122031807
104772.44667179
104329.566032334
104184.715867228
104308.359057943
104317.56590023
104310.787978346
104525.994428007
104368.596043996
104308.32103395
104279.151201943
103866.571179178
105154.495903872
104384.830362573
104516.17200823
104353.883427084
104189.584689649
104354.970121044
104117.870162485
104520.79378497
104552.946690129
104063.17130161
104569.465869749
104468.367594288
104658.492964756
104736.799479461
104388.971419002
104236.078448894
104615.197113518
104884.347039909
104673.747864506
104608.290500721
104615.930496829
104160.751690044
104717.597192434
104758.121532032
103917.62011368
105221.535845095
104445.974917348
104635.08083594
104822.137522172
104058.386260304
104221.181921829
104701.985167353
104513.905954894
104245.993233735
104197.874820254
104062.373004641
104619.809315993
104245.335968089
104319.63584162
104873.774019589
104742.074121381
104212.739494342
104141.674327683
104079.723225071
104444.856726526
104524.533441666
105192.968492868
104659.054973727
104404.011162187
104039.864243624
104364.354031668
104115.550986466
103910.289949108
104481.254415604
104580.788023227
103981.530770745
104280.786298107
104554.350682933
104779.572744249
103999.200412182
104523.566241313
105105.481022953
104435.056337563
104426.220040571
104354.393872692
104079.796857829
104529.934801388
104418.87614268
104596.530208467
104381.401127467
104977.644565823
104364.100417827
104178.327757094
104057.486489811
104209.182736931
104428.674524586
104634.324349067
104567.852583402
104167.927398257
104233.535728274
104445.889075985
104258.524094859
104401.229182471
103788.723739147
104430.694359137
104471.459008228
104512.041842022
104406.062312405
104434.695305723
104632.745482982
104151.907435479
104275.779890899
104495.81148804
104137.76966788
104591.848760453
104280.014510139
104119.486564105
104570.468156652
103905.713598415
104399.996675716
104389.540835213
104566.993174767
103968.238449834
104388.304312886
104237.718038649
104433.1376307
104294.017038782
104266.048857219
104401.747344672
104701.959428831
104437.417584505
104550.721090887
104267.555984435
104852.973266815
104163.112381317
104728.647971086
104840.316755225
104155.998414098
104830.590912898
104676.760574883
104802.963188716
104595.874482037
104137.784277613
104089.622618683
104185.14544283
104344.083465498
104324.95590875
104647.83182575
103951.551471817
104679.924204657
104204.390641006
104127.332948306
104876.615739247
104688.690827782
104341.260273375
104472.749562932
104525.257023641
104627.283258483
104386.381703922
104804.735438152
104034.969856705
103860.469773571
104639.437756228
104442.316008033
104146.763339889
104408.395289304
104989.123689787
104510.284272921
104917.510274424
103958.900137418
104318.546545259
104006.896317475
104237.690941305
104270.57084547
104402.115289525
104294.700282138
104685.671237213
104554.734664217
104965.487966946
104763.074871893
104360.867835872
104854.026816529
104424.648643139
104398.805287223
104597.467829761
104710.95386659
104293.305879276
104226.913513832
104370.504568069
104276.481895095
104601.863804465
104646.499864618
104582.890136171
104875.300293896
104613.474357313
104282.758414229
104424.153183625
104331.16447544
104476.743897761
104337.10948232
104443.023305578
104059.417942526
104206.01555387
104067.470347384
104743.333196327
104010.645114542
104647.277574203
104357.306209667
104532.872484473
104357.589237626
104541.996551037
104721.545329004
104950.80061203
104287.410679615
104544.351853075
104221.492237768
104770.375208235
104538.295754077
104210.880332299
104371.560272042
104286.328714587
104077.801440922
104510.174870868
104497.788669888
104296.920704831
104253.737090206
104244.869888704
104201.304315146
104248.997244099
104288.260352722
104568.544448666
104670.361179791
104853.915651072
104590.700418066
104313.906227031
104399.534366701
104187.88328132
104754.474455978
104258.348560454
103922.874064695
105100.126084602
104445.03914809
104563.536221935
104313.678732402
104035.680856947
103926.619480219
104444.631977222
104079.535064246
104260.904320619
104090.814252355
104640.808585994
104628.231296509
104293.750227789
104979.368962495
104214.239332747
104486.657633736
104535.982949071
104290.972676146
103891.546992372
104130.600719114
104224.509168008
104039.484249051
104335.668900392
104891.787915606
104372.950229133
104186.352676996
105189.667364508
104667.396186575
104313.246833514
104405.282362143
104030.326513729
104175.688380167
104630.27904607
104271.138904531
104564.728061099
104208.497238778
104340.282221443
104180.284546712
104507.804834064
104358.22976821
104823.95931958
104655.586219197
104352.713387077
103725.600527576
104702.001744754
104325.111269838
104123.719050372
104370.910796305
104053.45335508
104547.864093469
104779.063402438
104686.772883346
104101.243843687
104090.10539788
104450.480234631
105100.25309214
104402.635156364
104113.236755586
105327.441123086
104844.412933544
104394.69119213
104562.31973307
104390.119680268
104422.965415961
104559.753681799
103927.759587165
104448.976036502
104542.813033352
104621.095105505
105314.950392398
104503.8839337
103952.497608854
104416.32200497
104558.256119393
104800.853706027
104417.898339519
104493.310640231
104637.045170661
104540.888601188
104416.63515502
104454.650889852
104390.913323338
104161.321306923
104529.960944816
104167.810874424
104522.465778273
104163.35045101
104272.368267868
104363.585891707
104832.132071344
104202.556875013
104242.272419386
104220.330819716
104102.484513587
104652.930760262
104196.042724278
104919.858971668
105024.993516072
105011.620622033
104574.508494139
103928.471184915
104033.300697195
104599.253054037
104506.569757917
104169.894077514
104438.676888471
103802.381412367
104378.543700632
104363.273975452
104532.131926709
104453.657358888
104153.333950618
104170.698380845
104192.032818915
104917.557141168
104234.496723145
104560.2055098
104663.074237677
103999.727404842
104993.550050986
104537.747205466
104141.166761578
104391.491953741
104328.326881235
104578.066088383
104602.775709513
104492.721318042
104395.581830896
104241.610429647
104300.797274747
104569.243695922
104769.604357657
104037.159322347
104409.198670792
104443.456814071
104006.374108566
104631.15700561
103869.946993023
104392.80491494
104392.425033861
104028.608032483
103688.489024148
104447.246286028
104091.566824905
104081.524271215
104330.702888764
104257.731900932
104212.560247156
103911.684172113
103801.34168713
104279.317538477
104650.712640746
104523.573433414
104066.65359559
104133.962210954
104598.896700738
104459.186727706
104267.342773975
104140.668442545
104517.014988219
104099.394185558
104328.882103517
104642.393947296
104268.526806527
104053.308486305
104340.875850711
104903.282236487
104825.725832525
104696.647120898
104119.685654554
104326.735531825
103980.572297018
104273.09669691
104604.708017546
104272.512863859
103670.977613606
104133.689595926
104772.139774901
104645.433839905
104206.349384527
104839.81496532
103690.085411885
104285.403883293
104341.9991884
104032.171867092
104550.495413207
105253.163509644
104779.987180773
104722.935712136
104708.491278613
104292.067644589
104563.577342668
104266.347762212
104617.342475731
103997.76714192
104353.676609954
104546.704672786
104411.767617811
104535.964132315
104398.327272895
104250.057386676
104161.051006562
104281.482338431
104451.324984891
104525.968128158
104683.559237137
104324.756317966
104067.477199725
104268.300180555
104364.889820402
104422.716608376
103989.847441142
104693.852003806
105003.739151756
104780.950862248
104183.940973347
104095.50141297
104220.178064796
104898.291014577
104936.847494987
104034.11080718
104514.869931707
104543.936138581
104403.245785564
104282.123826047
104142.386052881
104863.890953867
104290.626094081
104599.643178799
104599.677317649
104421.898312582
104695.266103614
104449.229939405
104479.939719224
104470.437796557
104008.730318097
104192.846784102
104391.49834207
104878.293026587
104857.692113495
104262.979782363
104590.879261507
104656.958947231
104151.26630019
104549.471442611
104418.803431838
104606.679487961
104586.328782045
104632.073939143
104167.73966079
104630.810292525
104511.090359033
104568.680188048
104752.02131061
104673.307106949
104773.524086352
104225.586335991
104627.917658991
104272.845415028
104472.097080279
104628.357899443
104413.660487843
104585.312012902
104504.77051581
104111.396560228
104594.834722522
104661.707471822
104526.545491182
104295.84186996
104329.208289118
104355.422154667
104349.377895725
104396.099913441
104254.84562359
104263.457973629
104828.907138875
104537.505122889
104279.498828556
104320.510858763
105243.91361675
103955.000537222
104622.299960293
105368.894441586
105151.763558509
104584.446253949
104714.30819012
104618.190563091
104716.918800107
104452.686554919
104086.530396799
104368.921674374
104354.265993189
104186.52385385
104228.295291594
104942.619123618
104020.168568373
104279.394191573
104541.741654295
104530.538913021
104403.201838625
104534.690207434
103922.339669549
104478.205492723
104782.819501198
104805.468571466
104617.478274642
104832.903482862
104690.393670555
104164.15340887
104844.504700147
104002.511852279
103898.233813272
105023.850151615
104401.264438155
104344.648587183
104093.331981668
104490.701532474
104227.26356566
104256.226457124
104530.199417326
104541.717832047
104069.586952659
104465.686876769
104592.128841232
103997.772841303
104466.728729976
104483.332092039
104363.807473451
104299.588074479
104565.659192822
104564.744466453
104661.144023393
104512.15393056
104207.084934134
104679.347525046
104051.453746387
104855.398436565
104493.691125353
104942.40614492
103993.80270112
104385.096614067
104097.194773718
104680.371446446
103993.890016314
104183.224691282
104542.474937397
104296.079391369
104770.758653774
104207.043490388
103848.829295712
104493.420790256
104888.375477391
104683.240168922
104546.237079123
104759.220431677
104828.862094837
104615.81156758
104519.688952678
104038.069825273
104082.830225777
104624.986074529
104689.664085788
104539.838140767
104087.850768644
104503.665426394
103842.854491811
104667.521099559
104413.650006613
104099.047779882
104276.592251081
104433.959829369
104076.751879676
104238.276665436
105015.402968908
104186.766552865
104402.652726096
104738.975344557
104418.099640463
104257.427849826
105378.251418425
104581.388582201
104341.87741255
104430.5855339
104736.869568901
104268.452183543
104341.882330337
104621.365571696
103925.015780724
104046.438827341
104323.883580625
104102.327263859
104675.74599932
104194.523788997
104419.108024745
104785.484617447
104183.76786547
104146.397648778
104972.287504826
104852.174605303
104410.49691937
104229.278500948
104569.566254734
104357.163846601
104947.539590774
104359.919864435
104508.857608857
104324.107651529
104618.740512766
104235.99871522
104485.514041948
104052.505930123
104615.870347926
104288.840250323
104432.13946404
104436.751553962
104035.568157953
104131.852463938
104199.688627853
104176.833283932
104288.464191804
104322.904524207
104304.925326319
104028.332719518
104663.2007385
104159.061819055
104419.65723169
104575.801250471
104312.06416624
104155.212568824
104507.926133631
104221.023988566
104468.174652624
104753.735408346
104553.678023407
104405.421349159
104494.031423412
104666.981104315
104763.484464458
104651.607647269
104254.816767443
104372.341873304
104425.74910554
104456.313504223
104714.8692492
104320.273873977
104247.348836818
104387.930352748
104409.509255907
104276.986445994
104106.846251951
103829.256623028
104175.249141072
104338.648851261
104361.100704014
104887.227208569
104323.707057219
104617.635863438
104867.212117399
104218.97101007
104539.09669705
104375.71688291
104680.455568732
104991.707470792
104549.466653171
103902.571766204
104363.106166586
104745.809585981
104405.224569384
104470.781406624
104653.730442623
104404.446196925
104358.192404516
104283.628204608
104338.998642965
104419.514031752
104542.900234081
104423.006195377
103980.691257826
104147.983884096
104056.927505215
104650.443937482
104074.807297341
104148.463672701
104093.934272865
104652.776128842
104509.340522448
104162.435264408
104434.93658888
104387.720058491
104591.241355021
104632.645513367
104467.270574134
104510.721550331
104870.917520139
104461.631957093
104470.566405867
104573.187928666
104357.115746626
104418.981323617
104208.248733446
103975.707030137
104224.619184173
104302.367370495
104627.321555818
104751.079823883
104321.364378295
104108.64183448
104490.162031191
104809.914029944
104307.093378754
105388.114536335
104480.252422794
104574.91275843
104319.02115937
104277.329192246
104029.935202961
104516.054427461
103952.257896479
104341.913331761
104156.386100201
104328.137792598
104631.859243636
104135.367574697
104266.658039141
104329.71024362
104715.298817895
104593.112182802
104878.378542138
104218.590169525
104518.692952558
104559.560464527
104376.950069539
103933.964977599
104918.633308844
104251.842406924
104599.491705206
104599.494809533
104891.602950484
104266.552474771
104425.955244992
104434.88089158
104469.47411472
104787.525287739
104392.775941384
104707.529616791
104455.287445109
104659.641357842
104208.695434091
104432.931967492
104548.132633912
104434.921545923
104769.451198921
104517.177934145
103966.684862692
104468.500140745
104328.918392606
104609.70560793
105278.900222465
104475.948526764
104172.736922909
104649.093799077
104283.682079706
104188.600836657
104050.858650066
104770.059919591
104151.454440435
104209.590760626
104492.142822859
103930.360090026
104888.920403548
104561.153802581
104659.85932956
104297.31809194
104451.742993994
104489.293648375
104382.658493246
104878.925302105
104261.618395553
104402.978587839
104501.518383045
104845.850879238
104613.392620224
105386.190567169
104096.440375797
104333.071859302
104196.457461475
105023.392107809
104038.08203657
104032.291275115
104771.99967889
105066.208553884
104711.629685062
104232.824731505
104039.896015404
104624.113645276
104286.978040838
103798.415788178
104163.214291447
103986.380668063
104352.948276335
104389.713473358
104501.871764944
104428.661163379
104179.104753829
104020.889969724
104597.725800114
104454.041736349
103986.36600818
104407.994887963
104897.167147369
104523.549569928
104163.165472968
104803.889752779
104688.156496709
104535.262065452
104204.369064307
104044.646082796
104805.021305565
104545.482283039
104685.541680454
104336.90607189
104511.50613417
104305.273408196
104265.278916
104295.390250611
104304.368610072
104575.00222521
104568.685753206
104178.426688235
104623.139403951
104346.390835075
104325.125142013
104400.807615399
104853.292641385
104702.806472624
104005.341265038
104246.990805935
104190.265118599
104346.532055236
104861.571243727
104339.866173019
104642.722164229
104424.196619011
104462.252220217
104431.452329404
105038.77169872
104898.097971668
104055.311355474
104536.913937601
104537.493000922
104460.764328513
105068.9472779
104473.244785613
104671.808939013
104905.670206029
104617.3866933
104309.28754821
104646.575293208
104452.967692476
104728.466562093
104316.798318289
104505.547433025
104517.15337761
104479.107972985
104497.071261639
104306.067300401
104275.281528918
103905.515741887
104583.445894677
104545.439862137
104575.60480173
104624.441170334
104733.220236856
104478.816198749
104589.991617482
104497.02165286
104558.653181538
