103465.606632028
103612.737483664
103431.931698767
103891.913069319
103776.280971291
104146.857150402
103712.050470225
103774.87499858
103662.433883568
103720.761783918
103809.991421451
103614.781696715
103974.07943166
103676.23380349
103473.179240209
104175.596904341
103617.527797582
103563.489812776
103452.684839055
103671.47377198
103562.934103592
103714.360078149
103635.869259882
103753.452208224
103873.286912158
103621.235206311
103631.966529726
103540.967139869
103645.264494205
103885.342357205
103461.485802259
103362.805802685
103547.123994684
103621.256650137
103731.67069173
103821.165273963
103676.214430332
103396.64960825
103745.353162677
103631.162555499
103518.446818212
103957.896664047
103738.655414493
103511.931579194
103948.80093226
103612.90688949
103719.749271192
103690.581345089
103639.143050001
103613.792830871
103378.898450049
103975.40422602
103713.704327312
103640.728191667
104041.831465988
103630.787934804
104057.337482113
104127.836394733
103581.231780447
104240.588980233
103620.347393187
103306.684242534
104000.547715347
103805.487165693
103599.189465516
103427.990322055
103474.03147075
103467.299646878
103498.598325857
104048.869815181
103523.897941316
103816.649452787
103540.815552918
103656.894959081
103388.773410921
103545.003422263
103658.334104869
103992.645084371
103601.587818779
103411.58582978
103763.704803009
103559.79792966
103288.545774653
103585.923596862
103934.724340719
103721.773125838
103665.056867232
103807.293659901
103828.550476885
103651.536253842
103784.45849246
103650.858628639
103391.962189036
103533.149792575
103725.128106944
103976.839174085
103586.800129124
103664.459217897
103736.13995775
103728.789042204
103797.521677467
103764.021950304
103418.402263976
103809.587656029
103669.779889421
103669.678746387
103714.43313878
103591.68311631
103669.58570398
103802.051183677
103710.578834424
103615.542025124
103925.675725216
103595.274359741
103651.886616642
103851.204227179
103685.299813892
103673.888458862
103844.503307298
103762.564255216
103658.007984081
103711.395584137
103590.372785449
103860.695096058
103543.645649698
103413.7117054
103888.36930085
103543.55266901
103511.365424981
103912.602848796
103955.524589942
103605.063592934
103451.532321518
104147.534071321
103587.971930094
103564.704998026
103524.17196635
103529.683254224
103445.963513874
103474.612316162
103586.186545481
103911.490047559
103607.703446049
103999.329044617
103698.273342417
103734.098505409
103573.164571349
103966.394475659
103672.268107883
103487.738516486
103282.248352265
103574.068277266
103587.696585774
103545.692225475
103523.791484956
103690.886477316
104008.14417652
103600.815497291
103832.869605609
103645.974039642
103692.943661766
103558.874145161
103893.542502911
103480.257592562
103819.96254801
103467.690593578
103620.702019999
103679.201382943
103768.145069036
103702.745309647
103802.858976572
103980.270772361
103881.167997574
103456.441822256
103503.083672409
103677.563799584
103858.605003052
103493.020197191
103570.394602231
103573.395904752
104050.310722481
103700.187178337
103997.246247932
103925.904500413
103680.966359203
103563.205009814
103491.052279313
103729.387115523
103544.004091656
103365.182006145
103820.196559503
103683.792855976
103899.451310621
103557.681783385
103558.329421004
103739.822136422
103627.984611725
103702.246300298
103596.273799406
103786.102056725
103913.299988551
103634.733916786
103858.220319537
103814.616877016
103819.232356765
103818.186603953
103748.5595994
103772.853427188
103809.712966331
103641.176530137
103492.082451263
103767.641562486
103487.100034324
103509.963974262
103350.466519569
103664.003011965
103598.629372665
103521.003791688
103438.659107752
103809.979247425
103658.295399482
103635.708109396
103762.976412006
103808.555351151
103410.016185403
103696.059560811
103727.73627932
103410.050636509
103713.035864943
103686.357571539
103779.28976617
103684.978824892
103935.284926194
103457.708716272
103527.03513744
103981.8571487
103792.083799436
103837.594636575
103903.206068924
103438.989612871
103621.378955429
103664.475652601
103572.102489197
103851.604208259
103979.085899688
103765.373782467
103692.057288553
103844.689292884
103487.147237813
103536.893639539
103607.690918635
103840.694251605
103715.073559052
103872.641454388
103844.608177524
104128.136139913
103673.856858783
103502.858454278
103498.581974303
103596.473144222
103364.663155008
103753.72976855
103783.308945108
103955.239857013
103763.2324103
103314.107966974
103649.980036893
103455.926341415
104126.643185673
103447.865724882
103625.183068617
103370.975550551
103724.477520327
103605.568680314
104040.759743371
103590.950490996
103602.254506578
103454.878192675
103649.958876573
103924.611699763
103822.072623751
103915.129117724
103365.05886147
103653.583708889
103720.664574909
103669.487095946
103498.424504445
103402.652279926
103826.447094209
103356.217457256
103412.639979502
103357.048625917
103503.286444434
103335.731415819
103926.429885665
103698.541026861
103435.473279707
103796.341353089
103813.405879842
103781.343339546
103653.346620132
103370.243438603
103773.296160265
103797.957654958
103652.758437265
103673.904245888
103376.686002459
103671.750719147
103604.18865714
103745.04822119
103804.48308619
103519.012775147
103557.705669183
103484.329342468
103970.161755369
103785.169470397
103747.318425062
103789.109219492
103572.262694622
103456.236822854
103634.808580833
103581.367407297
104109.479673742
103924.34753331
103432.672843261
103720.776743918
103635.025371302
104094.268389484
103698.924487521
103593.298671468
103429.340384
103704.199017195
103696.895549539
103829.07743227
103696.673922486
103720.974525553
103822.13807051
103586.156703966
103635.05550468
104090.029971264
104193.191180002
103474.825885508
104009.568006724
103656.125321918
103705.857610674
104098.772150638
103735.239425702
103711.807119587
103968.234590448
103433.860340075
103619.568282031
104070.504411284
103507.831924231
103611.794071911
103764.967001337
103588.730991152
103647.527124413
103737.371308506
103472.461962089
103557.251343932
103976.786222036
103682.824699139
103480.290665915
103877.773412955
103535.746931232
103920.433008784
103657.05317449
103953.971554929
103955.771402184
103422.569039306
103859.009376927
103957.457563049
103902.48752644
103678.071019986
103589.693014135
103761.422357548
103425.074047887
104077.437425853
103721.341581731
103661.948630403
103653.400475545
103709.763236893
103965.461547101
103707.150342099
103529.098406271
103996.812976962
103811.780972825
103728.980115698
104141.847724156
103601.700783735
103570.316531605
103538.713127189
103912.102056821
103474.818344113
103563.967273956
103692.453925919
103577.256018573
103942.676050281
103789.001100442
103686.647277072
103607.791166116
103707.240194607
103780.354161764
103720.431371038
103413.2458747
103447.683795611
103687.377584703
103644.505921088
103863.995099257
103294.83934388
103707.272276508
104204.810234403
103567.670268328
103584.700524484
103643.549951786
103461.459150308
103485.750163627
103646.670605534
104068.865554232
103912.666213942
103581.466058871
103764.686308879
103661.875973898
103608.924474818
103610.80286261
103838.851153956
103618.866974022
103694.783467593
103786.908423946
103649.108703602
103479.506411982
103704.994169185
103632.800741899
103766.808694517
103784.036665298
103609.5841705
103576.499075845
103807.795353601
103620.421897324
103448.23163608
103774.69699719
103490.413963791
103572.145069471
103710.647096793
103720.00683121
103749.532473601
103911.486209282
103877.605648078
103643.055209552
103615.23216835
103366.2489818
104090.141638559
103679.469948154
103537.916344839
103425.969417194
103598.489378693
103754.422732046
103502.304173718
103509.431251569
103597.894279915
103849.169323045
103547.839600297
103310.238243889
103620.629353557
103389.917425013
103828.079000325
103781.289296843
103533.006888741
103554.256070173
103592.391180093
103696.547957953
103557.350311904
103919.020920632
103837.894408165
103600.32352429
103696.818645749
103753.113616575
103740.691172191
103711.567311577
103800.087274342
103560.801913719
103624.978081492
103587.742651981
103630.935729081
103924.820193813
103552.53198451
103563.598082198
103697.285355476
103911.073777285
103501.650196123
103654.085943388
103490.962985756
103368.48253824
103532.29802575
103518.92774682
103698.518818585
103839.244947897
103803.225928848
103657.528239705
103794.225612464
103567.137308334
103671.161118934
103889.989428546
103587.183383546
103399.93136422
103533.902960454
103887.486114959
103534.220540159
103418.801558699
103742.178249195
103638.371113027
103530.825947196
103923.705240609
103909.996330899
103959.20984866
103920.78171627
103837.710034705
103724.252918881
103525.935064061
103616.811818858
103814.554098369
103482.952927504
103844.69374669
103836.660698897
103605.823503434
103950.19510525
103829.440536272
103784.013872879
103654.348960192
103775.929338274
103640.669695961
103857.713318763
103814.187590455
103637.855202583
104131.926025834
103615.378088108
103669.257403129
103671.322565432
103740.227010609
103775.126696596
103840.539673753
103462.203754442
103783.456523645
103633.381302288
103593.605489094
103691.307341963
103681.140871127
104223.92336245
103610.268358259
103509.160388051
103627.493685328
103731.526085482
103393.577586549
104079.706613335
103710.743493449
104115.028620077
103716.375695208
103788.0705706
103570.605832937
103737.594095014
103733.748776199
103563.197007679
103535.86447749
103736.209381108
103919.190959266
104017.549072887
103525.381019268
103849.049024088
103717.638759048
103667.246950561
103854.063226263
103554.745690469
103484.200569395
103736.016576279
103568.959643683
103598.780211864
103418.683144739
103766.8413773
103590.995255415
103752.963647553
103436.203772223
103759.293296457
103696.161782261
103505.550717008
103587.588675892
103400.601162771
103749.555554798
104071.390673502
103753.210657801
103611.80766522
103534.509327042
103644.788780783
103699.835675755
103753.910390682
103548.422893231
103486.471576963
103884.357577408
103812.952945726
103635.64153313
103616.727489618
103565.616088661
103696.735479058
103668.072778611
104090.974436822
103482.61278491
103286.867772325
103669.773489082
103477.85125302
103753.808616761
103515.242567795
103619.559916164
103534.742332113
103490.030807598
103683.715671278
103822.170149245
103771.250899039
103637.144682776
103571.256430391
103623.664158906
103656.748660906
103790.744315052
103880.865534303
103561.30620082
103704.790017074
103735.277486198
103917.694148289
103648.564968884
103749.139829795
103464.193203119
103606.65206071
103662.063080037
103850.996458192
103513.673104585
104110.83427491
103685.487391004
103427.22632261
103796.412775714
103560.414052324
103806.64319922
103533.654368806
103715.255427568
103698.212892115
103770.397177003
103515.391922037
103740.785081423
103892.129974157
103675.429777631
103626.712217139
103524.578852369
103671.054746184
103453.12515703
103743.065722535
103633.586346613
103747.488012868
103675.489016876
103706.397315775
103457.975453797
103464.375972395
103710.327359367
103677.378407118
103569.338069011
103505.892913405
103930.020365038
103577.060601178
103437.382904574
103579.413770434
103958.325236584
103638.575745196
103549.734595609
103867.496246582
103738.429179897
103680.819978433
103581.264343655
103350.815041093
103635.104613873
103601.512037751
103799.225844674
104041.848986227
103877.907450249
103786.795491297
103880.716372824
103545.573579034
103793.160736698
103338.677035392
103706.68829876
103766.163413071
103557.4215266
103727.318193445
103545.274036727
104066.397460668
103483.302303648
103952.58192022
103553.900633396
103627.542615083
103763.404703498
103340.454591163
104027.434837005
103880.702113655
103540.604518232
103627.618424819
103909.499298913
103718.244257584
103845.387470698
103661.309774419
103757.179700879
103473.969826694
103550.287987743
103887.716200017
104170.373405108
103759.07873478
103801.597652082
103651.692871481
103798.347388947
103785.975266687
103901.85488847
103722.257468319
103969.087095773
103836.041286462
103676.671850756
103578.765578948
103924.461304207
103861.252998442
103773.807173807
103755.522087912
103648.784104167
103726.131435318
103603.261005073
103638.885622519
103593.805895141
103537.304845388
103655.246426396
103427.673171221
103597.711135476
103488.720501721
103655.080852826
104182.394438898
103589.462300657
103779.443458558
103338.527218111
103936.715550567
103785.191129349
103383.753589731
103712.67148672
103352.236633037
103481.865050389
103500.415350912
103693.203961029
103543.009822519
103674.022397654
104120.765839406
103664.148065914
103795.776784537
103501.08645905
103396.419229096
103542.569683066
103619.644434923
103699.946749266
103511.856235259
103678.589119513
103763.284281449
103800.300203316
103738.672264267
103573.529013645
103536.671282407
103655.001860934
103953.522359503
103733.097190016
104065.413464591
103507.887744819
103667.777936191
103981.006043512
103547.365722763
103792.978495229
103698.531673413
103617.338579699
103605.958755844
103629.973421705
103809.598791479
103991.293394989
103536.951565687
103443.596123343
103664.472424083
103546.233957072
104134.007119031
103540.2842961
103599.977171471
103730.828217856
103700.377945191
103824.384598684
103606.055860705
103568.406812977
103489.768121684
103599.083484535
103616.870521445
103636.044804885
103422.544113551
103376.656695268
103703.429301641
103820.349193613
103725.883729793
103997.627901883
103515.269398468
103503.14337341
103878.367888274
103651.771897829
103402.40360484
103640.851559534
103848.680091583
103680.504987344
103772.070255764
103555.540204501
103598.385179871
103630.14355157
103954.155721063
103588.542611218
104078.941316181
103430.778474252
103830.568043575
103654.373866298
103408.505683029
103723.000245982
104137.669679486
103817.445376696
103495.626458049
103725.710118657
103773.842178557
103711.194241695
103746.70411481
103593.781977498
103572.785553269
103777.286624451
103522.789661021
103634.777743545
103809.615512197
103744.912179258
103693.445593157
103519.125083291
103785.874465262
103612.136333782
103560.76488238
103947.293468216
103593.257433659
103861.105349791
103861.733037272
103781.615864297
103849.642583299
103534.690559117
103749.923408039
103488.2937837
103700.453629953
103403.164049814
103485.042969413
103694.488114724
104081.016195422
103644.639498245
103564.422569941
103973.962737109
103741.116228536
103524.693360783
103867.455319069
103837.640219605
103733.258140758
104070.84752288
103664.129233006
103825.764113493
103741.995825019
103578.213906675
103654.006210854
103870.60661397
103561.482617061
103578.381817664
103835.234261656
103903.985717431
103799.200629916
103587.243137035
103640.536340615
103568.017965962
103532.455843292
103743.8566301
103826.761997517
103513.127892374
103484.987956259
103722.110377172
103638.8106653
103515.779656447
104193.619010185
103702.673349609
103596.17223664
103670.941097448
103486.470247322
103598.399644993
103704.60867343
103583.407225283
103463.400126434
103591.875782892
103629.294288164
103933.546167493
103694.121859745
103770.53316407
103483.744061203
103568.309504298
103764.451053302
103630.931453133
103732.628273667
103506.056583522
103588.412747746
103628.011842908
103568.879852386
104146.214920542
103881.978382045
103730.806355302
103675.464002709
103590.511422155
103737.208646694
103697.004586643
103836.480340595
103521.002085435
103561.324793939
103711.412546818
103786.464365833
104160.462431018
103749.743500188
103504.66530824
103888.440340795
103763.644288809
103394.374660738
103625.573346576
103715.98077311
103720.940359333
104014.086983384
103583.022174393
103576.533719403
103684.919588417
103553.375337696
103674.843562872
103427.089990017
103629.734612719
103646.403784416
103776.299416841
103855.518887202
103748.148383006
103458.427447509
103572.118075048
104124.907104397
103674.846148179
103739.374608144
103504.133021616
103807.975338317
103934.736053678
103763.563043871
103672.859941727
103602.934432482
103481.510157621
103595.924533134
103934.26220597
103579.223404884
103502.190382086
103830.205905688
103587.697263526
103672.426452895
103736.391325783
103745.329341473
103707.923230818
103652.964211245
103485.692088059
103778.708908239
103542.83805221
103356.402125356
103726.579522126
103275.306959943
103432.053680918
103753.588042225
103593.142630007
103871.043056033
103858.825933877
103719.246559639
103476.997188253
103608.320918301
103735.188343282
104028.602013729
103644.937677685
103575.178039468
103474.09659428
103498.783350701
103864.260946843
103711.154322543
103568.498413183
103574.473694198
103654.094311025
104150.651620769
103654.557545852
103824.613746523
103711.520793806
103433.531692489
103444.093837362
104105.633252594
103385.077449762
103448.194851349
103607.424380031
104005.987836653
