103516.322783155
103471.728182426
103435.502067177
103444.928234568
103462.612821666
103474.515426461
103483.831594724
103454.079874075
103466.192362442
103561.997577367
103432.191433786
103455.949481114
103509.259384139
103488.002252221
103599.455431532
103430.674642933
103665.371631722
103429.569401822
103447.22244046
103459.407513756
103605.461367408
103531.297371581
103456.263199372
103480.485581707
103409.032546199
103450.709840271
103439.701245525
103518.805868369
103440.766729495
103524.704643324
103440.968067733
103559.352393399
103419.86935589
103443.877383946
103435.594960162
103443.164466253
103460.443774978
103452.387387688
103477.598570296
103410.726091545
103454.242802163
103510.358300946
103469.086058483
103457.810751074
103423.784753221
103431.098775871
103530.349243009
103401.02978219
103483.305264154
103452.61725864
103507.468987778
103445.707090449
103559.670223959
103472.223340705
103480.485734198
103420.05053508
103474.276108401
103464.153111291
103449.812023781
103451.580036481
103429.389482502
103486.240696663
103450.839845244
103424.077783134
103566.292108086
103436.538932993
103592.184182295
103541.056451072
103464.613463027
103457.262597089
103469.231474018
103357.006769986
103440.176783409
103454.907063459
103478.25454339
103424.731086348
103492.370854777
103464.998977489
103623.664317358
103458.632035607
103464.775498065
103484.264722145
103516.322988433
103603.513751496
103474.638356301
103443.33590878
103454.11636849
103455.807941175
103458.533654004
103655.206506941
103464.898737614
103454.744524175
103468.624267501
103655.010833961
103422.754230627
103392.855961481
103450.216120027
103618.947276327
103440.661379876
103438.033894172
103447.699540765
103592.760157207
103477.85582434
103441.47517882
103439.895360869
103483.950098048
103563.823274287
103528.186666572
103454.336810165
103469.611145847
103506.888019773
103454.978010448
103454.717490775
103412.043518868
103418.953428491
103572.346103852
103574.159299507
103438.102276206
103579.079276752
103619.23548904
103428.917028221
103457.156039826
103403.719486027
103438.868503941
103468.99225301
103447.133111097
103412.574336233
103440.687034108
103473.295009702
103435.139784749
103400.946682423
103610.800859911
103455.214474954
103459.90436696
103433.559865712
103459.384414274
103408.916245166
103464.887268731
103431.732773128
103436.056012167
103449.829935708
103467.807642076
103411.910877809
103477.625517467
103421.263608281
103426.183527213
103414.947830721
103394.644637686
103596.430509967
103491.016806788
103465.458997193
103438.758444673
103613.756413832
103416.078013975
103452.200800565
103537.731360799
103432.524745562
103456.796366164
103590.867330897
103450.694435641
103452.089989958
103721.953015597
103445.229337849
103462.983808333
103444.501288729
103439.332787012
103398.260063777
103464.224572276
103386.953196383
103425.170563879
103574.835996317
103433.491013248
103508.741348546
103459.569603304
103611.906650764
103446.027797772
103425.396618421
103429.783235758
103624.444020002
103447.797973346
103581.363723047
103446.054514838
103414.691356994
103399.451621627
103525.212934035
103455.644172236
103419.05130498
103534.993014461
103446.658046817
103459.152041679
103466.388911564
103608.451820719
103480.039897408
103440.088610555
103468.302761643
103527.810651436
103509.399140095
103442.800105106
103434.044426575
103429.040275132
103549.703187248
103416.986482277
103618.599885065
103448.674363002
103496.729344371
103479.251085451
103491.476156791
103467.647991709
103503.650207684
103436.792808546
103448.261356868
103427.562549438
103470.973304848
103438.551351597
103466.425837847
103466.957127642
103445.255169941
103435.661563266
103469.422415667
103401.107236309
103448.573097898
103470.654271024
103456.489298732
103589.455853853
103484.957828268
103604.203372226
103499.792148737
103484.435795038
103466.237155861
103404.130372089
103438.803385944
103450.889599133
103467.823048618
103494.057468147
103406.498167085
103450.139474072
103559.157177648
103461.037762677
103365.054649646
103573.505048151
103484.46684895
103456.280768707
103483.141127908
103458.155320018
103479.07218417
103504.523518869
103461.959860898
103468.274613155
103550.501399307
103411.808725605
103399.883480542
103457.769148831
103456.545947271
103660.934026766
103471.902913586
103474.970328412
103447.788016638
103458.433002293
103438.468064548
103422.33191888
103443.972389653
103423.242760644
103532.96452851
103523.548197524
103449.450566001
103461.454684574
103508.989438928
103436.084301518
103460.075790274
103457.498159088
103467.634215743
103455.187367531
103462.403311297
103437.572516924
103442.626157086
103452.912502344
103463.11601643
103425.068632404
103469.632502975
103625.522823718
103444.05226877
103432.012804308
103442.079595529
103453.924896618
103628.415990198
103449.209975723
103488.020023873
103619.431093759
103424.647299813
103468.933678062
103425.681593757
103438.642761122
103426.475666466
103719.631019516
103425.842877559
103491.478086096
103483.081234769
103453.660881519
103453.045678325
103427.676247938
103522.500388228
103439.61259841
103460.612931177
103447.717322631
103484.112104048
103490.523563412
103451.224734396
103440.406081691
103456.522113392
103580.548223125
103435.010512968
103427.049507199
103445.517603653
103398.941310455
103456.869777935
103475.171798342
103410.473737191
103443.694624645
103611.050318522
103424.784170086
103401.539754244
103476.747912419
103552.489636462
103454.214501563
103495.941919871
103439.674942643
103459.503633511
103445.945122121
103441.081280175
103410.701543902
103602.512873736
103447.988233005
103449.368894352
103478.470744118
103443.507985889
103422.91901234
103472.458028196
103459.897028533
103432.597594154
103483.475672241
103430.042106329
103493.065079826
103436.376652934
103432.508848902
103438.193200582
103405.836939349
103603.9976522
103473.976114007
103563.797426345
103443.403730489
103451.203476934
103414.923959257
103506.220379126
103450.406062849
103554.062045234
103424.235419628
103452.810320649
103601.709735518
103453.709025613
103469.408275847
103483.102608124
103479.010795273
103430.09918457
103416.441775643
103470.189717494
103438.330499117
103551.651477451
103522.825495609
103454.127827488
103391.904225061
103439.41261273
103486.110726614
103513.101858866
103414.32759874
103434.683240632
103454.384719358
103630.592767432
103441.000642112
103458.803556371
103461.851322321
103442.934502459
103449.839567727
103558.986788218
103602.910276777
103513.278947715
103561.18785505
103423.171591744
103436.469910748
103441.058156586
103470.975242838
103442.491896087
103469.887011714
103483.320456414
103423.154837165
103475.58602039
103469.127830264
103451.69012758
103461.804625031
103425.132014933
103586.965421235
103444.845728106
103483.600606263
103447.105004834
103441.774204415
103412.673131553
103463.556525279
103511.958253286
103437.123158952
103461.135628501
103429.782246511
103457.56135776
103449.842315297
103454.009254147
103420.552474651
103458.318424339
103450.818596531
103470.974436622
103470.583375556
103468.663837566
103464.866043425
103480.038772796
103425.41205621
103420.407574069
103523.327961237
103605.209577824
103459.171921114
103429.931078217
103639.772202046
103462.960912661
103472.876232919
103512.594044511
103430.689338448
103415.381256188
103450.335820965
103454.242713662
103591.020997041
103636.216174922
103442.793183955
103583.900606966
103491.725081559
103451.540640781
103462.116444266
103436.181839168
103460.646952945
103459.10046141
103485.959061806
103474.757485035
103423.617955346
103425.919838653
103435.88955055
103532.19918471
103443.886500528
103466.848923069
103474.028860307
103471.024717252
103439.546150515
103456.986815103
103423.774906591
103465.633075893
103425.531731403
103434.58956461
103453.826309262
103604.047558714
103521.211457129
103442.658548519
103444.08918567
103394.232380235
103416.881566041
103450.384374986
103460.611028635
103430.761966919
103651.875030358
103628.848401845
103398.304740651
103480.790852327
103454.380500409
103465.717781453
103447.964419338
103433.078762374
103635.810157874
103595.049165691
103435.13238438
103414.756977797
103562.64914159
103433.918403283
103535.86855973
103450.862187262
103462.843927843
103498.722469331
103481.640971228
103449.23703884
103449.912388479
103488.120896723
103374.217581962
103464.097378217
103594.450757401
103499.420417665
103521.935832343
103630.321862999
103455.311390654
103447.019290326
103428.256633325
103451.143346389
103428.274774554
103465.763326475
103464.48078285
103475.811524173
103603.069347999
103487.070331003
103450.112155151
103496.127780003
103435.852369524
103435.610156532
103452.143634302
103442.431400276
103443.304375611
103452.894332218
103399.292883102
103442.145371961
103456.369655194
103415.324794698
103468.220560696
103456.185263768
103426.310596089
103413.199204087
103451.286108942
103431.09127214
103550.913969307
103430.447333389
103435.567601615
103442.947532044
103400.802963761
103394.063725375
103414.483228433
103429.658432305
103470.013532652
103462.271769183
103457.491052124
103380.073543177
103414.866559066
103444.606106057
103576.86203113
103480.757596894
103697.171396182
103413.159584933
103473.355109012
103401.606460414
103453.288525904
103394.86933852
103433.388524632
103418.595986402
103582.821601402
103427.786336851
103445.88903482
103396.110168666
103447.08549271
103950.005080273
103449.475550922
103471.14871224
103441.471413146
103565.914255377
103458.057114938
103442.147452714
103484.240684884
103496.510851937
103438.400073305
103425.65768815
103449.997429917
103413.863334172
103457.049992773
103456.372067382
103468.285687016
103634.000308123
103444.484822077
103439.291523307
103460.519095211
103437.732393312
103385.850775394
103572.61083777
103483.059347553
103460.739784891
103444.365306098
103515.809704329
103453.623627732
103450.103411974
103506.28932052
103506.223650637
103455.039275146
103426.198325873
103463.100792056
103457.025278983
103489.833389014
103409.195235474
103447.425868279
103428.446823463
103416.679706757
103432.816574275
103569.112144031
103440.705165201
103444.81754591
103515.921724719
103462.547479598
103568.005135919
103434.128408759
103451.841569565
103422.22179392
103557.499872757
103560.151427164
103450.564337715
103416.385680557
103570.946477423
103472.066657707
103447.038918681
103402.689882542
103446.701792594
103425.433905931
103535.017430094
103603.681671058
103498.186703102
103536.701492507
103449.381597413
103444.146206393
103441.815700324
103584.671640122
103469.882844061
103462.376684132
103410.357296565
103627.312259052
103492.426403147
103459.880329462
103468.733721322
103475.008585274
103400.315251981
103483.11651712
103464.857381586
103468.55779777
103427.975013778
103462.684144557
103475.868432693
103553.85800588
103605.243464492
103434.457294138
103436.395426567
103426.689490697
103594.028642657
103469.023976381
103548.27113873
103450.745067671
103440.579360735
103634.041485661
103575.7057446
103439.174334802
103603.397544167
103489.041696262
103454.258190343
103451.046984611
103629.234745571
103428.816229365
103489.864073069
103602.879474975
103448.457232913
103433.169006583
103461.082889285
103467.484648957
103580.309423698
103543.586419488
103428.479832465
103430.000823454
103441.381202632
103424.507207951
103497.016027187
103461.074704458
103442.280606327
103443.008383783
103435.819611109
103457.126469114
103504.82453322
103458.499518492
103403.665907668
103411.10989155
103482.614106789
103461.122832471
103450.895324617
103473.288313927
103637.546191699
103586.474895828
103592.756509251
103465.930580716
103456.801512592
103454.301661882
103467.291853566
103449.085022173
103430.254427751
103491.198284658
103458.129129526
103444.843303573
103612.342877609
103434.084938396
103559.455358495
103505.7195144
103366.810022448
103439.002934102
103494.886847048
103459.07918048
103437.986819446
103483.587010808
103733.051022183
103443.072247375
103456.815886381
103439.78734038
103504.674500716
103622.973251641
103443.401511585
103528.33658942
103437.019348356
103446.702751949
103454.345415242
103455.892781391
103445.045582015
103481.661714093
103432.984763544
103585.685949886
103471.831744623
103447.372911169
103461.478525217
103463.182192868
103425.666478461
103432.086436612
103441.02414018
103415.839333259
103461.382987187
103396.022984703
103433.835670158
103483.925695825
103611.108110346
103467.314101083
103445.741247464
103452.585796909
103440.770397745
103409.884527711
103447.358802489
103445.780943535
103400.488499543
103431.19366789
104009.265489351
103510.863236544
103456.891836527
103446.53454299
103450.46854358
103441.372674996
103453.396708174
103453.161045368
103392.927850846
103655.72500839
103455.002554291
103471.830031039
103502.436630274
103470.874389276
103436.698456427
103442.788511121
103445.268027804
103452.215690005
103410.9467414
103481.162431453
103560.0128903
103489.286455592
103597.350476434
103516.191863308
103422.83156621
103600.567053488
103460.508401058
103594.289566875
103444.941666768
103406.850238574
103436.002611458
103465.18833377
103418.566969933
103453.668455429
103433.237986586
103475.213818504
103426.605761005
103578.95356125
103471.399315575
103439.963202599
103478.172975672
103413.363035122
103445.287029604
103454.27781913
103465.12341527
103426.984390166
103435.847000318
103435.536569823
103443.724000308
103407.889070523
103484.490685171
103469.401398143
103431.546409237
103494.374512671
103587.07161469
103478.891656577
103622.233567265
103497.977330109
103605.836749443
103450.777534522
103411.042734113
103461.38499865
103513.470870954
103452.172597427
103443.652486401
103604.918337532
103396.007055173
103443.408544715
103447.669942363
103454.576515586
103499.611262478
103430.203967252
103467.969892227
103563.453499582
103449.344200024
103399.907701775
103485.571015592
103485.286028839
103594.074104829
103463.267894705
103529.113502193
103472.850068047
103440.004101721
103467.770529195
103431.992793636
103428.384845959
103451.252775737
103564.109830469
103473.722811084
103437.526321566
103424.765990931
103518.120308337
103429.610079551
103429.523764093
103595.020095307
103473.193176674
103474.377832926
103456.933753481
103483.549890042
103421.996511299
103453.76999868
103563.406621654
103417.506934259
103404.588846345
103554.879914945
103399.014416317
103479.495388123
103439.608130871
103422.16503763
103552.35847353
103444.169996081
103449.867331353
103459.565996885
103454.767711588
103505.084067783
103448.197886896
103447.779130645
103449.139414978
103465.152960945
103580.530302594
103444.577546241
103382.263481076
103596.1069117
103394.6055518
103583.758195556
103442.716493173
103418.864919274
103586.299200655
103742.20634462
103455.235688853
103429.194352846
103424.049208919
103492.736125871
103594.316994755
103422.256086316
103424.428048959
103433.253996244
103420.65932161
103606.33999102
103417.451128184
103426.730870259
103618.640417076
103591.836229861
103463.8468344
103425.461206336
103500.513029833
103540.812924619
103446.244427619
103427.532906839
103447.947454534
103440.826433976
103426.418128843
103573.617483527
103477.800080142
103423.606483826
103484.132724246
103440.936236874
103448.228470368
103387.497663956
103539.024565154
103447.217239732
103448.380420215
103452.386406196
103379.183209675
103441.118496498
103502.870103109
103472.985703125
103444.389713091
103508.291095477
103439.603905995
103568.318059413
103508.994890591
103409.004064546
103426.565360808
103546.049898523
103596.594991894
103498.415464096
103398.342733444
103491.983874745
103580.289714268
103500.207616321
103447.432385001
103433.490120325
103462.447872565
103419.62497364
103419.120423484
103594.510882841
103463.489363481
103429.266903682
103449.496642783
103444.508745646
103512.801488008
103403.067500246
103454.210239177
103456.815963809
103418.12540177
103513.397898311
103471.530262345
103620.721985678
103452.640619228
103437.326189761
103477.77562833
103409.973436459
103628.331520252
103421.518676466
103473.627253318
103478.62325182
103415.297513023
103494.126823646
103429.978262411
103439.238124705
103458.881582024
103459.434527785
103468.616576181
103433.896014557
103607.562915075
103428.378468349
103434.117385154
103449.650686475
103399.313598673
103468.521665658
103418.130733039
103433.655013576
103553.134195532
103436.165708842
103449.176990946
103454.118615471
103541.414039399
103596.43574983
103593.944435615
103467.685446597
103576.681197338
103408.98136384
103446.261554822
103449.154558712
103430.444189294
103487.063967133
103543.255967615
103472.626128428
103419.593738963
103405.404436039
103445.751911265
103450.269088746
103412.845109732
103474.5099755
103582.472635951
103526.982466847
103473.562471921
103646.035893241
103474.978062514
103434.979151424
103433.293290916
103478.225387433
103470.859849005
103463.460308372
103453.855796015
