103796.038365249
104014.196043172
103980.800408192
103952.967066131
104082.503829305
104024.7266738
103960.975435989
104398.695018196
103958.243449159
104174.229194502
104250.477151354
104097.381921636
103682.57461691
104081.965734106
104325.025729939
104146.719117403
104416.029444958
103935.777958934
104277.161775947
103919.454505374
103833.296834506
104283.773473863
104109.307547947
103949.020797596
103881.956523615
104321.269517108
104038.895594951
104268.483820033
104141.847445412
103903.108506173
103991.115644574
103821.469763639
103868.520401357
103885.375600892
103848.447383429
103756.818122267
104095.57221691
103976.17291885
104048.037921626
103984.252970655
103948.702670302
104018.477789854
104479.17871323
104091.701137302
103755.347831396
104091.420221471
104228.478970849
103907.699808107
104264.144119164
103969.362574617
103847.11480354
103959.795203703
103634.129282242
104475.148180835
103930.064564703
104225.759805465
104029.833835212
104227.080248559
103939.997223366
103877.051289038
103859.466490733
104317.010549032
103983.785715753
103710.344823386
103843.419055541
104575.853572122
104028.17449994
103916.533743461
104173.125145989
104537.704684934
104153.033363891
104009.842292216
103879.646963781
104077.168068106
104217.649280733
104214.481432984
104113.883290648
104151.818650205
104286.572798301
104142.834713363
104132.830057014
103705.213718966
103923.32598208
103951.812158107
104618.864785132
104235.210506308
104205.853759238
103894.262837113
104234.79408967
103644.353187911
104220.665478592
104298.228178311
103826.82647379
104188.555645137
104063.983641681
103659.909083264
103935.905980068
103843.256888285
104046.049580761
103848.465772116
103844.631367566
103934.47627443
104336.245373756
104371.283530701
104462.538606815
103900.481005351
104187.673400387
104121.271724055
104086.638023789
103871.542954098
104420.102797941
103986.670813492
104256.762214482
104391.561279719
103748.568019207
103815.056670246
104598.199398354
103972.013433117
104336.970189807
103965.862166929
104084.731481051
104261.151002619
104152.727844683
103925.869784371
103889.340512207
103943.532662908
104479.671416078
104278.336829924
104515.72204083
104067.593882764
104036.805076302
104020.694684265
104237.39109035
104152.663228256
104140.60930919
103832.95905627
104058.547577941
104898.493335253
104359.473002814
104328.009934393
104414.522176431
103853.395825896
104142.283596827
103899.618767187
103917.989109583
103889.7596731
104437.946877057
104177.107795608
104485.31830749
103937.202668916
103981.808291501
103873.648403088
104156.713988897
104144.342912288
103932.078403404
104034.857631243
103996.794667811
104114.455276589
103916.072456683
104049.243177871
103514.895106662
103865.801432907
104425.682709909
104057.354263231
103853.744898386
103673.66515518
104139.357566715
104493.168028621
104045.571291778
104208.674959404
103763.875089109
104133.659296939
104166.159292871
104123.63335725
104362.57123318
103755.557677692
104111.976551465
103899.818506954
104073.554361236
103942.949385045
103759.522872879
103781.819347072
103899.426848097
104048.398657626
104051.791576535
104382.778909647
103977.422563681
103954.463202067
104193.401676987
104304.24787468
104358.614232895
103853.468604711
103781.629421035
103845.467015431
104330.175184737
103725.282618474
104151.447640733
104418.603551379
104374.520543591
103669.032288541
104480.732682456
103878.433272978
104176.151791504
104403.301302712
104251.603851576
104109.993343755
104141.586956779
104115.045081032
103868.627474834
104063.186170304
103993.773889178
103898.444284018
103862.566525904
103846.53669991
104210.231121517
104031.872140261
103994.66304791
104081.018938036
104099.607733867
104051.784887039
104364.175897641
103973.897808383
104102.556184016
104069.209539814
104267.685053518
104209.54814046
104166.620547813
104076.48906189
103842.102295864
104301.187903205
103738.595634536
104218.386685962
103881.847667992
104027.246937686
104192.563094763
104167.964580636
104426.588186394
103804.172300935
104350.522967573
103935.288787668
104069.211566767
104031.854326011
104314.316272033
103805.205973652
103971.249387808
104427.136961874
103961.509116934
104232.627667758
104074.131025327
104491.875766644
104532.985834651
103635.455771831
104030.968519994
104039.975089001
104144.549260886
103857.843437414
104383.312895537
103588.255741048
104385.290797095
104159.107859458
104276.10782076
104468.028196153
103959.480142499
103721.662992658
104519.84863481
103891.332635575
104060.427851549
104163.800928344
103622.493652536
104204.20788934
104129.062770226
104123.199164181
104307.587392809
104265.567921647
104143.385143615
103785.968785911
104166.743872014
104150.526264023
103918.24513791
103726.279340024
103911.955627121
104179.841515527
103592.589130558
104206.867322251
104509.300264782
104371.178482907
103454.833950706
104343.402944436
104049.751194473
104396.821736855
104086.861491786
104373.637262249
103965.295873827
104097.267970818
104608.356200328
103892.850410655
103783.96530285
104178.076945893
103683.6624889
103641.699978711
104228.034024488
103944.357832809
103939.439565397
104661.05200847
103848.735155548
104022.679417538
104672.279138474
103956.884649265
103976.750449003
103861.971288052
103935.114951456
103845.384765677
103999.309100012
103937.216066552
103753.994447034
104114.412290832
103832.221970532
103789.663422692
104307.263231993
104274.295797821
103949.226715817
104094.351783263
103829.281244087
103984.597038545
104434.49851659
104040.08025881
104117.51261472
104147.254751408
103897.127027593
104648.497628399
103870.047076836
104263.213794424
104001.680227149
104061.656342398
103824.34665274
104052.699375119
103940.796016655
103650.155793944
104162.482579201
104408.613689081
103740.207049408
104017.942809615
104256.057023429
104121.504288074
103950.343535847
104169.470714858
104222.038360751
103773.223831094
103574.69516791
103896.974868991
104419.53718212
104083.110775866
104173.743446833
104326.584425364
104688.653683382
104087.118591156
103728.820243496
104481.196295542
103995.123924523
104178.33755907
104418.952433729
103990.2004384
104364.367182567
103911.856998773
103936.776675266
103833.138462431
103646.340061059
103741.136293907
104381.990927493
104494.737200579
103737.974247334
104525.73547482
103920.944792878
103877.49141429
104016.831692802
104160.918289161
104426.744362463
103944.412251179
104508.473206739
104632.311251647
104594.404472689
104423.191907126
103896.143993891
103754.921643486
104127.630838904
104179.353591909
104403.993796444
104259.124728821
104035.938570757
103737.399544665
104069.343039283
103987.025295934
104013.861803727
104484.819126299
104243.117014977
103805.369786147
104179.879213455
104338.29597039
104426.783896941
104162.602744524
104436.494238264
103963.284507667
103791.866552948
104124.677937379
103978.731427017
103874.803581558
104372.783762608
104254.46484792
104273.927721681
103895.61400407
104465.138837463
103943.160003678
104005.816733062
104244.893864
104064.989402038
104200.454483328
104197.714392773
104221.333374852
104656.411449103
103962.094228882
104606.164370996
104100.506360913
104200.835329618
103578.805340793
103911.62948524
103866.346687625
103715.283650799
104203.908967126
104116.538967937
104192.418405894
104580.991561975
104083.286513889
104221.648419628
104509.429575719
103991.832324144
104060.837306942
104319.533910094
104349.766704108
103890.769823301
104065.28684296
103817.619492737
103756.196492296
104496.61000923
104266.637216879
104119.778680648
104152.797932932
104039.569598063
103991.557487238
104226.07402904
103902.807110865
103962.150685705
104155.708349149
103976.427633723
103769.92518115
104144.517625786
104911.667009037
103780.566069012
104260.596434595
104111.014406595
104074.612158296
103959.500143775
103992.345912053
103950.830804508
104059.065912302
103943.155047755
104238.527099845
103946.767530474
103991.740842579
104151.990326258
103945.036240039
104009.905456844
103846.372993856
104596.087365742
103787.593931614
104302.315210998
104779.024643795
103588.164329802
104034.094762367
104305.548260861
103839.857944023
103880.795854269
103970.707354355
104503.538876393
103916.916509394
104348.976129836
104026.383412641
104726.852057457
104053.961871895
103899.873769467
104063.078612962
104356.531527715
104011.869331033
104221.352249113
103980.873560571
103918.753323925
103989.053029562
104013.495361326
104242.910498017
103853.910514468
103948.816827282
103760.988909602
104276.060502581
104317.554716601
103813.095409693
104036.381622723
104066.716042869
103738.918799854
103755.170996836
104281.574241682
104440.660825131
103601.922886975
103785.092551631
103870.519429901
104156.526288392
104504.289630264
104549.385060367
104142.409598134
104026.720683464
104171.354873995
104046.06650084
104160.469530025
104553.590394579
104004.103653587
104134.119327883
104789.131446821
103989.117077244
103876.348447404
103976.009009431
103754.651968388
104123.64823451
103774.603620604
103743.693515346
104488.276879574
104387.075601672
104376.932749087
103795.039228819
103788.327459672
103720.499709433
103772.793934002
104186.422182272
104643.581739207
104143.502428268
104013.961918202
104247.503596156
104047.477022047
104027.382737926
104310.913458095
104309.127009317
103940.7878687
104550.109830352
103994.760297574
104143.711955176
104579.928536886
104135.952426758
103805.88904323
104073.08757698
103741.057399274
104161.269752122
104048.076719802
104246.746814254
104080.409823066
104120.41906524
104029.129142319
104119.350548982
103494.616445827
104187.591500123
104106.270732826
104528.956864952
103868.019029124
104012.650397251
104240.382465134
104561.906734872
104113.73513482
104171.259685726
104016.500213605
104057.688181012
103899.452025761
104035.732825258
104073.711664956
103886.105654559
103941.771564164
103719.046624728
104067.386236284
104104.52486956
104329.536042034
104339.341725386
104196.967811027
104163.972199537
104111.341246341
104241.343131702
104741.770437102
104108.460388245
103952.258552507
104223.10357126
104271.556873184
104069.605800053
104569.311611963
104452.670629225
104423.117065286
104060.667877553
103940.559075637
104135.97443228
104569.658004755
104113.528068205
104051.162979233
104350.711199729
104011.125335558
104143.58494586
103784.695243639
104092.999311562
104441.31511759
103927.80702049
103930.323085539
104164.722812069
104659.329778579
104082.281101465
103996.216407225
104208.056346985
103910.954333085
104374.407109847
103937.835134608
104126.923327815
103780.702174934
104234.252951162
104336.581197446
104376.930242251
103835.510030998
104268.577357868
103859.25962604
104071.042145028
104160.620352053
104409.82777755
103981.586026999
104138.870528158
103909.857636847
104068.212046401
104045.472950598
103695.791257417
104256.411060316
103966.408835618
103875.512826898
104038.004459914
104763.843843211
103931.372840058
104065.844184931
104487.264938703
104072.202869295
104035.319511045
103609.569768969
103836.890740904
104434.500713207
104119.617743385
103902.888536263
104046.623545891
104137.825880348
103940.465778678
104022.318148181
103972.531466371
103840.186880206
103770.814338036
104470.610687557
104221.828341867
103796.425283153
104050.423689852
104486.819474864
104298.726254052
104031.663402443
104437.489575017
103516.453162459
104631.216378469
104266.362429107
103948.698850309
104020.727865341
103827.585482712
104160.370409949
103934.192852195
103861.23593514
103983.306369217
103712.591767408
103772.891540121
104059.403658888
104382.508665972
103910.641268298
104456.373412081
104224.474384799
103974.032572086
104158.867281102
104183.807315613
104030.4900929
104147.817226695
104294.319469827
103930.356632669
103687.151451848
103997.097423003
104000.951485609
104254.174454248
104050.395827292
103811.250872705
103941.011257126
103844.37160939
104432.348027538
103797.110214292
103837.555309854
104157.536922211
104296.505245746
104052.186015854
104429.055229483
104293.679168602
104226.227098721
104447.244961997
104391.755012898
104217.785848071
103774.754164641
104256.705878806
103762.827942202
103979.708744977
103695.742305191
103866.4846714
103977.240380847
104063.562814433
104508.190521061
104272.807351279
104348.116641277
104347.672735133
103858.486007673
104448.951514223
104056.994498681
103994.380602092
103637.523629072
104192.959615835
103780.487913136
103904.714922123
104066.839089679
103884.820319337
104338.233377442
104491.387272908
104038.836764838
103832.976091451
104052.453574451
103526.223919208
104203.36429145
103986.847268817
104037.141250088
104347.622729745
104122.181098893
104314.637062832
103744.040998779
104428.377955305
104115.020572176
103984.072689165
104205.407038278
104247.319411838
103913.256668302
103917.660383838
104473.78799523
104570.431179342
104127.197921621
103897.55775419
104260.00570302
104825.997287533
104448.45241944
104087.560144028
104172.289991145
103964.79753189
104278.134818333
103911.158218814
103781.904998452
103781.063014065
103985.836052083
104173.392706237
104230.460850746
104175.091304966
104209.725571359
103921.692152577
103856.960380011
103766.345829689
104246.829062237
104146.628153656
104613.387616628
103748.331572826
104245.01521058
103918.751748727
104133.1415871
103805.871074895
103813.821797543
104179.058884476
104470.545426779
103939.908117761
104248.995471291
103899.271593612
103647.640547635
104179.220867547
103921.392365569
104065.595548428
104235.443936955
104029.798585793
103780.596000531
104258.235589592
103764.215595781
104169.853555451
104359.675740945
103714.813411472
104439.297700961
103584.093977979
104007.099286284
104049.752717402
104010.903728249
104056.756462197
104175.796691657
104379.960575186
104000.404118337
103932.030052881
103894.799406573
104169.353531119
104504.093550968
104163.141324609
104227.691917312
103995.414294787
104457.653429044
103922.999939632
103965.962669979
103941.411829281
104088.001310467
104134.708860116
104099.883432611
103827.264954301
104016.927128759
103977.84376836
104376.970249739
103840.298854925
103885.218061716
104411.837954761
104402.888774869
103954.85659504
103974.645391813
104047.467821854
104200.690467039
103728.566050539
104552.005167751
104287.897817476
104077.521297278
103983.473301854
104056.240304012
103926.720257068
104188.678663336
104076.87913049
104282.826608677
104571.111020596
104050.728249196
103781.417931938
103960.382827281
104146.58893418
104035.494849776
104165.847688822
104141.336263205
103910.76707154
104324.386297544
104419.660717061
104256.962500449
103924.257756227
103579.167837862
103971.956090762
104554.456257516
104099.327296363
103813.076089938
104132.19628986
104058.679579494
104035.788174858
103893.201570672
104128.864077433
103557.094737656
104395.473439752
103615.030595292
104065.876993723
103798.911894111
104078.577765579
103973.611934601
104312.665750585
104070.259516117
104406.853000346
103968.735469386
104143.912595343
103817.14728605
104475.930420947
104476.447463068
104067.17783132
104068.07298354
104313.026695576
103911.985613611
103890.340934521
104638.467472298
103895.471005596
103953.976286893
104383.021692426
103581.422684959
104727.480941537
104477.403385023
104010.256126515
104301.246437432
104280.730616801
104186.813113893
104252.647449305
103780.925883333
103989.01709823
104212.572910193
104079.59289999
104293.074415438
104228.799300611
103941.212729902
104057.353894852
103936.073758717
103732.717337148
103973.429787765
103861.64194795
103544.403935261
104419.086619957
104045.301445912
104213.906863745
104765.960155256
103861.25657738
104162.99028949
105016.868371785
103751.45755263
104210.235111006
103730.912445883
103698.461589821
103753.280514866
104186.093050353
103501.176982025
104297.831721252
104035.339748853
104048.472811062
104008.256579188
104022.469878427
104106.52824899
104231.000447875
103740.714960997
103796.790875812
104063.682619955
104191.341315279
104038.032030536
104079.690156924
104115.323519637
104100.778209294
104009.530037742
104121.732650413
103805.729136459
104097.099861037
104036.201912655
104283.191575592
103870.473406333
104110.410879631
103855.744041173
104375.389231584
104147.801296551
103646.720184163
104704.14539106
104569.435226224
104434.393344727
104027.792066033
104375.121526236
104133.805768548
103901.790620297
103773.772103959
103500.230396589
104264.360223392
104532.262185223
104431.044118614
104253.067819733
104113.423697251
103886.844677705
103661.281016573
103739.370435509
104300.233319181
104619.846753598
103942.983675113
104054.077588246
104325.23357259
104225.229626802
104016.358396637
103956.893758378
104422.088308084
103829.862229805
104003.557006552
104240.216754773
103759.840061227
104387.878910704
103777.363576315
104240.245964501
103955.29229377
103962.7997126
104056.443818614
104376.999527405
104008.661089439
103761.725099569
104415.370375712
104014.767057727
104241.147708152
103991.549782021
103804.818372013
