103814.033963561
103762.006179466
104211.699095272
103676.4275955
103577.929475246
103849.531164745
104229.341696948
103815.059868003
103823.06041738
103857.726181996
103601.067313345
103729.390120149
103659.044593375
103523.573930038
103972.487944018
103970.242693239
103754.01788768
103643.40270605
103644.463505747
103480.31317627
103969.133847309
104006.139410857
103650.429542537
103522.923504683
103600.864829496
103785.028149925
103917.001807294
103836.007812017
103924.71836044
103561.996735591
104074.78774604
103845.442653389
103832.929405425
103977.407833593
103826.857023871
103915.461939205
103678.318431394
103701.935520172
103598.79957367
103919.136023221
104019.09684708
104511.627715855
103893.993165507
103829.541045047
103677.922350206
103909.743751323
103593.491884611
103996.246195299
103817.452217842
104240.523051104
103942.244410055
104023.880445891
104029.328542589
103665.360904694
103659.673134817
103741.119100404
103633.973821218
103597.105064653
103665.675903737
104002.158915304
103703.280582079
103518.763374123
103670.455060387
103675.388487118
103558.295221231
103504.419863617
103832.911424643
103678.178209082
103881.108539756
103665.271098763
103708.05365181
103860.455768342
104035.098250867
103700.916294284
103820.955988203
103992.752512456
103943.928350499
103436.003100171
103965.033710769
103633.202234672
104095.521163867
103705.074415136
104333.705009843
104111.68150693
104156.461116825
103573.729678435
103762.121005832
103963.903390016
103565.636120751
103880.936108262
103712.812440269
103876.759045325
103712.129445695
103931.286319459
103679.189959469
103492.471555197
103914.024562489
104466.826782678
103749.34791281
103933.647408875
103818.706480636
103903.932468238
103662.07975122
103508.359854441
103546.087976389
103875.014418335
103501.344265774
103691.706289207
103472.762001426
103864.791126086
103976.270144187
103877.833286378
103693.660344608
103863.563075942
103832.737248332
103559.128515714
103766.486681629
103716.16565825
103751.306459573
104155.953850205
103422.465301867
103676.845144607
104021.075725446
104111.700334209
103684.829928628
103600.391998426
104065.632906617
103961.159841863
103781.796924005
103634.651478132
103459.085858009
103551.250099952
103794.087985994
103715.896663327
103814.71531829
104074.343911677
104526.735525059
103919.441556147
103492.452895828
104363.88436318
103813.371348325
103575.848295259
103537.310444151
104080.925910453
103728.011253579
103842.851549073
103932.503971537
104046.479003862
103733.046593632
103894.638361837
103748.705550164
103601.705208781
103796.334684221
104093.210634334
103612.005479203
104231.916384293
103591.451691555
103946.411590817
103740.202804542
103619.18798392
103803.002183171
104468.173906988
103512.270936732
104003.503831762
103863.022062567
103715.233667495
103643.752767341
103860.148544305
103859.378504446
103721.015981666
103879.277615235
103864.557367725
103770.717722641
104189.94066135
103612.105989979
104052.925578252
103733.275094258
103927.226849547
103575.287806526
103715.605873189
103625.093290408
104008.070134431
103728.948414764
104068.430141992
103672.250508385
103796.661763273
103493.284730988
103669.387083349
103748.461443174
103596.675054501
103695.498379839
103997.032265344
103789.402369002
103571.152149349
103748.822649395
103364.776799202
103589.260401041
103494.611331823
103850.532102547
103979.416999978
104282.822239397
103723.607184481
103831.485755581
103894.36330332
104024.42208696
103992.437440048
103880.727111383
104227.189158138
103795.179888321
103642.048170648
103531.071633805
103601.935278991
103821.835392064
103567.897771062
103329.117796138
103435.770889802
103967.061584692
103605.315840152
103546.312969578
103859.488752433
103729.571171633
103700.703568459
103795.618953386
103774.407196611
104027.313915992
103985.369420166
104005.829161567
103997.509704038
103805.777172607
103682.613424501
104040.200012443
103709.582286112
104036.379936607
103886.648694486
104162.744425237
104072.483017222
103695.816418949
103558.859292633
104150.932967963
104324.179841573
103626.712376887
103650.445898786
103696.753680846
103974.209255778
104083.473485626
103855.687319375
104149.118260899
104009.242179626
103945.776788232
103708.059291166
103795.325831265
103789.736472878
103622.850469089
104180.071851721
103713.41973294
103635.986255496
103594.23586104
103395.954706066
103823.164758181
103624.992863495
103871.486254734
104085.351590971
104000.983497603
103636.609275929
103356.184762157
103644.031423451
103728.157821843
103947.66445756
103734.498547128
103789.963297992
103736.045704513
103840.679051432
103691.4990194
103615.686239073
103585.546407292
103549.716383797
104035.654717854
103828.511675428
104055.182474109
104082.055603598
103982.228315459
104018.735822726
103581.982226933
103846.525609384
103635.841099165
103559.536005366
103952.688539587
104126.392279406
104014.144324062
103485.440812589
103703.712900806
103921.19702377
103911.121532536
103571.410710338
103644.426180443
103721.230755853
103893.525213922
103552.95993657
103738.835620216
103926.309096981
103916.149634012
103692.688641553
103556.656495162
103693.245422458
103725.288276441
103723.424520644
103820.497145574
104169.868972871
104084.217070605
103609.246280385
103785.647319616
103592.267588703
104349.932566264
103669.036478522
103730.029266032
103641.949374356
103783.330295173
103830.717584812
103828.909921546
103966.194954692
104100.370589647
103945.950483075
103855.907604533
103937.056997924
103824.339933503
103662.356758019
103763.706119701
103484.680892937
103713.60871966
103702.301490455
103877.850635064
103626.834081022
103711.885378379
104190.272141098
104008.224445916
103676.694879021
103772.721783088
103582.3648965
103699.438777885
103560.651966589
103739.003718929
103803.394721844
103678.405927968
103889.489023326
103655.751695242
103808.900510181
103591.547244489
103846.77371203
103736.026153521
104037.006603723
103824.324109475
103710.444916495
104074.845536122
103728.641037614
103762.163701751
103809.20208404
103559.77976962
103834.926030676
103531.286496895
103666.710126726
103908.453602096
103653.551449194
103774.53827258
103668.635099484
103865.858215591
103788.810869684
103814.098557114
103632.506355719
103914.673602704
103930.373837692
103944.832181141
103845.745133827
103770.427455602
103926.929409485
103472.081707262
103868.41958288
103680.785662622
103759.97384764
103698.13610301
103838.920139231
103753.013641003
103669.083591363
103749.669742131
103628.733298578
103580.21362176
103996.167312936
103428.406244717
103539.761916708
103830.163729216
103818.072480075
103583.793735545
103758.88297117
103593.571227513
103724.618232507
103813.326353663
104046.035171923
104060.949289324
103541.710134255
103536.536618592
103898.746639331
103845.466971573
103447.486438039
103684.118169849
103709.519661319
103641.901615814
104283.471446336
103807.070141866
103666.17407261
103490.625099543
103984.872056104
103874.744809862
103681.559840572
103813.093409916
103571.691990372
103723.306009512
103858.686689453
104012.231766134
103478.173642367
103517.479126924
104124.449550261
104085.338798672
103693.168814124
104045.710468128
103863.023567361
103583.662078113
103578.400693669
103710.891366817
103687.191332891
103829.322632062
103760.802454165
103974.723468446
103550.247475929
103710.421143015
103659.771256544
103710.362891404
103569.512166227
104165.708826543
103419.704589296
103930.907273471
103784.201039763
103855.284292106
103704.444679977
103764.738795526
104060.395686975
103713.946971251
103872.57053738
103905.990778182
103582.854694428
103580.245600653
103415.5586838
103876.256785223
103785.163891847
103810.818624246
103657.338859756
103887.166944224
103464.911155855
103691.646078752
103839.610481341
103323.937353571
104113.174715209
103913.931318734
104115.319967651
103631.607586715
103675.493760749
103643.830776244
103913.313116318
103880.129183033
103910.646958225
103723.331997113
103402.124050374
103666.390202329
103824.413100441
103844.177810944
103635.003927941
103710.046835504
103957.030127374
103408.304600875
103859.370146949
103562.912023219
103699.384035918
103820.694749648
103936.830059519
104250.134550699
103972.307635257
103914.955472197
103710.329162499
103855.32252615
103708.736055149
103669.515964576
103934.546811499
103865.766003994
104126.758249374
103995.898120199
103845.254350686
103736.128259713
103456.132638498
103787.105740261
103424.313509206
103877.997038765
103760.023900728
103840.253514353
103643.45543388
103830.298653976
104034.420299243
103724.348634853
103921.937006981
103705.096661171
103814.510238707
103986.695931142
103821.555745819
104079.823209738
103832.016255646
103891.009348087
103535.216761769
103822.684655377
103888.317831088
104439.772747531
103672.642912099
103839.629210285
103655.54252824
103835.293177274
103640.882534285
103736.577065488
103730.307344455
103494.774460278
103742.00373042
104040.303562559
103554.157902709
103811.706509961
103997.962709293
103769.33797859
103760.131668356
103810.89951608
103722.230771678
103677.156672043
104062.932770698
103733.523346727
103871.858585796
103484.383033915
103936.543704183
103833.412082469
104138.82698735
103831.956105015
103893.550586635
103781.842184766
103786.652007276
104100.256191878
103838.205326665
104007.195788731
103994.786551389
103654.852788873
103570.138146128
103665.454381933
104020.61151899
103768.15092977
103756.998515745
103712.409872871
103415.287931383
103917.51398082
103937.896273561
103582.667262131
103581.155970918
103811.666842796
103800.669897471
103731.823071501
103807.784620872
104010.481868086
103924.945794519
104120.12260968
103757.93725483
104035.900695534
103493.589105603
103893.988318606
103528.472792398
103796.59489251
103814.489224979
103917.837528227
103448.530483583
103671.67408124
103706.040152478
103563.438639161
103609.141233398
103673.432709058
103876.452917542
103648.797845587
103734.137781433
103810.677133781
103837.880642375
104046.965821785
103859.16971833
103823.955824981
103848.053959467
103862.836311624
103521.38630352
103770.090484797
103774.257472249
103608.971345902
103882.122048387
103539.199677834
104284.575206722
104004.032821797
103804.72588877
103693.146576052
103549.799376847
103715.741980369
103803.455335457
104095.398516109
103676.046672716
103787.618548237
103494.244709605
103759.797244796
103783.015216611
103589.904450896
103890.27636462
103856.336368598
103797.5038099
103659.226897064
103681.251673272
103790.031941655
103578.841041216
104389.456372779
103573.330743555
103693.482996404
103846.331246395
103508.759493504
103587.852781215
104575.486984775
103719.267096805
104027.861734045
103659.882944351
103541.300989359
104150.727650517
103928.532979176
103915.363680186
103693.601620744
103975.870107339
103839.20337538
103747.758520115
103939.02185698
103803.029779034
103646.005130726
103654.795958643
103825.440741749
103997.750560912
103863.217507788
103855.715083321
103984.376112452
103829.774789837
103816.318841631
103782.202270721
103964.95413771
103846.993443027
103697.641300507
104044.428749732
104001.138266447
103726.260794719
103605.104357164
103851.326839882
103535.189862012
103971.735728628
103891.851267213
103873.191693347
103673.770009016
103798.496457258
103605.259908296
103753.256884384
103782.050191024
103618.117187994
104128.231015714
103728.64161091
103832.962842587
103997.539825105
103770.588811846
103942.580589544
104084.014831899
103654.332237825
104141.610121999
103709.14047507
103623.517370022
103919.913871433
104029.761137944
103877.370702354
103817.764272375
103595.266248234
103795.143408796
103775.290389012
104152.955765632
103823.395621339
103992.471585344
103757.245047441
103903.535215461
104046.376258709
103929.495614854
103954.021872
103524.514162314
103874.845820224
104070.352258029
103707.988455941
103610.815720123
104158.160193707
103627.094529692
103474.52081436
103697.40608289
103804.443219261
103673.174727163
103755.348551657
103358.166314439
103813.489473303
103765.999274818
103716.174253337
103387.993655451
104398.040820628
103730.422187976
104080.128875844
103648.972200962
103954.22951543
104005.582231677
104111.731862381
104123.164207439
104147.564669046
103708.296582651
103731.020570143
103582.98874653
103675.497498825
103755.350769231
103774.406621325
103860.80294567
103688.382852359
103852.832276479
103683.303907653
103823.621471985
103646.146666801
103924.819630593
103814.535412055
103908.45475556
103697.548421773
103934.704353112
103710.507694175
103622.844637771
103898.584571345
103642.918069073
103810.163831482
103713.096405955
103717.200414955
104192.001275012
104005.515895336
103620.801323462
103420.621190654
103812.030486264
103649.20508251
103860.688949206
103634.032493585
103801.943231373
103563.362709679
103994.781016442
103817.876183895
103579.391377519
103717.291200778
103853.378243253
103748.896587146
103736.793584028
104118.556921536
104174.663853097
103643.207931675
103457.41316447
103419.557944715
104060.264824523
103670.577281994
103712.536466759
103594.242765402
103856.291715121
103795.327727223
103871.283728373
103712.394118294
103784.464203729
103974.827446891
104016.679153164
103787.734955896
103739.049111068
103691.406309975
103808.327111064
104020.87700925
103882.830594683
103771.570148979
104239.268220119
103704.603901058
103554.441217935
103662.499464753
103689.204633439
103710.294996898
103806.278020173
103892.605805882
103494.184032215
103955.961047154
103853.632049207
103763.146375589
103672.227300869
103604.895314519
103883.763766996
103749.354954922
103811.563799543
103722.691864405
103944.385558945
103902.427674728
104041.841552321
103907.299378328
103912.374327882
103464.112696774
103942.95263747
103687.501385509
104068.638988217
103750.155637986
103816.006361453
104058.352446388
103837.29248078
103748.837427986
103699.155712856
103612.837934273
103727.735801197
104175.686470831
103983.035446708
103587.409917641
103871.141793936
103856.199357964
104014.669379403
103936.183996929
104077.908691308
104018.952958414
103957.48350149
103643.128205945
104134.254461464
103709.127613657
103761.065401411
103524.823828723
103699.400654952
103923.686593951
104124.76540836
103542.354012499
103942.421399917
103705.605222962
103545.608109393
103916.208245187
103685.955886377
103613.354504105
103740.186176781
103533.790540241
103550.116902793
103770.39048707
103737.620186974
103623.621958258
104036.807504315
103510.567880723
103659.365268373
103628.598566554
103613.950048118
103902.935038559
103728.059183738
103732.926604387
103579.547037232
103824.101718606
103696.244661717
103966.688455785
104105.336795141
103874.265635349
103381.250533849
103618.009560433
103822.639767445
103986.555744402
103700.815281539
103770.397846052
103863.227208492
103767.915542422
104139.039692784
103522.493293564
103814.87838003
103623.445977854
103763.636022555
103837.995044313
103442.8836219
103797.319583599
103386.203448688
103762.258725035
104026.38722291
103705.906925481
103985.389966486
103923.048184874
104357.052419804
103763.749028274
103677.837538636
103715.829133668
103783.659705868
103364.902800644
103683.449017324
103786.300520994
103791.919276097
104114.09671398
103748.225000038
104008.028467372
103819.031088079
104146.082246461
103788.663136749
103736.05639686
103557.680057166
104123.833195035
103695.07718866
103918.028994788
104093.744582262
103805.867245518
103551.381793812
103934.178780076
103686.638183436
103693.312577451
104034.36115383
104010.647797083
103917.033626411
104032.203916512
103900.330367712
103860.982228032
103587.952228129
103774.086710772
103640.706584408
104069.290432992
104454.268160062
103880.36790659
104366.741104962
104055.277007363
103810.196098654
103645.179469183
103911.743827015
103703.52054131
103798.618905086
103795.131583051
104000.660040992
103962.133371868
103802.080475371
103844.825404561
103653.408722427
103684.533956363
104058.217605578
103651.175223751
103606.722281176
103473.534416264
103745.624067095
103910.49582672
103694.867611672
103916.782573895
103779.08449818
103813.83827637
103827.760991356
104092.076020216
103708.161486041
103776.047475798
103987.359995723
103914.639596667
103982.33977231
103842.44898422
103505.082778969
103659.414162457
103535.297849798
103298.724354517
103706.330333884
103559.836641798
103814.982214974
103992.99019721
103875.190317542
103557.349204415
103937.647501645
103577.375070003
103853.897232351
103429.834834008
103931.177059958
103842.638851448
103731.213308812
103799.306661171
103711.615623054
103561.717803221
103471.790567583
103607.98856672
103754.457461575
103962.559502365
103623.073274373
103980.452191012
103671.852534697
103692.897745669
103887.586802379
103828.856792177
104066.980075132
103514.474078167
103926.890155922
103671.777871822
103669.427264121
103519.513605704
103841.256396153
103751.136984482
103811.417332503
103867.119498939
103719.527722402
103657.793885412
103932.524063708
103771.857653648
