103451.994462732
103508.526630174
103531.60684569
103368.358204012
103325.79254428
103467.241326622
103339.888916669
103480.329418455
103384.005389397
103394.348889012
103528.126852621
103432.787764388
103446.445401118
103458.205041711
103398.642899028
103438.63490236
103488.614525359
103442.081590781
103440.770496787
103502.731162447
103364.735755104
103491.054765273
103305.593757625
103509.628374122
103401.183082587
103568.742439396
103540.994111564
103530.987611473
103436.775307763
103395.66169391
103463.356800589
103506.279570488
103414.018726034
103443.060222486
103417.63341066
103450.743810348
103484.350608697
103403.168641039
103436.003290395
103520.123961257
103545.832005786
103416.43358246
103545.368510353
103429.238203289
103523.995272078
103444.925119748
103464.940575149
103508.295107731
103506.904404151
103465.71748858
103438.7481369
103499.716484276
103350.750851459
103486.892776314
103382.375015073
103379.743396957
103500.114033133
103338.287657566
103281.568862248
103378.240191402
103486.485315579
103423.508352234
103464.541925304
103402.801403068
103458.307995996
103413.582427899
103463.416934817
103448.092211093
103320.666233503
103432.695336636
103377.331666402
103348.33434251
103281.31958644
103403.167446421
103588.904383444
103419.803666426
103524.335809904
103483.41120305
103457.548196058
103377.710167195
103364.516949673
103425.04314508
103403.118289588
103476.321665227
103436.735988438
103359.868939357
103486.414743689
103469.021407383
103388.393615063
103419.182526705
103540.141388098
103476.558906309
103426.801136204
103531.917029416
103443.453883589
103482.097799569
103506.329357323
103516.451683912
103519.971783108
103453.841832958
103367.925929329
103424.594040239
103321.718195719
103308.378903556
103246.033254209
103579.667404576
103471.476334625
103359.6624617
103426.643871538
103461.688801334
103424.54175556
103398.170266397
103434.68790882
103482.508558431
103467.549150414
103524.972738924
103482.085055981
103487.832687572
103486.732564899
103488.559958199
103421.355016322
103443.279898581
103461.097834405
103416.513029392
103458.769016024
103386.258319731
103486.110448798
103271.713090355
103427.830918071
103444.858790449
103462.195404267
103407.607824924
103472.873926554
103430.025922344
103452.018555495
103431.793856216
103515.030459464
103415.622581709
103484.49393986
103470.546658961
103498.288669661
103451.322864927
103456.361790765
103468.50098073
103416.218722554
103512.870388433
103547.300571794
103467.765150092
103430.374158681
103441.109892984
103368.876548846
103395.992430439
103454.648637595
103466.779793629
103437.738207868
103376.268948447
103439.387435122
103471.031121402
103490.241978155
103450.32669943
103542.70417532
103432.653233343
103468.447190904
103458.751699666
103403.246499783
103457.076708385
103464.707281727
103416.420823241
103466.865406051
103472.346244778
103594.507515426
103395.517542892
103394.942718177
103453.716139497
103388.260615303
103428.230123614
103460.065126838
103417.657181058
103463.003720004
103415.128324326
103446.097511994
103454.850304716
103468.399028656
103392.247721541
103439.001967081
103452.714855226
103416.335205548
103494.205578291
103428.182993104
103402.591946546
103250.552092842
103447.435698703
103454.783935267
103471.062290188
103461.612209441
103493.745269197
103515.084979813
103561.38701087
103483.628916024
103474.338218822
103447.333922095
103542.728003321
103396.55651917
103494.310253602
103529.849011133
103403.597563344
103411.986412302
103401.043582239
103502.864768078
103431.034450228
103422.988587071
103478.242893445
103567.065473399
103534.602550236
103429.262246723
103435.485049359
103399.121087597
103465.342224461
103439.677341273
103426.583719791
103314.987240909
103398.513973797
103538.381399108
103370.643295159
103393.736420675
103384.161352556
103199.05127922
103495.920044553
103379.940515443
103460.308323799
103502.676916902
103462.472160222
103328.839041344
103410.983482307
103463.246130205
103311.024248449
103461.716163318
103372.087876237
103486.641738924
103431.191777497
103473.885843729
103442.234197204
103483.205419244
103491.371263879
103368.902282127
103454.568013739
103395.220399684
103547.95908856
103455.555619685
103429.342408999
103385.518917022
103571.035137876
103509.45218085
103424.709639271
103489.778429418
103331.286404478
103535.09285422
103509.58946087
103432.095332681
103408.844954154
103458.084561511
103402.730772
103454.880282832
103462.718011865
103280.676825397
103437.440054627
103537.229678775
103544.532995572
103460.072781821
103416.681322455
103508.243477319
103316.738891364
103553.592135197
103459.071118845
103566.545763851
103482.281767782
103503.370045983
103473.857667037
103406.000056129
103347.939866504
103460.288782585
103479.248527031
103499.22999969
103421.908995203
103414.940343988
103463.907773588
103470.202173288
103451.860925801
103538.874188653
103487.52902489
103409.219706538
103340.84344293
103363.376447155
103371.967591168
103396.434109849
103503.74885994
103434.230375364
103458.907486083
103397.414292919
103472.742595655
103490.352617666
103455.587398469
103377.866777596
103455.952291034
103415.649459447
103324.869735102
103401.709083153
103338.218400825
103383.116186271
103456.865103312
103479.646476129
103423.982637402
103432.98406142
103404.554318201
103441.538834649
103426.400721579
103352.027436777
103514.692448544
103462.404017387
103396.215184719
103480.505964957
103433.734412346
103453.208715607
103386.422730123
103504.199281464
103395.425805656
103420.123659209
103406.818687125
103459.449380985
103298.783115893
103582.165561434
103392.256870754
103510.878337329
103312.233873031
103476.131804857
103435.084920853
103503.758763429
103450.931125183
103460.144063236
103385.20851133
103374.399788139
103548.096633112
103478.234315079
103453.724538633
103398.497256283
103444.175246701
103317.176351121
103444.347903389
103454.414490064
103491.947782501
103525.009538711
103483.039891567
103498.098868889
103470.200984261
103504.74978642
103418.514402665
103427.601675332
103534.057509805
103473.542316841
103446.212130226
103333.162460666
103425.019864023
103502.584805458
103393.513613383
103491.434291276
103478.198003963
103462.373845441
103439.445125621
103405.615204524
103464.364007684
103422.356406946
103477.710763423
103452.709902907
103393.002519288
103504.494313904
103445.885941569
103422.251457258
103367.426135938
103474.079199943
103468.1318413
103432.223815392
103541.597202775
103385.170091789
103443.914942189
103455.735077779
103442.454973611
103495.048910455
103426.472422754
103437.028841067
103313.912160868
103392.561861791
103375.168837885
103536.878850601
103458.252387683
103515.105282162
103493.783837154
103455.17678876
103470.315730391
103426.874689264
103526.883889922
103506.502923068
103486.18944606
103362.524782213
103452.240458514
103382.338321842
103321.262333147
103536.857484965
103370.542297148
103492.810603895
103399.820603843
103480.55580256
103455.017587601
103400.121943762
103421.823736421
103438.28329923
103379.129960497
103480.663152503
103439.964228424
103385.62306763
103483.083229741
103502.427767344
103386.210313479
103472.416604111
103502.601481439
103448.369322839
103482.197816724
103452.541536191
103402.284751506
103583.37933693
103448.027686817
103415.933783853
103391.765071849
103345.320380687
103422.299888672
103472.017755465
103386.289343463
103446.443502155
103501.456938471
103306.769425665
103466.235613037
103333.077677172
103384.940206628
103426.680120101
103482.02984303
103387.90150691
103563.128053286
103489.60274283
103415.760346761
103367.610866442
103409.966247201
103420.124562291
103515.240071439
103510.648144351
103499.743643719
103500.472274273
103489.495081002
103482.05008698
103537.712741947
103472.190035347
103517.481626037
103389.297169854
103473.539939528
103492.800142967
103518.542928461
103466.625679188
103494.72295949
103474.478666732
103485.500870919
103416.841529141
103454.615949809
103431.502843214
103536.616762637
103359.947168756
103516.170144568
103453.745168939
103426.642783134
103455.174288224
103459.47698999
103580.14663037
103315.900150025
103358.311174875
103389.854263559
103373.387994278
103461.839209147
103471.582183529
103499.491890559
103491.839350916
103530.701401609
103344.424781884
103474.812061989
103461.985852494
103588.344959781
103521.655143396
103480.354068672
103486.317124397
103422.820954072
103438.670497796
103463.046534355
103468.127128966
103429.03454777
103436.65616373
103402.74044736
103467.258548356
103474.883652059
103392.048925018
103356.071828309
103432.320299671
103417.330420882
103381.762581378
103305.278299836
103507.778027205
103249.014577296
103444.616388004
103521.478274433
103384.959452422
103486.391587169
103397.997388279
103398.975253648
103488.240026177
103482.29477143
103375.679303688
103393.181301818
103428.932934037
103429.319064275
103418.455617022
103399.447160121
103438.953781593
103418.824753414
103502.157595561
103416.206685662
103425.956301552
103421.477557473
103457.56794898
103452.925874309
103425.45752032
103480.451815079
103438.938745505
103488.48390721
103418.835220216
103558.630830733
103416.475521399
103522.622992657
103484.999236629
103463.463723994
103481.334337151
103460.012732548
103365.986945493
103426.302020083
103311.694269144
103492.94524331
103408.746869169
103469.937773789
103417.803270659
103377.078009799
103295.399560273
103408.854039171
103450.035943296
103465.196329776
103399.76337234
103417.309338902
103411.119279851
103494.040682714
103474.789857536
103462.506729835
103451.039821551
103567.569318315
103468.786698022
103413.848137911
103480.774365889
103550.715830386
103240.461753513
103471.095782504
103483.475799929
103425.327020341
103491.615182245
103439.231903938
103569.245749628
103433.618419321
103405.326820913
103522.357632632
103420.505241256
103418.06629919
103369.387018596
103286.852772586
103509.800389717
103481.365977564
103442.382999904
103488.515756125
103422.496455894
103438.627002569
103469.011458917
103519.842818699
103397.532292516
103349.928687426
103425.040557484
103474.47367002
103415.591102274
103466.235559464
103448.98083405
103473.892909658
103487.904223012
103536.082272583
103432.052478099
103483.715979559
103465.871576906
103524.330105614
103474.810926302
103384.097492826
103397.17622696
103443.904029104
103406.324549838
103511.298084783
103415.954589243
103496.423446317
103457.995051792
103478.863833119
103503.461707148
103406.509714566
103515.157382266
103485.058705958
103414.226676741
103412.492001156
103287.336134142
103444.724854055
103423.552740882
103343.409831192
103288.283168671
103388.024854758
103445.292728681
103473.819273231
103458.102555855
103383.620434778
103539.637186118
103438.588506759
103305.163593859
103403.350416455
103481.025349987
103386.259458728
103407.869762129
103544.070530968
103510.959218076
103362.441223941
103326.220420191
103433.649148423
103415.039537351
103410.530139198
103447.593800561
103448.17285048
103431.70396914
103451.927646278
103412.547468339
103540.0994851
103425.903247173
103447.720913907
103387.003490931
103455.476550127
103448.635420047
103575.028234216
103449.456696805
103481.703481698
103337.635640414
103462.194659168
103507.372689861
103240.66180027
103419.499615739
103511.68511799
103443.149307118
103441.113691049
103400.008158791
103432.456350907
103442.027964057
103402.358978776
103426.31229326
103392.533738879
103409.551167848
103394.734037607
103407.565164195
103536.589478254
103417.405828616
103532.321440194
103330.359539199
103442.503727853
103364.274861849
103427.756788525
103350.531528845
103452.290269167
103409.283280599
103417.732596988
103429.252696156
103419.116397557
103458.071379097
103499.619903507
103361.825682843
103493.46783724
103479.770974319
103484.054221835
103467.227218718
103506.490477143
103392.065872731
103425.042331739
103562.812958167
103464.830880103
103448.967177854
103384.404952467
103374.449649774
103431.57177135
103398.479477783
103440.641710755
103391.159322153
103353.272661522
103502.634496603
103432.884264569
103534.711018125
103470.701233177
103489.531136793
103228.996096839
103405.789623435
103520.609748366
103493.622203369
103402.974018043
103409.569598852
103479.275656996
103462.176276251
103592.281314565
103366.949213483
103373.541325008
103490.903471625
103419.420420059
103432.368112687
103522.708634865
103494.338433745
103419.548627428
103609.116171548
103306.921489575
103489.964159164
103464.425030926
103449.804724494
103461.793855672
103401.245996203
103446.521790748
103500.427612501
103520.332466254
103556.959742162
103383.654338818
103350.776408836
103492.377194122
103380.867228101
103503.517971898
103342.740748818
103433.518853724
103490.096242915
103469.529858031
103370.124614066
103407.003339611
103588.61413056
103486.368082968
103430.846489684
103451.096294812
103427.679640829
103361.379531692
103386.655427537
103484.995875465
103423.886862415
103393.618658292
103435.286799923
103461.948080738
103440.910697548
103419.344920575
103363.042333089
103412.121882711
103469.580012617
103446.357777251
103380.913654607
103334.280246846
103470.752854462
103465.131788658
103441.933882174
103473.216936995
103456.784218329
103484.964778172
103423.952690211
103430.401430489
103471.785681096
103483.728718943
103415.364904892
103481.371459041
103470.65281899
103470.283832964
103355.950661616
103447.03760603
103412.092037797
103437.896722892
103487.023949856
103441.95070647
103500.238816657
103460.888407498
103433.733549076
103470.699109879
103391.772290898
103432.199640864
103432.54167586
103414.655927014
103507.985058874
103435.551535881
103459.965134591
103458.78812616
103490.300841246
103439.153800508
103478.881899402
103448.722026197
103493.811066175
103400.016480319
103441.616049305
103470.175862169
103427.966183563
103455.291990408
103405.611575886
103401.800076022
103419.876252438
103399.279007992
103504.28869079
103457.366168237
103420.364287027
103441.189160876
103406.667519603
103408.478590801
103412.605688422
103456.566068501
103410.19632703
103472.689640819
103455.839923468
103351.423882929
103453.682641353
103496.294232681
103441.372832058
103414.612204698
103538.015892099
103399.047644713
103499.271264946
103427.150879349
103389.137812767
103435.289436226
103433.01894915
103482.921169075
103411.674896124
103493.950231776
103374.225953519
103438.059371252
103434.399505261
103537.909599607
103515.103217438
103531.300479029
103433.387105332
103437.296390518
103340.392337384
103495.89170399
103481.632002476
103401.329760166
103440.962395433
103456.729509966
103426.573695168
103335.491459232
103414.524644572
103459.803777059
103410.102548033
103483.840797121
103373.45430603
103444.516850755
103299.769179405
103320.811647656
103361.504055332
103460.629090589
103521.373389699
103519.004559886
103412.881634117
103511.471008089
103451.57893521
103315.33772142
103453.24607729
103375.62347181
103494.661411233
103403.917812919
103400.807261713
103416.075817643
103444.910596864
103537.473839749
103419.345145833
103421.414527557
103453.781423482
103352.602685715
103453.462531646
103397.457207461
103438.761327521
103434.522145889
103355.018266705
103453.50305804
103518.493440089
103497.231029329
103418.258117315
103447.652490431
103477.537985195
103528.893855911
103469.387385418
103389.344476047
103502.105768687
103409.951736112
103430.86251062
103485.114909029
103497.249087569
103352.61938382
103411.820724379
103461.356904694
103305.723143922
103482.052843156
103460.165360104
103432.358970578
103418.911669547
103333.24952347
103463.495943302
103493.228002571
103490.535388513
103535.649297944
103509.657221122
103486.737079323
103419.506950453
103462.638884322
103447.154738538
103458.580826745
103487.533939523
103466.543433524
103450.318960296
103551.32829781
103375.26930943
103467.919775119
103476.635170185
103426.153793308
103480.901767595
103459.080965769
103347.954935604
103474.226698282
103419.042390688
103519.471874673
103423.021404804
103451.922690869
103450.344098829
103319.719377104
103412.206981844
103439.631180602
103487.03607051
103349.235646903
103470.526146846
103476.561059756
103403.83280582
103485.625529096
103474.983716876
103329.697667957
103447.4172228
103416.567373835
103450.612336873
103438.650933253
103274.76805657
103391.805784536
103430.128410152
103290.73263037
103424.141942058
103404.111617121
103431.949249803
103497.578436483
103497.986429209
103498.672261379
103475.221023118
103504.984691265
103500.064331973
103453.028743739
103535.189852067
103313.813641747
103415.390130642
103396.256115595
103462.442256169
103417.621352387
103427.040201787
103450.53460672
103404.988971063
103511.265903428
103485.714855262
103459.537874073
103449.460896277
103446.456515048
103482.78789048
103409.846170639
103474.450223533
103455.746252143
103414.836198531
103490.223877698
103416.567958983
103431.189459618
103436.371780983
103457.3383594
103313.844670823
103467.037453484
