103422.519047969
103651.721866108
103605.209949854
103709.404902032
103479.088357007
103442.915212625
103487.099838676
103438.699847087
103475.21477676
103519.068639068
103554.216363789
103510.156672491
103367.839938013
103595.227354152
103458.455255326
103471.617048507
103367.655932583
103502.14079497
103385.379588437
103467.588904488
103580.495361851
103518.802403623
103561.936166287
103562.601015601
103454.86458156
103516.766267582
103376.974979801
103466.848952701
103487.428885677
103349.376502104
103392.379635152
103424.061717331
103405.354873823
103499.016561738
103445.83025481
103427.373430112
103450.280995999
103613.099532906
103386.71826598
103371.844169953
103530.831037655
103635.423010294
103604.40560922
103558.497175854
103377.222123024
103558.244101539
103488.037446246
103451.112236811
103462.797117659
103350.833242295
103451.766064986
103432.745089147
103381.289298206
103344.769302541
103570.828001847
103409.664907031
103502.194845755
103557.220390824
103404.955326089
103508.264630705
103486.896858301
103547.026493206
103441.262864703
103449.538539613
103406.824488362
103533.888745468
103517.942611027
103461.458476513
103482.253584455
103417.556583463
103402.883253155
103460.171867806
103421.158201636
103551.382161393
103593.583187453
103444.218462331
103382.702470402
103485.593982405
103474.50947091
103485.194725928
103361.478972243
103637.317339683
103499.460911896
103512.597202297
103459.095181233
103542.545175606
103561.02484951
103492.672466608
103439.787863618
103389.206268231
103564.576064011
103405.74343751
103649.33187812
103436.53897235
103491.703894676
103450.557810727
103430.329713304
103323.298259236
103546.914723325
103633.938316101
103421.311950426
103431.471349108
103549.960790089
103472.43386804
103421.303317428
103516.248039371
103442.979792543
103454.268585954
103376.229011882
103454.545388535
103545.823524608
103407.20831955
103403.275267565
103391.490035504
103537.054238767
103542.808216984
103520.695399751
103400.827159469
103379.90025301
103534.697122686
103647.9903423
103406.36022966
103529.674707794
103529.689690206
103592.470885691
103528.952724133
103345.891117557
103386.570436769
103430.040869796
103427.413255469
103518.682469306
103571.715308754
103538.677693943
103376.98812941
103386.371942534
103446.249990547
103463.704702416
103456.484682776
103531.468873361
103515.733244804
103613.811105065
103401.574837671
103530.039540919
103307.28694479
103533.587332173
103602.76188516
103448.366442273
103442.259017953
103605.478630668
103581.672804561
103439.723573117
103349.906726454
103382.022027883
103588.251658649
103476.793886209
103402.476278048
103350.419985408
103540.088447002
103464.770035561
103512.500417007
103441.236292734
103550.236969859
103499.596269344
103392.812937901
103346.884950538
103564.46743148
103485.110220299
103530.768381735
103630.995231913
103535.31151876
103453.62529961
103336.008560674
103495.121635313
103523.780428466
103601.876399974
103408.414567141
103643.898826183
103476.413070733
103348.926396223
103310.713276479
103456.02449622
103357.479073278
103519.23908215
103546.240605328
103383.099212963
103510.614751469
103531.305844894
103346.215552844
103363.914531962
103550.845899732
103454.921308958
103409.836552954
103488.250376906
103649.640118815
103583.024750006
103533.265277976
103674.305888516
103549.421923457
103466.221845067
103525.392702521
103320.838584831
103578.209609785
103400.639597381
103461.050213705
103542.958601235
103390.659159838
103417.275443166
103584.176939683
103313.400726847
103545.407007542
103374.317911275
103568.294667012
103490.626335555
103458.014461547
103622.183372989
103404.974888855
103499.855924504
103516.825700737
103413.431358547
103458.033104509
103550.379136506
103612.369703531
103433.264110094
103533.10307215
103447.880941233
103518.982627853
103592.167291886
103303.68113211
103469.133579862
103445.02238048
103505.886293508
103503.371057762
103461.324441784
103492.448649366
103434.251192874
103558.370767376
103598.516270035
103442.195905264
103395.916681912
103345.351970258
103555.863457129
103500.281647803
103560.929899332
103390.936643938
103505.318660958
103442.569960096
103481.70755252
103445.482414347
103614.181278072
103438.765947293
103497.418930511
103390.850216089
103626.587797314
103396.215842423
103413.918117767
103400.353107918
103438.147955024
103464.161890536
103443.756730718
103497.973792194
103556.481061771
103558.431854583
103431.07952724
103423.858060009
103410.956112449
103573.001101391
103366.447957685
103372.365738084
103419.775043362
103526.510758772
103398.830928782
103411.013336216
103556.334086354
103601.322520196
103581.638472552
103561.848785627
103425.840153501
103453.95353284
103481.237207218
103432.243675064
103579.034784937
103363.38893348
103399.561572909
103406.215209721
103407.403346518
103437.540539662
103458.007292287
103527.655636926
103443.233675344
103541.519815928
103375.062884116
103386.939018595
103588.561925918
103369.474976115
103518.602205761
103496.640742316
103571.532780338
103413.238025908
103421.062651672
103521.217431067
103560.355990287
103422.111229095
103519.000597189
103403.616566493
103498.794999223
103562.511097709
103477.641992512
103437.332651615
103427.758919606
103417.147709339
103388.94062791
103348.397499624
103511.230227371
103447.567760856
103535.825636445
103618.936179555
103625.850798468
103412.706984548
103541.164185935
103581.864177846
103462.743965891
103426.659427048
103485.470645839
103607.059446273
103456.728397293
103552.417088618
103521.285272229
103388.871260226
103418.413977199
103377.872425865
103420.805139578
103443.299247123
103541.808973166
103523.660533022
103447.340520295
103381.111548005
103491.143112651
103582.881027477
103610.967514032
103438.847614351
103553.564349569
103432.687018647
103531.044771214
103427.426617544
103427.354111928
103486.958274734
103384.577516209
103589.104352426
103492.70663936
103498.96242931
103554.558935093
103430.482026756
103508.478623478
103473.2673154
103461.691172919
103490.070128971
103363.247597454
103347.123544773
103532.562315472
103543.953578883
103488.60925673
103451.380559317
103448.058883582
103515.02418282
103415.682583669
103382.235842679
103584.313771937
103599.462596673
103438.784318353
103555.516770128
103619.552819687
103469.827116632
103319.991329135
103300.646042492
103469.099215329
103387.051139103
103512.12730062
103327.993442467
103415.884540982
103440.522426568
103632.199313785
103463.804041674
103412.171532943
103648.952046882
103483.33452314
103532.865743935
103393.955619881
103475.384252322
103462.397023251
103613.818373109
103496.463175515
103455.210666808
103424.025502626
103420.781067324
103586.020389465
103552.79302906
103487.475850793
103532.347580239
103501.002517822
103403.746792053
103555.593415238
103374.58492656
103374.851211754
103428.689210273
103391.252236551
103360.133447342
103481.026286804
103388.268365661
103539.789861577
103527.761048968
103321.837069366
103372.905864785
103679.483048469
103430.176331469
103583.828018126
103335.515876906
103355.565918463
103563.882082514
103521.254160722
103585.813610083
103412.808009416
103356.341795952
103476.989533303
103591.402267061
103525.325575391
103563.186833281
103629.526287557
103516.403857531
103365.950744072
103593.640855596
103443.945243844
103526.351654149
103413.53073594
103433.675696781
103427.882179668
103663.111791796
103492.622391804
103394.382395344
103652.115091857
103586.885079198
103567.636707063
103547.599125648
103713.168195526
103445.630495016
103576.652626628
103428.074077405
103450.447903931
103471.424856549
103451.450589343
103543.136967809
103513.738022422
103373.166173953
103400.080091358
103425.91077991
103509.075437035
103479.713428487
103468.419562526
103419.756774417
103586.888014347
103509.877730487
103609.309303255
103468.334691074
103340.071935438
103494.579746656
103352.260156204
103573.72981495
103463.03190582
103506.824079465
103527.44901803
103446.777059281
103372.314812731
103467.759353117
103423.378035359
103433.429160235
103510.068067524
103426.605259912
103505.195730968
103483.7777093
103370.576813806
103441.316227522
103543.743245837
103338.299314206
103474.492038592
103388.25821645
103617.121676892
103482.47056375
103555.734935045
103388.108552817
103426.037426956
103578.103808418
103366.645335339
103447.781504728
103503.03919603
103524.152721943
103421.934350873
103422.52860254
103451.590491423
103429.04063465
103605.359419039
103457.12029777
103609.816895138
103467.812616734
103553.288762706
103439.187463816
103459.316136038
103468.334909593
103502.877668403
103510.296778033
103524.881112913
103519.935781368
103485.868504425
103440.023082258
103546.534631913
103395.518987294
103669.809886901
103398.970256749
103557.113546086
103494.50499938
103481.069897234
103549.966749195
103338.568679035
103403.541262752
103507.005477806
103405.948539884
103500.262939299
103410.264131411
103517.47520842
103303.130123593
103506.205257271
103410.81114371
103655.626068602
103578.937706096
103490.537581661
103578.933565398
103516.144452078
103604.270060841
103332.598488354
103437.312281957
103460.037508524
103431.527577805
103597.180975832
103408.363971193
103417.508862038
103523.732057148
103418.690914229
103426.576305249
103578.204004352
103402.360515054
103630.679957869
103530.372081709
103447.976912162
103390.872481793
103525.277098744
103480.15253434
103486.740736924
103534.733959386
103503.268070064
103689.905089153
103577.584631293
103344.379075232
103371.175926861
103486.514701414
103406.65253449
103353.555908301
103505.291607696
103395.912028196
103613.84978824
103451.095432054
103382.217570406
103408.888719362
103456.163234913
103478.579834902
103519.101784078
103555.091109326
103620.396997802
103411.723128566
103498.306698279
103481.299697143
103559.546916905
103523.368689671
103433.52713366
103546.14472436
103476.229010532
103410.684949362
103496.874942438
103515.941723151
103409.714582127
103418.228472192
103407.344373967
103486.567414177
103375.35870023
103468.074025603
103566.092802123
103493.431385748
103363.829868203
103576.369875453
103421.53182507
103488.161191989
103462.200859898
103358.328331587
103456.698129731
103528.35848485
103361.29750145
103552.671588227
103471.605126337
103544.781712633
103359.031005584
103525.746897777
103521.666711703
103434.461302189
103348.081361883
103477.474274363
103406.636729869
103515.899998416
103470.349036547
103549.777960473
103505.027274776
103527.163546705
103347.36346052
103456.864638329
103524.998544218
103488.641913089
103510.792185169
103419.799191665
103371.987081987
103557.830607602
103546.215554321
103525.365489866
103502.721279555
103496.868615125
103423.975490247
103398.33470834
103570.815090696
103524.922479555
103357.921388521
103616.730944389
103544.382910229
103429.478549598
103506.058376361
103424.023905948
103353.065361795
103445.201785587
103456.52034273
103401.506101785
103571.304210393
103456.088584669
103544.733318965
103665.349929898
103453.355566399
103517.246805309
103444.528258957
103501.613079604
103529.816198566
103475.363700473
103512.633345352
103394.705356371
103444.599735535
103416.199160559
103562.973528842
103473.000487593
103532.990547666
103408.34631122
103384.271630037
103608.834530971
103438.486841786
103476.053638566
103498.471533191
103626.469772045
103472.614742675
103395.813023353
103539.496634445
103601.223685946
103472.585847421
103545.050677623
103318.483767302
103396.21021488
103409.54288024
103541.497915645
103394.170384644
103443.734879352
103319.279407708
103536.176270159
103393.697795164
103637.596492197
103481.156367802
103436.754859087
103619.524680984
103389.923926767
103552.173814898
103427.368867208
103415.44562673
103552.91555887
103543.849769349
103440.673501729
103506.504290682
103478.658664537
103603.257307726
103301.032134061
103550.780913109
103545.602739016
103438.154564681
103424.848313149
103569.076793908
103426.803637697
103536.171169211
103415.350713589
103369.310166682
103362.544549862
103502.050965556
103452.686847845
103402.991148049
103618.481833724
103405.036772259
103449.676653449
103544.421958439
103450.130407323
103578.216717778
103358.365621946
103507.305778478
103546.709041927
103505.30705354
103363.485322137
103417.160716851
103411.95964669
103541.682950332
103461.498505743
103573.223469777
103581.939983009
103333.500987242
103490.339849809
103438.196033174
103454.85374013
103544.872697961
103678.228443182
103508.184274371
103394.284653342
103462.543718425
103532.27512116
103356.697636426
103398.178167122
103379.366902833
103463.455388076
103391.072281021
103441.959984907
103403.008190299
103484.150887802
103622.726857844
103427.318221427
103516.988410391
103450.331764731
103431.935125783
103415.641880289
103489.631137808
103394.196501633
103353.173819124
103354.514217549
103461.492580839
103369.1451022
103594.294976412
103441.161525058
103446.871902402
103330.760713184
103378.547572989
103513.192256017
103466.062877639
103374.781719796
103480.404168689
103570.888066346
103429.12978746
103434.390042769
103517.121851028
103325.494514278
103554.611138889
103423.84904403
103447.116146101
103362.378751709
103457.246292343
103395.186952407
103477.115301887
103296.317641403
103539.1291674
103406.65348704
103417.806136323
103453.241679904
103423.072611628
103565.430181679
103440.676959825
103515.867211912
103352.474177111
103379.80096544
103393.839491082
103537.211452148
103505.740667339
103426.632958737
103407.072352745
103585.965649658
103425.83901235
103458.590261383
103393.787449992
103430.153427885
103440.629522118
103659.776596695
103461.495854555
103508.94339117
103476.055717355
103548.101559444
103607.051224484
103507.901468604
103446.38728375
103579.3117276
103494.290045187
103501.689879333
103414.678708045
103487.748013313
103433.260631398
103467.287723896
103508.391653642
103569.045031484
103588.451847379
103473.429328533
103546.316150077
103575.829837915
103414.493234557
103434.085534029
103628.443730346
103499.385979219
103342.687356067
103485.480045269
103552.121797557
103408.316003086
103272.740011405
103503.650030995
103342.136518217
103609.951075501
103427.709375447
103402.109202956
103468.247445858
103567.572159848
103391.908324972
103597.318497511
103482.005870932
103578.052112281
103365.684137968
103636.598938683
103352.942419969
103610.888517463
103343.846548773
103447.392019638
103469.793950855
103527.78478114
103403.642917869
103507.814929776
103421.607549997
103572.267544818
103444.124576792
103334.84740834
103407.58802445
103372.259619933
103614.551872152
103657.218549414
103338.092154118
103372.609481155
103443.656286702
103424.843088177
103562.122235163
103550.603679973
103623.352568899
103605.494070296
103537.128181492
103660.677775866
103420.052750676
103441.20375995
103494.565729028
103452.671791079
103647.674238875
103473.975513582
103506.94910724
103502.904814426
103487.31270535
103411.224276387
103349.674114964
103416.407908006
103356.876895909
103480.983918121
103269.739165
103437.189846858
103378.560240442
103504.736152452
103377.20480111
103417.809215647
103393.312340536
103445.193754895
103382.755553535
103457.843928203
103598.524361238
103488.551073469
103320.249391556
103404.745951451
103588.007977812
103415.640708293
103501.516377739
103555.472511455
103579.540009346
103573.821814462
103382.393605902
103577.167121556
103654.11007785
103384.174030821
103535.78511409
103418.800122354
103631.977161351
103614.256611931
103501.125431926
103444.395647957
103473.671604115
103443.380403065
103515.282432813
103452.590731242
103463.678637664
103398.655651247
103593.46350458
103502.98571646
103492.118910689
103441.402791782
103527.658539204
103410.680467676
103528.723605192
103545.160535448
103447.802663768
103401.261960781
103391.940250536
103333.566913905
103435.877305217
103573.641658617
103442.820880589
103361.50785991
103556.544203984
103549.683492338
103480.95339442
103446.797945594
103436.762955786
103398.095516722
103384.703051986
103424.686812851
103449.665104303
103553.791555954
103385.258600388
103397.658864158
103522.495488472
103496.778456733
103526.260104893
103445.502084981
103335.72453111
103471.892785095
103348.229997946
103396.630446541
103453.367399395
103486.897003765
103336.031141633
103314.75911889
103524.448055648
103388.371894905
103385.095039446
103508.582715327
103420.261320145
103373.782787166
103342.09278283
103578.345087982
103464.431863178
103409.123125224
103530.845715045
103502.961489748
103494.768961017
103686.441197644
103624.224200933
103442.932226815
103441.433707156
103565.94959845
103507.851427502
103561.95365281
103535.71206245
103390.665622634
103280.327272865
103596.17011197
103514.461339454
103559.914728666
103464.46271249
103642.893337706
103382.92289849
103588.144093072
103519.260022126
103418.16254739
103419.625103936
103438.890868195
103483.915661568
103447.575718451
103423.251737873
103388.347887398
103448.110926509
103436.775539093
