103745.72029823
103754.307056283
103752.34523319
103744.660165843
103727.965810552
103752.155379153
103747.392380848
103734.942239097
103727.481307634
103732.313094545
103748.219716644
103748.219716644
103748.743946448
103747.88720635
103748.652736821
103747.755479533
103748.385019185
103745.582072846
103748.591345991
103748.192800142
103747.901740469
103733.484074028
103745.064175699
103752.34523319
103744.660165843
103752.34523319
103751.059807385
103745.57879171
103748.872756089
103745.064175699
103735.634314626
103731.998082022
103754.038395686
103733.680940673
103747.88720635
103735.803604079
103732.993029083
103731.528555705
103751.842973445
103751.743883639
103734.142921395
103748.385019185
103735.880384198
103748.957155752
103747.901740469
103745.441214951
103747.238960903
103751.253704821
103735.880384198
103727.481307634
103744.660165843
103740.267041704
103749.150695049
103750.832919414
103745.72029823
103745.064175699
103748.443974425
103744.362819263
103749.150695049
103732.462272435
103751.252794466
103749.096325305
103747.796716926
103745.257882159
103745.064175699
103745.72029823
103748.76527456
103749.850971786
103731.528555705
103732.837128023
103751.743883639
103748.957155752
103716.114338919
103751.684967788
103733.484074028
103736.783863561
103732.462272435
103751.743883639
103730.145464545
103744.831077154
103731.528555705
103748.192800142
103731.528555705
103749.150695049
103745.930253112
103747.796716926
103747.88720635
103744.831077154
103748.058358245
103751.743883639
103732.462272435
103748.984809489
103730.145464545
103748.192800142
103751.253704821
103737.204696605
103748.385019185
103731.338554112
103750.949066023
103734.942239097
103750.832919414
103734.639725539
103736.783863561
103734.942239097
103752.155379153
103748.591345991
103736.934506945
103754.984239336
103728.064431217
103727.805130086
103755.404706013
103748.782499534
103734.653521416
103733.86622685
103747.755479533
103732.837128023
103748.197041549
103733.86622685
103731.528555705
103747.238960903
103747.755479533
103744.831077154
103731.338554112
103755.189011694
103730.441574019
103748.743946448
103720.839799083
103745.57879171
103748.591345991
103749.150695049
103747.676424085
103732.993029083
103736.934506945
103748.872756089
103745.44222135
103748.385019185
103749.850971786
103731.150066996
103747.676424085
103747.901740469
103750.949066023
103733.484074028
103728.481216298
103736.100403562
103748.591345991
103745.72029823
103745.257882159
103754.307056283
103752.34523319
103754.307056283
103747.535522958
103735.880384198
103733.86622685
103731.338554112
103750.537436575
103745.064175699
103728.261637051
103747.392380848
103748.957155752
103728.064431217
103739.13048661
103730.441574019
103752.046898189
103748.984809489
103736.04240665
103748.443974425
103737.204696605
103750.949066023
103748.058358245
103749.296696468
103748.782499534
103731.150066996
103734.942239097
103733.048588931
103728.481216298
103731.150066996
103748.652736821
103752.34523319
103736.100403562
103750.949066023
103747.535522958
103735.803604079
103748.192800142
103748.872756089
103748.443974425
103733.680940673
103731.338554112
103748.743946448
103745.762467445
103744.831077154
103734.653521416
103747.88720635
103733.966143938
103731.338554112
103749.150695049
103748.429912779
103745.72029823
103745.064175699
103728.261637051
103731.150066996
103734.942239097
103735.634314626
103750.949066023
103744.831077154
103751.743883639
103750.537436575
103748.443974425
103752.155379153
103732.666026886
103732.462272435
103747.755479533
103747.238960903
103733.966143938
103735.880384198
103748.984809489
103716.114338919
103748.058358245
103734.142921395
103748.743946448
103748.957155752
103745.257882159
103744.831077154
103755.404706013
103749.850971786
103745.762467445
103748.385019185
103748.591345991
103745.064175699
103732.837128023
103747.796716926
103745.014814567
103755.404706013
103731.998082022
103720.839799083
103748.058358245
103746.834428294
103716.114338919
103751.059807385
103745.44222135
103728.064431217
103746.094352901
103734.653521416
103751.684967788
103747.591092142
103732.313094545
103747.392380848
103750.832919414
103747.392380848
103735.880384198
103749.296696468
103749.850971786
103731.528555705
103745.014814567
103748.743946448
103732.462272435
103735.803604079
103745.72029823
103735.880384198
103733.680940673
103731.998082022
103750.537436575
103747.11586397
103752.046898189
103731.528555705
103731.998082022
103733.048588931
103747.755479533
103745.57879171
103749.096325305
103748.197041549
103752.155379153
103744.362819263
103747.796716926
103745.441214951
103748.192800142
103749.850971786
103745.257882159
103727.481307634
103749.850971786
103731.150066996
103747.238960903
103748.782499534
103747.392380848
103747.676424085
103737.204696605
103745.064175699
103747.676424085
103748.872756089
103746.834428294
103747.535522958
103733.86622685
103750.949066023
103751.059807385
103733.048588931
103727.481307634
103736.934506945
103745.234187318
103732.837128023
103750.832919414
103748.872756089
103748.743946448
103755.189011694
103755.404706013
103746.094352901
103752.046898189
103747.392380848
103751.842973445
103745.014814567
103748.192800142
103735.880384198
103748.652736821
103745.72029823
103749.096325305
103751.743883639
103733.484074028
103731.998082022
103748.76527456
103720.839799083
103747.11586397
103747.392380848
103747.755479533
103746.834428294
103733.86622685
103736.934506945
103750.537436575
103733.966143938
103747.796716926
103751.925861542
103745.44222135
103748.385019185
103727.805130086
103748.385019185
103732.313094545
103751.059807385
103749.150695049
103748.385019185
103731.998082022
103751.059807385
103745.582072846
103731.998082022
103745.57879171
103748.591345991
103739.13048661
103733.680940673
103752.34523319
103748.385019185
103747.535522958
103731.528555705
103751.059807385
103732.666026886
103749.850971786
103747.392380848
103727.805130086
103751.743883639
103748.76527456
103731.338554112
103732.666026886
103744.660165843
103751.743883639
103728.261637051
103745.762467445
103732.313094545
103751.842973445
103732.837128023
103735.803604079
103747.591092142
103748.197041549
103754.984239336
103736.04240665
103749.296696468
103745.57879171
103752.155379153
103752.34523319
103754.984239336
103747.755479533
103755.404706013
103748.219716644
103752.046898189
103750.832919414
103734.142921395
103733.86622685
103748.984809489
103744.831077154
103739.13048661
103734.142921395
103747.535522958
103720.839799083
103748.76527456
103745.762467445
103745.930253112
103750.949066023
103728.261637051
103744.831077154
103748.76527456
103736.100403562
103750.537436575
103751.253704821
103748.652736821
103740.267041704
103748.219716644
103751.059807385
103748.872756089
103748.385019185
103733.680940673
103748.385019185
103732.837128023
103746.834428294
103731.998082022
103751.252794466
103745.44222135
103745.57879171
103734.653521416
103748.782499534
103747.238960903
103748.652736821
103748.219716644
103748.443974425
103754.307056283
103728.064431217
103734.639725539
103745.57879171
103740.267041704
103745.582072846
103751.252794466
103752.201605859
103745.72029823
103748.219716644
103727.481307634
103747.755479533
103736.934506945
103736.783863561
103748.058358245
103737.204696605
103748.385019185
103748.219716644
103748.76527456
103734.639725539
103731.528555705
103745.014814567
103752.34523319
103731.150066996
103752.34523319
103733.966143938
103734.639725539
103720.839799083
103751.925861542
103745.582072846
103733.966143938
103748.197041549
103745.257882159
103744.660165843
103755.404706013
103745.762467445
103748.058358245
103745.234187318
103715.196693395
103748.443974425
103747.535522958
103730.145464545
103745.762467445
103752.34523319
103731.998082022
103750.753301923
103744.831077154
103747.676424085
103748.429912779
103748.984809489
103740.267041704
103747.535522958
103745.72029823
103748.984809489
103747.591092142
103733.484074028
103733.966143938
103747.591092142
103732.666026886
103748.197041549
103731.998082022
103750.949066023
103728.064431217
103748.000545746
103748.429912779
103748.443974425
103749.850971786
103728.261637051
103733.680940673
103731.150066996
103749.296696468
103735.634314626
103732.313094545
103751.252794466
103747.796716926
103748.192800142
103727.805130086
103745.57879171
103745.234187318
103748.443974425
103734.942239097
103746.094352901
103732.993029083
103747.535522958
103747.901740469
103748.197041549
103747.392380848
103747.11586397
103744.660165843
103747.676424085
103745.762467445
103727.481307634
103732.313094545
103731.338554112
103732.462272435
103747.591092142
103748.385019185
103751.684967788
103748.058358245
103748.591345991
103751.252794466
103745.064175699
103751.925861542
103732.666026886
103716.114338919
103734.653521416
103745.72029823
103747.11586397
103733.86622685
103751.842973445
103727.481307634
103737.204696605
103748.058358245
103747.238960903
103740.267041704
103748.443974425
103745.257882159
103727.481307634
103747.796716926
103747.11586397
103751.684967788
103727.965810552
103745.234187318
103748.443974425
103751.684967788
103744.831077154
103748.429912779
103733.966143938
103746.834428294
103736.100403562
103749.150695049
103751.743883639
103750.949066023
103740.267041704
103747.676424085
103733.484074028
103748.76527456
103755.189011694
103744.362819263
103716.114338919
103749.096325305
103747.392380848
103728.064431217
103727.481307634
103734.942239097
103735.634314626
103749.296696468
103730.145464545
103736.100403562
103727.481307634
103755.189011694
103732.462272435
103733.86622685
103748.443974425
103747.755479533
103747.392380848
103749.150695049
103747.11586397
103720.839799083
103744.660165843
103747.535522958
103733.966143938
103749.096325305
103736.100403562
103744.831077154
103748.782499534
103720.839799083
103745.234187318
103747.88720635
103749.296696468
103735.880384198
103737.204696605
103733.966143938
103754.038395686
103745.57879171
103739.13048661
103754.307056283
103747.392380848
103735.803604079
103752.046898189
103751.253704821
103754.307056283
103750.832919414
103734.942239097
103748.872756089
103749.096325305
103730.145464545
103750.832919414
103747.11586397
103746.094352901
103744.660165843
103733.966143938
103748.058358245
103749.150695049
103748.591345991
103733.048588931
103736.100403562
103739.13048661
103754.984239336
103748.058358245
103747.755479533
103749.096325305
103733.966143938
103732.993029083
103739.13048661
103754.038395686
103748.782499534
103746.834428294
103744.362819263
103745.234187318
103747.796716926
103751.684967788
103734.142921395
103733.680940673
103734.653521416
103748.652736821
103734.142921395
103733.680940673
103747.238960903
103748.385019185
103744.362819263
103751.743883639
103745.762467445
103735.880384198
103748.872756089
103748.872756089
103736.783863561
103736.100403562
103749.850971786
103744.362819263
103747.755479533
103731.528555705
103748.058358245
103744.660165843
103746.834428294
103749.150695049
103731.528555705
103720.839799083
103750.753301923
103716.114338919
103746.094352901
103734.653521416
103732.837128023
103736.783863561
103733.048588931
103751.743883639
103745.44222135
103728.064431217
103747.11586397
103744.831077154
103745.72029823
103748.443974425
103748.743946448
103745.44222135
103733.86622685
103733.680940673
103735.803604079
103736.100403562
103733.86622685
103747.88720635
103731.338554112
103745.441214951
103736.100403562
103750.753301923
103747.535522958
103745.014814567
103748.782499534
103747.901740469
103733.484074028
103732.666026886
103737.204696605
103745.44222135
103748.219716644
103751.925861542
103752.155379153
103752.155379153
103748.984809489
103733.966143938
103751.842973445
103749.150695049
103731.150066996
103748.443974425
103744.362819263
103727.965810552
103755.189011694
103748.443974425
103748.984809489
103749.296696468
103748.782499534
103745.014814567
103754.307056283
103744.831077154
103735.803604079
103745.014814567
103740.267041704
103748.872756089
103747.796716926
103754.307056283
103747.238960903
103749.150695049
103751.684967788
103752.34523319
103734.142921395
103750.537436575
103730.145464545
103735.880384198
103749.296696468
103727.805130086
103745.582072846
103734.639725539
103747.88720635
103752.201605859
103728.261637051
103747.11586397
103748.743946448
103748.219716644
103747.901740469
103754.984239336
103747.11586397
103748.957155752
103727.805130086
103748.000545746
103748.984809489
103745.014814567
103736.04240665
103745.064175699
103733.484074028
103751.253704821
103749.096325305
103735.803604079
103745.257882159
103740.267041704
103748.192800142
103745.257882159
103747.676424085
103715.196693395
103747.796716926
103720.839799083
103751.252794466
103745.72029823
103745.014814567
103750.832919414
103752.34523319
103748.591345991
103750.949066023
103747.755479533
103736.100403562
103747.676424085
103739.13048661
103736.04240665
103748.591345991
103733.680940673
103745.44222135
103732.666026886
103731.150066996
103750.832919414
103747.238960903
103716.114338919
103745.57879171
103751.684967788
103747.591092142
103748.197041549
103732.313094545
103750.949066023
103747.238960903
103739.13048661
103754.038395686
103752.155379153
103755.404706013
103751.925861542
103755.404706013
103752.046898189
103728.481216298
103736.783863561
103745.72029823
103727.965810552
103752.155379153
103745.44222135
103731.998082022
103733.680940673
103750.753301923
103748.219716644
103746.094352901
103747.591092142
103747.88720635
103754.984239336
103716.114338919
103737.204696605
103747.535522958
103745.44222135
103750.537436575
103747.755479533
103749.296696468
103752.046898189
103728.481216298
103736.04240665
103746.834428294
103749.850971786
103754.307056283
103752.155379153
103745.064175699
103745.57879171
103748.984809489
103739.13048661
103748.443974425
103734.942239097
103748.652736821
103748.219716644
103747.238960903
103746.094352901
103750.753301923
103747.901740469
103748.743946448
103747.901740469
103750.753301923
103752.155379153
103752.155379153
103727.481307634
103733.048588931
103750.753301923
103748.652736821
103750.832919414
103748.957155752
103747.755479533
103715.196693395
103733.966143938
103752.34523319
103730.145464545
103751.684967788
103748.443974425
103715.196693395
103747.591092142
103752.201605859
103735.880384198
103747.88720635
103750.949066023
103748.443974425
103727.805130086
103755.404706013
103733.680940673
103748.000545746
103749.296696468
103747.676424085
103748.429912779
103737.204696605
103740.267041704
103736.934506945
103733.86622685
103747.238960903
103745.234187318
103733.484074028
103731.528555705
103745.234187318
103733.680940673
103751.842973445
103727.481307634
103747.796716926
103751.842973445
103750.832919414
103730.145464545
103748.984809489
103732.313094545
103749.096325305
103732.837128023
103744.831077154
103747.11586397
103736.100403562
103733.484074028
103748.429912779
103750.832919414
103748.000545746
103745.014814567
103727.805130086
103732.313094545
103748.957155752
103746.834428294
103734.653521416
103727.481307634
103751.743883639
103748.000545746
103732.993029083
103754.307056283
103732.666026886
103748.197041549
103750.832919414
103736.783863561
103751.743883639
103749.150695049
103727.805130086
103727.805130086
103747.901740469
103736.100403562
103745.930253112
103752.155379153
103749.150695049
103747.591092142
103751.059807385
103745.234187318
103731.150066996
103747.796716926
103750.537436575
103748.652736821
103745.582072846
103748.76527456
103748.058358245
103745.44222135
103735.880384198
103747.901740469
103744.831077154
103736.783863561
103730.441574019
103749.150695049
103747.755479533
103748.192800142
103746.834428294
103752.34523319
103748.743946448
103745.762467445
103754.307056283
103727.805130086
103715.196693395
103748.743946448
103748.000545746
103754.307056283
103716.114338919
103715.196693395
103745.72029823
103736.100403562
103733.680940673
103747.755479533
103735.880384198
103728.064431217
103747.901740469
103746.834428294
103747.755479533
103747.676424085
103751.925861542
103754.984239336
103749.850971786
103744.362819263
103746.094352901
103746.094352901
103747.901740469
103740.267041704
103752.201605859
103745.234187318
103749.296696468
103732.837128023
103747.676424085
103736.783863561
103748.385019185
103747.88720635
103732.837128023
103749.296696468
103731.150066996
103750.753301923
103749.850971786
103752.046898189
103749.150695049
103752.34523319
103733.86622685
103731.998082022
103737.204696605
103748.984809489
103747.11586397
103748.782499534
103748.429912779
103749.296696468
103735.634314626
103745.582072846
103752.155379153
103745.441214951
103745.441214951
103751.253704821
103746.094352901
103747.535522958
103748.743946448
103748.058358245
103752.046898189
103747.591092142
103747.796716926
103748.782499534
103735.634314626
