103397.838901053
103530.018840325
103499.521005464
103323.148686401
103343.092615804
103526.870478914
103460.497014794
103503.223682915
103387.485257597
103599.861324895
103541.941056842
103531.012542921
103430.372697057
103472.855345647
103418.013039453
103525.166575366
103467.106469786
103536.641225913
103452.665111968
103526.019217855
103249.729255364
103533.119066426
103394.640498149
103500.897722137
103383.352428538
103393.582997451
103679.409759333
103470.83383302
103679.943576604
103327.009219073
103385.444217266
103569.377929577
103406.028268992
103585.860722829
103482.53737008
103385.275126495
103426.572437268
103489.021310643
103458.011418703
103330.543728182
103534.921625277
103425.03780089
103528.332796228
103633.244032104
103514.99314826
103558.567921994
103570.169186478
103553.211926056
103425.898319692
103550.540576685
103488.347564693
103332.846604273
103349.561300783
103522.416478525
103372.075239022
103669.209588842
103502.390746626
103526.394899895
103547.18839691
103536.907686996
103562.244988724
103412.378905282
103493.583720153
103518.271217554
103389.646418402
103587.061959849
103515.307978938
103373.578865416
103598.245014522
103451.66489544
103392.513769741
103325.044206823
103512.106855314
103369.827120196
103482.895701655
103511.889382953
103355.470082476
103370.149182505
103397.333063068
103550.768380596
103422.1553172
103371.590948532
103405.090532173
103394.96864446
103503.195486307
103349.422743589
103290.67682696
103453.576182313
103542.745437593
103519.580690072
103624.898827673
103411.997381149
103490.615699436
103471.387474026
103522.406442564
103455.592157999
103600.021208969
103384.092616767
103436.7258729
103408.304240676
103426.088737895
103535.328964378
103573.12430442
103300.593223427
103532.789017199
103510.640500179
103538.178609323
103507.104965328
103525.712142808
103489.107584781
103427.817792035
103419.955324905
103413.559047597
103403.81372279
103399.005498923
103472.206950467
103571.236059745
103495.650111424
103417.147119334
103408.451807958
103385.039935994
103483.695012897
103562.185196624
103592.920995135
103399.846212316
103283.060176698
103292.096953851
103273.979293474
103383.996075972
103457.21608073
103433.586423648
103402.935306222
103557.948679288
103551.742749708
103565.190145323
103418.357581828
103487.505090392
103436.077547588
103360.267468689
103524.934241154
103455.473857836
103527.295540603
103421.988053545
103394.194573612
103443.111923534
103487.84956032
103436.15129932
103473.080809924
103434.99396789
103509.355748084
103618.128756173
103442.727929626
103521.720318102
103418.23452
103385.114644344
103463.86878297
103495.102657649
103454.076522495
103433.294693102
103559.493574738
103432.202177385
103575.531841041
103477.053738773
103257.981481193
103534.839345177
103435.183776783
103584.323929685
103390.226694669
103378.075247901
103385.641359929
103590.37334805
103517.306456797
103500.572268449
103461.164164103
103399.418483037
103683.938963109
103451.145259528
103453.0240111
103484.832105858
103250.742067768
103493.943298337
103554.842081774
103535.652050997
103557.013450258
103512.736610067
103421.735577553
103462.744127889
103401.238763757
103441.217852949
103379.832560882
103481.161924199
103455.624387529
103411.604296767
103564.847297669
103403.624820843
103467.039646361
103506.39834969
103508.697539927
103510.88382183
103459.064227885
103497.871254453
103501.577725946
103398.357755132
103460.16174659
103404.02487578
103398.038012704
103596.500859548
103406.466395686
103434.178413264
103455.142142519
103525.640838766
103534.540426408
103536.830855383
103516.48851179
103440.6493264
103527.430274225
103520.242166871
103281.437733641
103456.747311606
103381.220103267
103433.898758101
103405.662240124
103584.993730131
103557.924099023
103443.315867365
103533.389245685
103527.959960533
103442.526026898
103353.446812814
103477.960085865
103467.268429795
103511.482416738
103415.747965802
103493.098281766
103365.146431666
103432.153469246
103345.434812794
103403.262296305
103546.851897766
103541.722643934
103547.153296793
103563.576238735
103313.071591091
103633.959925329
103383.173733105
103329.825413716
103502.082212662
103356.548600431
103347.515259017
103598.459582507
103336.124226614
103455.259566768
103458.902549044
103528.770243485
103587.974156699
103483.720740123
103537.812814202
103465.113708662
103397.439071273
103511.266663581
103507.330156192
103471.254203728
103567.97971663
103508.742704945
103503.384501289
103560.646980487
103502.654611744
103459.796804152
103423.35170941
103517.051053523
103406.300596084
103475.925476546
103597.743508797
103426.661829451
103441.394637994
103371.252138168
103441.939048447
103498.97304761
103618.759759615
103525.271677793
103394.688292279
103486.256377294
103670.552444644
103605.580547054
103307.390681431
103572.112889451
103515.012663988
103546.748484607
103428.229425866
103507.086831837
103508.974211629
103543.101184968
103427.838082524
103539.114999119
103351.442159356
103701.305631408
103433.865873921
103457.101237843
103350.93227399
103414.059174302
103483.195578744
103432.442274823
103383.933817247
103252.779129219
103505.603160964
103570.18702838
103402.036249782
103425.987795279
103278.306750967
103528.385661264
103486.465332049
103577.105778953
103471.831860217
103490.527591026
103411.758828365
103479.217510921
103559.720796293
103488.78593649
103586.584453878
103504.525713318
103442.037494994
103334.336760065
103337.01643517
103300.961388609
103337.827686188
103374.585946903
103531.17707892
103615.195001215
103490.990591663
103511.978989653
103491.520045845
103490.044295511
103403.078150277
103526.491318281
103527.970662421
103374.048789857
103571.415740664
103468.643432414
103464.003202409
103501.754939878
103432.202626566
103508.535697193
103527.883521968
103482.64546541
103431.198671232
103397.948468206
103531.713733868
103516.575574423
103296.964872776
103533.865679921
103326.945595093
103435.640071848
103486.658041263
103487.1012857
103524.143862178
103578.521175557
103294.172452443
103512.711897379
103452.08320796
103446.400850521
103517.051532028
103472.852935267
103348.598393032
103350.430438987
103506.15129618
103529.491406814
103515.164802502
103513.597373103
103563.570594996
103584.241885323
103500.237556837
103578.151179676
103578.528918098
103298.107407314
103470.105669945
103489.427232489
103322.150895671
103331.944700114
103356.86555238
103378.713106707
103507.112201069
103511.574875284
103462.12827451
103585.212017304
103419.553839806
103512.046384106
103425.019967016
103568.235807373
103631.138078162
103381.416745151
103474.528379843
103277.543588389
103486.769245467
103356.583743173
103465.024315629
103503.036418644
103383.04224707
103333.561926426
103541.568722239
103515.75414555
103563.771562225
103456.738345321
103494.068287581
103567.972156967
103383.022823707
103471.572259698
103555.546281176
103280.107797738
103489.13230764
103428.801931016
103491.120140134
103538.4959562
103483.575446106
103320.851044647
103475.339258838
103484.94067162
103495.308340506
103385.39825411
103408.393653625
103558.890958441
103511.348893801
103590.250460626
103612.741808727
103388.659848422
103450.755974266
103516.348409517
103579.819307527
103495.913296277
103369.342266251
103322.95307886
103540.560777131
103320.723257499
103432.402003744
103432.970758472
103535.317477528
103467.998136342
103383.590206001
103466.236614623
103584.638050042
103419.507170838
103501.004910252
103385.982399777
103521.868720511
103552.800664364
103604.723230249
103492.175435032
103409.211543956
103508.553678934
103584.982062583
103522.631929536
103572.595899519
103509.841141909
103476.430030332
103579.568067498
103441.434116234
103692.555666926
103556.322464932
103637.637949827
103543.921926947
103525.580273508
103416.967919542
103591.132636704
103485.594561056
103404.112246379
103437.625584158
103494.007070016
103539.30578267
103435.747432701
103565.363980193
103356.571112047
103271.935854128
103518.984397377
103517.338561036
103544.689177827
103492.230518321
103540.502705161
103324.600192948
103320.02629727
103399.27922631
103395.083840561
103391.73313186
103515.070310408
103417.602891414
103349.720163956
103373.598790372
103535.591026196
103437.897849042
103508.237659626
103605.578634307
103507.800465533
103337.802622539
103366.76902068
103461.791856263
103543.196989386
103340.220935631
103501.466703162
103394.355070701
103424.26081599
103355.913235765
103476.900562668
103654.994862031
103410.008347867
103571.808416367
103606.652722185
103487.983398325
103572.74459587
103447.556519563
103472.042297974
103389.550678302
103513.34455926
103540.629601212
103389.704385223
103488.519639816
103451.933568207
103409.010212383
103534.308308389
103512.161489773
103409.133914189
103548.31679785
103491.969224818
103433.619055398
103463.149379003
103655.293325851
103358.342468506
103544.35883293
103392.735243181
103467.592842645
103399.039116876
103358.938335491
103383.191859376
103496.451925764
103430.173632684
103546.026850025
103639.477021648
103385.603001631
103578.600051981
103388.675831019
103342.586592349
103257.633761743
103416.952427275
103497.422961067
103329.11658769
103601.334156252
103452.554223797
103459.98755361
103459.193923752
103611.02422207
103640.563988177
103513.954893461
103601.225139199
103633.1790406
103383.894553511
103455.033434713
103357.454649731
103511.491128474
103506.042636515
103588.862204717
103530.00871309
103497.313504467
103491.770353531
103400.461008888
103440.337108262
103507.631168743
103463.420244826
103471.107209985
103569.808689248
103321.781797373
103578.955771929
103396.624282087
103480.052848986
103517.146176457
103555.725681437
103591.334698449
103624.4494314
103427.276582829
103370.885718144
103538.621629318
103434.988201501
103592.342809915
103594.096073295
103405.157886425
103363.100414312
103469.078253275
103400.277452506
103491.777391499
103534.274085177
103451.909673972
103516.834799468
103535.205895336
103479.04097509
103640.979309498
103580.464745815
103459.522544969
103356.797152365
103555.983828377
103381.50528529
103592.138275398
103516.554089218
103239.851363174
103366.278113193
103560.744458272
103495.48726024
103491.362276281
103528.417485636
103365.068348784
103507.556645149
103370.882219413
103306.190516431
103577.878097999
103615.516578205
103480.851562953
103559.198007858
103400.626447289
103436.725580871
103496.873282276
103407.445393874
103493.365259007
103549.749661566
103484.055434672
103500.385883456
103368.17572988
103424.874705464
103456.292396715
103429.214058369
103488.775333248
103554.748759156
103425.354186364
103475.652800565
103629.72892847
103403.972631433
103340.172009819
103253.845340658
103395.4097119
103510.158930579
103506.965874913
103577.017556145
103696.825296835
103544.299366316
103547.372466298
103375.550959724
103567.890296889
103484.480480594
103486.051418641
103367.429897611
103315.182805944
103604.563926088
103559.851997492
103530.436144481
103571.830349228
103560.893259879
103560.433931746
103520.288592373
103413.081341096
103518.77304022
103431.36949446
103333.459244013
103484.164987026
103519.868787232
103524.425567905
103455.960881976
103500.212643788
103180.882355648
103608.385466815
103655.282506389
103412.480061926
103486.682277677
103523.283697186
103365.190735596
103507.827266621
103333.561730396
103426.720818816
103489.226731972
103633.435404493
103621.239074753
103377.662299055
103567.049225374
103253.301371765
103470.488902799
103424.849630496
103476.493406828
103357.902588989
103293.442226642
103436.675359493
103498.04102754
103586.851054357
103450.276133231
103453.942688366
103530.942299255
103463.358763571
103505.371151058
103303.729796715
103563.692998007
103412.747080801
103373.086866459
103535.727957997
103411.337136989
103407.269914755
103513.049886772
103474.624643898
103362.67719264
103496.035423213
103460.856176806
103388.39564081
103464.138170067
103464.169761752
103432.247941989
103541.800835448
103497.81319669
103450.921058524
103370.143968601
103425.761605049
103535.259234079
103342.392342265
103530.797051633
103411.305605567
103598.899996696
103630.8670312
103527.574014352
103531.665027585
103428.449415637
103554.422340807
103451.152568084
103428.363319607
103447.997724473
103576.782817923
103461.796645215
103640.727024042
103513.769367483
103619.706368186
103451.684587344
103432.368422145
103560.218198606
103397.10887089
103445.015459288
103468.441906096
103536.945252218
103538.230966473
103504.494241389
103549.64923657
103462.860714813
103336.810623629
103305.115741469
103413.711034137
103533.979827253
103333.740961955
103538.629926329
103409.132910164
103380.335992853
103518.714639738
103388.866348272
103415.611578904
103508.111284103
103505.025640338
103411.817106243
103528.837533185
103485.66352049
103561.075147221
103579.47578896
103336.700691466
103426.112074078
103543.01431825
103411.976679391
103363.285038716
103585.016756174
103390.230078126
103618.540328183
103398.543202902
103497.622354927
103370.53506767
103556.217982898
103505.202430191
103546.583678573
103487.954721347
103325.320917214
103523.592608819
103545.837595259
103436.818269694
103484.290468487
103426.449055235
103269.437882368
103521.750306016
103538.437538511
103458.032242329
103331.711560014
103549.504485128
103449.202774627
103558.125459592
103541.641288656
103551.947527252
103200.599756244
103611.60729036
103560.645799427
103551.31732001
103469.420248678
103402.418817685
103379.335577152
103407.873942145
103274.267476282
103502.36556409
103535.299193972
103465.334163283
103500.000692433
103500.072962918
103556.489277469
103379.025387068
103495.849519729
103596.414533448
103702.580083607
103482.595564045
103451.060514684
103324.556622993
103468.485242281
103508.235928305
103353.12265435
103300.664441605
103474.825295161
103431.684145706
103370.804400383
103312.600695632
103556.897346705
103612.299997556
103494.918948332
103652.18766713
103396.723907358
103480.575378062
103596.857094349
103437.999564973
103527.460401889
103453.33645539
103440.326633003
103513.076985152
103402.338734508
103406.25297576
103454.695785889
103543.755617817
103420.04887889
103416.848012408
103560.899096856
103626.758922054
103413.540505583
103530.295152509
103468.710790272
103307.69277267
103429.666996844
103383.362191124
103547.736092748
103459.579014286
103462.298895389
103385.896697042
103563.153005694
103345.570303062
103579.313904401
103389.792718586
103496.897308037
103584.539587056
103432.593149978
103468.459876136
103349.272875687
103465.512144149
103412.001127526
103491.9509468
103374.06172763
103540.939982577
103625.924518009
103549.658636891
103427.41041358
103476.660621888
103609.104892113
103445.630293369
103538.086686188
103517.758361222
103470.149317854
103390.986978282
103435.56179628
103321.489795622
103352.632248103
103544.428094713
103479.796041113
103544.801318932
103506.884022445
103369.361700553
103355.984800331
103483.274296281
103580.946932489
103528.577318829
103386.338866209
103435.337307607
103595.096831512
103335.848161962
103620.119837279
103333.983059303
103407.445683681
103505.866637528
103562.633262366
103308.673957263
103429.211376474
103584.715636095
103410.959678013
103472.745048602
103366.464776084
103452.844356292
103540.193569312
103525.401011808
103478.860959441
103340.730249363
103549.649073231
103444.009300601
103346.133363075
103268.127515564
103497.709330321
103539.27293429
103502.13108101
103436.234885015
103446.976669688
103550.567012959
103235.107999502
103517.233081233
103543.973268741
103494.299675751
103358.841840537
103514.447129585
103268.632914674
103373.947866559
103484.769660027
103360.326679616
103539.047152795
103553.675156617
103624.079897491
103213.878920947
103515.355946776
103594.109994647
103547.969759135
103515.74536005
103485.454212606
103412.466076462
103433.091447516
103569.517193186
103591.489553081
103472.585384157
103580.443323955
103318.635555713
103605.824796097
103659.52903216
103486.752702544
103470.341786379
103369.968649534
103295.14487546
103484.782206641
103561.19966919
103372.2305616
103522.530144948
103425.30224471
103539.077630887
103516.749349575
103411.886723237
103545.634750699
103570.772649753
103547.360948683
103555.202660024
103521.980285181
103392.436511211
103581.640044357
103390.141626519
103447.188510309
103453.412038105
103430.184366739
103439.857142338
103474.119804796
103669.662176862
103533.935313551
103430.504517766
103601.456425899
103469.891913461
103556.268532586
103458.771681329
103565.825375576
103491.513673835
103363.356835862
103514.622400035
103517.273679202
103433.79742836
103372.184695679
103520.603912822
103328.353560228
103467.565880201
103445.966873301
103474.238275539
103417.956350402
103337.37962112
103531.4133997
103420.341129704
103569.750951135
103457.541546753
103368.184677263
103381.161021132
103414.294939771
103446.5112007
103597.998588738
103452.192771277
103404.208599741
