103381.554855564
103395.257305729
103398.094766062
103358.701918075
103382.778650914
103362.95065342
103359.162540481
103387.96912386
103416.554472291
103347.610077005
103392.022684948
103392.413701047
103363.372458751
103369.88287421
103384.232017681
103384.053211968
103386.740398152
103362.081121001
103355.904458636
103384.134505754
103382.103818912
103382.222624482
103415.040203863
103345.193587788
103368.97436429
103416.748897244
103383.492280769
103388.515981577
103365.632679835
103370.323517387
103420.29264599
103401.037069513
103404.644416381
103409.785030723
103386.413408084
103389.093576926
103348.701643504
103382.174515418
103375.971924778
103380.783072698
103390.191271222
103426.766291908
103381.989750758
103395.917503167
103434.20937369
103400.750825869
103277.081538447
103384.814637336
103397.59874499
103396.061569996
103362.36241689
103392.195090865
103431.32929512
103348.854697669
103383.635057821
103291.844452627
103418.703262783
103331.018486022
103391.638438846
103390.545849943
103360.628626262
103353.251882548
103363.996923101
103366.674089182
103373.34063439
103369.425454787
103387.639597354
103336.790652442
103417.184464554
103425.875696482
103340.452199043
103406.599235206
103418.686169223
103350.237136774
103417.447374104
103392.819296008
103392.903035752
103403.343913134
103373.222785161
103408.0523027
103421.442197179
103382.339027029
103385.049800485
103402.467671081
103417.929038422
103395.334041706
103440.807560044
103401.586288214
103386.644031909
103409.904076989
103422.760604495
103387.565326722
103420.592535603
103374.435523835
103379.484211525
103400.370462728
103405.865093029
103346.818487491
103404.598208356
103393.772533061
103374.647718124
103390.064081633
103419.274206354
103393.396122699
103374.936721646
103327.397836465
103337.225270797
103405.984926962
103371.131686724
103328.87748598
103362.074499792
103397.389154099
103325.390857449
103444.606369937
103430.202887262
103414.898225081
103344.576334699
103399.547736169
103395.571673649
103388.580913967
103402.952655388
103380.590545188
103385.901983169
103392.15336956
103405.283491043
103394.709676458
103365.000786964
103339.623878638
103388.738633871
103380.087733048
103433.891552867
103385.163611118
103378.660946359
103383.753743962
103362.061034073
103374.869874639
103406.15085145
103415.102734908
103383.281968822
103414.627280149
103384.533789711
103381.396095358
103364.406540896
103316.651739617
103404.950703923
103387.473134955
103373.601968377
103402.986864886
103422.699560347
103398.925357877
103386.130784433
103396.000286177
103361.172212642
103382.814813507
103318.637360604
103392.708853446
103294.919278177
103374.307618541
103335.867884318
103382.749968613
103364.314001217
103384.422318101
103304.041387488
103393.101837204
103329.214070876
103402.945749827
103363.416025533
103423.90249167
103349.797505735
103408.66594623
103381.182006653
103402.670664748
103407.299037982
103395.85058282
103398.244949433
103364.81319496
103395.446086643
103380.007601887
103399.791604187
103403.813137593
103391.260320709
103367.02438188
103365.126741079
103321.243514735
103366.606448478
103410.386423197
103412.471382516
103407.039931916
103372.140703454
103383.444230488
103368.322915556
103387.963645528
103323.015008454
103396.077236179
103395.372587373
103355.818380571
103388.234924107
103361.435741703
103379.928690456
103380.527989115
103361.039404571
103367.065930838
103366.53294931
103384.959130505
103361.532996686
103373.962369639
103317.580145011
103382.237011397
103349.198030976
103384.41688448
103394.162788803
103396.45090625
103391.077291122
103407.069486346
103388.980667005
103380.107917735
103392.344150269
103388.145564886
103387.009230193
103334.487069801
103388.740704222
103395.440519057
103397.75158607
103394.165872816
103380.368280596
103365.990814038
103385.743706164
103397.021190558
103424.788680647
103380.070920047
103423.258136539
103362.219241073
103345.524852534
103397.821815967
103330.36659065
103355.068732114
103329.249858672
103367.800137187
103370.723480273
103370.577728958
103371.543130031
103379.993177481
103417.522745946
103398.348835957
103395.159234123
103404.366414432
103383.770422579
103382.198779428
103378.030032063
103401.88683559
103403.423801101
103372.752947305
103398.030918611
103385.520864152
103393.01192712
103318.957995609
103403.755472922
103399.456683689
103396.072194609
103430.45456318
103371.035021434
103397.860458617
103375.821150628
103384.829384429
103377.884352722
103408.599498463
103402.308793077
103375.220780414
103333.814737752
103377.538486067
103326.848601169
103397.619689619
103396.421482807
103344.734294038
103384.400147522
103381.80272387
103402.480842816
103396.273710546
103376.785117342
103329.125343914
103401.503379342
103398.533248169
103368.359833935
103365.327114746
103422.144658426
103404.766127883
103381.800912081
103395.903210781
103389.828040614
103380.673219394
103396.054274158
103325.476467691
103319.058403215
103398.295083676
103433.739404141
103412.388740905
103419.593600425
103396.754496374
103411.799216313
103341.546922937
103363.499955784
103336.002540783
103368.406989836
103380.372094673
103327.308610209
103381.228408044
103369.277976808
103403.267582467
103411.053043749
103374.168760448
103347.028141096
103399.928453406
103380.860149158
103403.694420943
103375.580492298
103380.728833164
103360.687423216
103325.319881015
103429.914969232
103371.160511784
103382.818263556
103404.833221863
103314.351092208
103418.025500985
103450.017410302
103366.241775101
103394.88853109
103385.904631531
103425.094110151
103359.32889804
103322.745520842
103377.09104665
103372.400112598
103337.351577705
103387.197474289
103379.306210665
103356.345760283
103422.863336284
103376.342416383
103368.891108429
103410.489555583
103382.560862568
103386.395354707
103381.594221779
103353.752860931
103393.992658539
103432.535395475
103366.656051895
103342.492584015
103334.877812585
103351.320290274
103383.028215039
103342.473258038
103422.317223944
103438.041868982
103371.158585515
103383.944550932
103395.242837552
103423.168388704
103322.554419327
103325.142446029
103425.338637243
103325.86937591
103398.037603836
103332.017811621
103377.533519024
103371.82017554
103376.714281724
103415.609243154
103348.721739489
103353.881724659
103398.320103431
103435.186066524
103382.460089541
103406.553315151
103438.977645329
103397.413485298
103379.551970931
103371.827125216
103413.822900496
103437.904358311
103386.595269556
103352.538499087
103383.225910343
103351.267323119
103345.264065939
103388.795871728
103394.414900131
103397.934722574
103369.960894559
103319.175237603
103321.252126579
103385.710153719
103346.032664722
103395.160907225
103409.550504555
103396.401745903
103371.902700289
103369.605616719
103407.656919233
103340.034180068
103390.570173389
103351.715813238
103385.326444198
103410.629794152
103358.339118885
103372.8393124
103400.278534839
103411.543591968
103370.364378995
103349.7899088
103357.264949888
103345.438740871
103408.800127449
103396.609894247
103394.838985448
103341.883145647
103361.626922405
103391.6822798
103380.850692876
103366.341795224
103352.914497885
103372.948188638
103396.5148246
103371.334405381
103397.792575582
103357.400198431
103370.258583007
103401.538656534
103421.918793456
103392.923728672
103398.603875721
103386.511026112
103380.329023321
103348.3865067
103395.06239242
103416.943753689
103401.724421522
103411.251252157
103427.418583404
103414.189491568
103350.302906201
103373.895832436
103391.496109263
103395.352931595
103395.514576328
103379.989035128
103383.350531715
103378.935213766
103364.092257636
103381.607421669
103377.088178185
103383.702511127
103360.824458927
103393.38474957
103416.788715762
103343.846428105
103402.823645417
103390.021799976
103412.534489731
103356.826123965
103381.802904062
103387.402435472
103386.447279578
103357.94566549
103412.45438329
103377.961478998
103423.40305323
103385.947191698
103394.73800974
103321.605609295
103380.073241066
103390.567358675
103406.719906837
103406.381748329
103417.836543006
103404.445986367
103390.487830442
103381.757118216
103387.804045076
103413.318516109
103384.380945583
103421.667178201
103342.979937441
103384.841334275
103401.260257221
103371.869743394
103390.594519478
103353.327781527
103380.245531416
103403.564743378
103402.368468931
103395.749823164
103324.101324755
103432.615997001
103334.240250729
103402.569972426
103357.839001152
103412.233214934
103385.415060332
103363.117219715
103404.967544617
103354.762592793
103423.21328957
103377.58621752
103410.019148726
103395.691274831
103391.972215667
103389.013622202
103389.483094507
103369.5606086
103399.56517785
103412.072965009
103401.942534043
103335.230286279
103395.037395699
103372.068352522
103371.425756884
103330.174186077
103368.768838646
103367.140289261
103360.135117955
103356.641516186
103395.298635768
103348.896687121
103354.240985235
103411.654919045
103397.035749596
103372.795407147
103383.228347764
103360.041709702
103407.773086264
103363.29407624
103351.678593281
103376.524369967
103384.696458769
103359.536014533
103388.137216268
103386.598831524
103365.049862025
103345.193180739
103396.448565201
103373.387748427
103372.366586185
103404.118851899
103407.445138698
103378.851477045
103366.541633962
103337.639116926
103372.101011089
103382.716117505
103389.765592984
103351.857948884
103394.720027188
103382.822688779
103349.406446409
103362.029168464
103354.374810053
103381.119313555
103344.290516152
103322.003949484
103422.103790558
103406.072035833
103387.630338842
103407.806664062
103395.15077027
103330.36656751
103363.727205914
103378.097295799
103393.582352529
103356.706181223
103387.617196985
103346.366877778
103310.358048627
103401.230713763
103333.519603066
103408.612790514
103305.54128397
103382.867903266
103384.596733766
103370.037312308
103371.533851141
103376.839276512
103332.036041092
103400.746731163
103391.74804251
103370.822194156
103384.689836378
103390.101621781
103328.005938886
103422.579321703
103397.024357763
103412.893372856
103417.377089221
103388.59364245
103379.181024416
103341.942029292
103333.483224978
103364.744218236
103376.107525011
103364.155410117
103359.068155366
103396.700878206
103379.144031625
103382.810938501
103352.114539345
103407.481577646
103376.994458729
103385.485832479
103395.725902652
103390.890541449
103418.509185817
103399.577832563
103390.48450215
103405.373388883
103331.38594005
103308.209448667
103334.185225685
103351.103837606
103389.364861006
103401.602186462
103397.053135591
103397.715150517
103376.583344005
103405.2081562
103383.680854387
103431.030359409
103347.897019945
103420.453319085
103405.844331349
103388.945095758
103362.372695621
103369.281662282
103334.636018541
103349.757663056
103412.265166665
103376.811030254
103378.253305455
103376.406546461
103375.059074788
103401.103236795
103422.333090025
103359.638767467
103373.472543255
103355.354005167
103403.432914243
103382.812860607
103364.409527198
103418.532126762
103370.867659009
103374.397549928
103391.836405516
103406.495934331
103341.214482223
103387.330606103
103385.704930296
103377.995593246
103384.919861653
103378.976579713
103388.125908126
103370.821804235
103370.111367354
103381.480298218
103337.863005417
103391.946443395
103416.963816573
103391.263904166
103375.20338205
103349.584669274
103323.579644859
103368.33543084
103347.105122095
103400.350560202
103359.153713662
103338.611722768
103368.387613444
103392.166602853
103394.269914718
103367.837276802
103413.686430698
103401.547107698
103350.199878934
103370.454964653
103410.003582297
103364.594161269
103381.483718255
103373.304139956
103358.940248932
103413.821889378
103320.929448613
103394.765841772
103364.773224135
103369.815131415
103411.719959512
103375.067659749
103404.194540717
103374.256625888
103388.078599539
103384.503153113
103312.608127866
103391.91743145
103342.790105875
103403.364380451
103419.354315556
103395.251206509
103388.989458143
103395.69119739
103380.921405048
103310.842869074
103399.843225043
103403.650839539
103401.982941871
103377.954928439
103368.710227493
103367.013857403
103330.796531194
103367.256582263
103366.18938741
103320.166834669
103411.881698897
103379.595380472
103385.15632017
103300.509092508
103408.213273664
103352.900921079
103397.277892426
103364.428157305
103354.688511714
103362.649917219
103389.217358779
103385.487575024
103430.94184774
103402.399001154
103408.835626776
103389.369597901
103390.440053855
103394.798632105
103344.006564284
103414.228893565
103394.309670919
103381.944866958
103371.874144493
103367.535052867
103385.380770137
103411.041802514
103361.958421554
103389.288793241
103401.62561542
103366.779427233
103356.27356116
103395.020412607
103375.047009438
103402.320035544
103388.930310819
103359.054305259
103371.258899486
103377.59637639
103364.323921137
103401.801024474
103374.057895342
103410.125214581
103387.219089806
103366.183374534
103373.938400858
103398.892291807
103323.442886933
103407.274247703
103365.025024891
103397.761462351
103353.117052434
103380.95289571
103367.813882332
103381.845902649
103376.207648711
103349.965411667
103336.259688953
103340.430467449
103366.76787453
103389.82495488
103411.391989197
103379.479787258
103368.609977496
103417.942168525
103363.907877917
103364.380066726
103395.842691069
103367.992412958
103378.439866163
103411.183680632
103398.799049717
103380.42204187
103376.390403802
103423.828138053
103392.953298385
103305.237162025
103364.339035309
103352.809942293
103384.023332714
103400.5653666
103425.372375519
103404.368737197
103377.325065357
103398.252795181
103421.699156321
103383.867564516
103351.185678986
103363.699407745
103353.583965068
103352.136020598
103414.582162037
103392.876807523
103365.491722669
103404.561307776
103364.381693925
103366.072296256
103387.703132832
103317.038612236
103364.664470196
103407.446135394
103350.33051819
103358.999607286
103360.073991431
103312.864944654
103411.32146026
103382.727756856
103372.605456211
103375.899450129
103318.493254774
103387.76255135
103416.687599518
103341.996935941
103363.898844472
103343.731963953
103370.254926385
103365.539503398
103384.646234476
103404.940298694
103370.473295227
103440.295660134
103404.052244415
103395.168206554
103409.802193195
103423.094967118
103318.066422121
103416.630338966
103373.716211677
103390.420373622
103409.005260165
103342.229776143
103389.7591729
103393.803821185
103335.681216057
103403.737865869
103356.550482046
103406.200182302
103393.992771359
103364.033912088
103395.734537259
103415.758561678
103379.514659983
103317.19691741
103357.096835096
103372.374849798
103378.148356501
103370.276962058
103340.7498149
103325.66888158
103381.260316159
103409.752162191
103382.350414643
103384.57917764
103373.567701612
103374.076877176
103358.422034671
103369.668144229
103354.954783687
103391.937575935
103363.995775735
103340.548183261
103406.189830953
103371.318071606
103393.931736411
103328.647504134
103303.257204229
103398.198912672
103403.483332188
103386.851041069
103388.688332052
103385.32520643
103333.124645791
103390.313225957
103305.62622801
103385.602521605
103418.485049146
103349.52504692
103389.398748644
103427.017334541
103369.617485048
103361.394434541
103371.553271652
103371.298947772
103409.982203829
103348.714697837
103369.413503886
103353.677453972
103385.203707534
103387.124225986
103407.074001361
103368.540669595
103371.208568093
103380.391356458
103410.528427425
103365.785234874
103432.517054656
103378.591641091
103363.076561521
103374.002939795
103374.234453317
103398.723437453
103400.214037965
103361.655113708
103394.250870484
103390.254144462
103394.693836189
103404.58467979
103394.384625968
103370.077452814
103393.589290523
103307.715025458
103388.47915538
103365.736225333
103361.114782278
103402.767251122
103399.417947063
103390.123978897
103391.823166836
103379.814478331
103405.840710492
103320.168730755
103396.891945673
103330.64057117
103401.824707104
103345.724952799
103423.789036622
103390.675706324
103359.780073555
103411.818411292
103337.410139613
103323.815168368
103402.714291326
103410.762235194
103383.867090601
103383.064469691
103420.057973903
103370.832940838
103386.672541553
103355.760274576
103407.506555694
103415.25324442
103368.277130219
103387.483623673
103371.326467576
103402.821947811
103309.721466816
103394.67823248
103388.025799993
103400.08002519
103386.930861682
103392.83225689
103360.271523187
103347.352641363
103385.477215802
103364.449776482
103383.015233377
103387.313832481
103393.130738209
103432.064878401
103382.934145581
103391.277586928
103355.911001987
103369.521025552
103391.347220315
103401.003011039
103404.104097279
103374.480935185
103371.575986959
103412.649861283
103389.077987041
103375.970764291
103402.806501425
103386.746860968
103373.829921524
103357.008543628
103389.694520192
103342.110749873
103372.099003993
103387.651359491
103362.495714059
103386.124892023
103357.717162421
