103476.037043975
103425.340036035
103479.585874247
103445.434957816
103441.17301297
103443.015771417
103436.896850768
103462.05535273
103450.900540538
103419.588595913
103568.805564744
103466.022911741
103441.359332714
103481.921943509
103436.239235777
103475.988470888
103417.39860979
103462.37038172
103467.832222067
103412.616280363
103435.413606033
103422.998289164
103427.36714299
103418.852014605
103501.210725135
103426.062004031
103407.934799065
103503.32568557
103506.639612144
103414.706967434
103441.528110637
103472.843633192
103458.492687605
103434.630776697
103453.996175813
103467.016431973
103477.319231289
103465.967608851
103424.781464002
103513.921915182
103420.301096828
103418.948005983
103433.883124131
103437.65862178
103548.930042904
103433.398839476
103562.035516284
103424.209826347
103461.471483717
103409.907526003
103457.788731066
103463.511348664
103436.705237349
103452.58211788
103512.302806248
103453.630062206
103429.269140921
103422.396219211
103484.179411891
103419.053588552
103461.23260735
103511.542865046
103543.344393822
103435.207014216
103466.505623437
103482.040166107
103463.767058245
103458.969797842
103538.871155429
103448.371909736
103442.329115604
103458.764070613
103419.160674475
103393.882209397
103487.058596259
103393.170313438
103415.823798767
103475.46531951
103480.066422184
103434.685048178
103480.725959347
103446.439448362
103483.858400505
103454.701215634
103452.662871934
103588.624647456
103440.353513568
103438.049666222
103442.577322435
103400.496706184
103420.1192862
103434.35563858
103424.378034263
103424.510192794
103463.437144759
103498.095059655
103430.627540149
103541.838675846
103439.38540956
103460.630930824
103456.317999969
103547.26820379
103483.503549884
103464.488372756
103438.168502753
103437.407550897
103436.90690709
103441.973807418
103468.366774813
103454.401449205
103475.112118135
103418.115080583
103505.967996877
103438.554564141
103618.277363005
103427.981293578
103444.727232975
103443.174248412
103405.074020981
103423.337694425
103434.282938502
103442.353146442
103448.083221214
103468.759346481
103439.063838103
103431.432787961
103428.760675085
103449.979998272
103549.659440551
103448.376623934
103499.416814365
103463.297844891
103469.758622863
103465.611707218
103429.902386483
103414.949938427
103453.835630289
103434.190090612
103429.080047323
103445.357742328
103451.097814893
103462.154529102
103401.79110999
103395.41389412
103471.309082588
103477.298419083
103470.714065877
103476.549528747
103456.165603222
103436.095439198
103472.632326661
103408.789171117
103445.101653354
103529.309271625
103420.804999992
103577.294173145
103495.166777657
103437.640258226
103609.157484651
103458.50445743
103425.087435439
103451.718009472
103475.823654316
103451.938185419
103408.947648545
103421.657622649
103462.227914701
103455.774630337
103467.734546837
103466.25381862
103454.652798573
103414.421232714
103500.615499174
103420.291460594
103400.096764238
103434.360285801
103521.363955495
103406.440976339
103434.976033335
103429.949872451
103433.498937954
103456.553091397
103428.256623525
103376.849645586
103416.451527386
103483.82475038
103431.8909531
103571.112626852
103439.639990709
103447.243547606
103559.279898031
103427.624188965
103460.933228559
103426.674883197
103399.125928683
103548.701653871
103452.255504632
103466.461365135
103416.943179498
103452.299492144
103474.623760409
103428.727195611
103476.042784313
103606.676716565
103443.2049217
103410.512506432
103416.187243477
103429.515163274
103517.965963309
103452.536232111
103570.991923676
103478.396974286
103477.892208529
103423.814303615
103390.403107241
103478.431810179
103464.964720732
103425.032555868
103410.432838838
103475.338330424
103391.415051179
103422.814738861
103437.234085713
103429.836390123
103517.038808528
103457.063128624
103437.387772682
103583.032670258
103448.00404555
103436.10363642
103391.720635187
103444.118580892
103429.104631694
103404.710422773
103465.244699609
103440.80987646
103445.108032797
103428.995233162
103447.403919117
103466.419055324
103432.948121169
103480.301173463
103537.960249941
103472.758782338
103475.123418237
103464.446691388
103475.614443325
103455.999047367
103514.871719247
103427.976560444
103463.106911995
103431.11034406
103452.378045403
103420.782979878
103455.948216225
103451.803235204
103494.184142955
103415.641469133
103463.130940639
103457.732793326
103633.645943391
103454.343093415
103396.695840146
103416.701487236
103454.623837617
103466.274975527
103438.781895662
103450.123243092
103463.337449218
103455.027596441
103401.582536302
103474.318830541
103438.065804015
103435.365583886
103450.983634092
103418.418284403
103430.181897811
103460.630853145
103436.120700335
103450.335573704
103402.384447954
103395.037698349
103422.67536737
103417.547079578
103451.420616957
103422.21266769
103424.091834239
103490.156816138
103559.997432941
103438.965687013
103404.074261609
103453.263941962
103458.350230969
103464.372692835
103438.536018735
103484.418218489
103463.650918855
103431.742673227
103436.57673169
103551.479239948
103436.409078694
103452.055250301
103456.785222217
103395.678350265
103448.612329968
103489.488778975
103415.98970652
103423.003730021
103437.839224148
103432.221818602
103449.41050494
103466.568076279
103587.128781644
103548.076296123
103448.671398845
103490.218656995
103490.994553173
103445.293673304
103438.287209854
103465.376486401
103462.249469712
103458.795780096
103472.525804669
103423.209527504
103437.475224297
103443.83267531
103477.82326977
103554.794882674
103431.329145056
103399.824432899
103476.884953106
103473.462658081
103428.0679848
103468.488430389
103394.692087454
103459.344233581
103466.887231531
103432.022745902
103401.268160471
103440.655283548
103465.948164709
103518.190084668
103485.226761925
103434.567997024
103429.892698144
103499.62388441
103445.958129313
103417.485897048
103445.235934846
103435.432833186
103410.699441552
103443.086080874
103460.384888316
103468.685390174
103469.150920155
103424.535434383
103460.155999582
103506.220360811
103416.138658931
103485.224935751
103454.595948785
103472.792739428
103486.951201624
103442.175310358
103449.724141846
103452.178011345
103410.357208855
103414.1615162
103453.515193982
103470.971481693
103461.54374745
103433.085206037
103425.3394702
103464.172929641
103453.856109703
103461.164426882
103444.703009478
103446.745550356
103447.609322944
103447.688858399
103459.25763519
103475.921672103
103421.903947974
103420.627228561
103548.759771041
103428.546966031
103405.451502799
103430.603515012
103474.161677799
103453.817618332
103458.114956577
103442.08313157
103458.891107524
103426.769212056
103497.983580994
103420.101420673
103473.078855661
103452.823771777
103389.828175939
103486.248023754
103463.939639239
103416.968523713
103420.887126151
103406.790388103
103391.303058065
103500.111138333
103476.698986089
103434.926626609
103452.066268843
103437.097674664
103500.214485352
103426.303555849
103476.707913791
103421.802167785
103480.135133713
103430.051636061
103434.885460736
103401.787618568
103435.170845535
103453.390008914
103442.829596682
103414.599720302
103430.750883387
103519.960439377
103412.894186127
103457.855764618
103448.44459562
103512.789564477
103442.753076938
103434.457572372
103403.639321776
103519.91698283
103549.239300037
103412.479644645
103368.406980174
103452.430483516
103446.018006596
103474.632753048
103445.550515552
103463.363316003
103400.646895511
103436.616841232
103434.099557599
103429.535545102
103475.732646338
103601.563092198
103446.784053194
103426.634671548
103577.096130955
103467.59526762
103408.060013706
103394.35070465
103460.070870816
103436.848237019
103433.507408053
103462.644163601
103441.387172477
103438.042006945
103469.018422857
103440.17041457
103429.099528629
103434.798034685
103492.513223524
103424.833503732
103415.984288227
103467.928278615
103436.622653584
103428.419703822
103472.465252836
103429.577146203
103437.354440402
103575.433295021
103420.874757468
103398.786972441
103476.725968835
103467.45207841
103439.192057457
103410.17713554
103553.727665324
103403.977106213
103493.497959453
103433.297375213
103447.763162361
103446.171687883
103447.244723912
103618.801677436
103399.990728765
103398.551216889
103441.430795449
103445.038413809
103437.134463624
103456.596750763
103450.009614884
103462.384442135
103416.21696704
103449.886131829
103571.520402202
103455.667888883
103444.326953877
103412.109250893
103425.405314068
103498.563932594
103591.903636638
103570.693190652
103502.675933743
103485.637110766
103476.288475678
103513.192165693
103494.232861229
103483.855058747
103372.540068113
103452.62102488
103398.996749715
103454.755184872
103405.952197788
103481.362593235
103536.707872432
103427.880421537
103409.729473033
103414.186289788
103411.855845556
103460.938214864
103607.971584977
103415.992101966
103461.15263883
103417.045217729
103461.787221217
103415.103910868
103422.130298178
103424.836291817
103404.206073993
103397.593964669
103396.018047292
103444.750839037
103470.313854815
103476.584530363
103497.65854978
103415.288778496
103432.554906229
103413.064086179
103442.874214128
103451.575321485
103435.61888311
103552.889412347
103440.059940872
103414.789846214
103394.955368675
103464.678809638
103425.857543168
103570.447673639
103426.603660924
103395.107130178
103447.401990901
103453.079413495
103491.591605146
103467.446673142
103449.129783471
103478.086248081
103477.890599753
103421.721494204
103490.943263771
103428.547867083
103578.202272668
103461.710991629
103609.052396398
103433.240026701
103590.768985493
103411.147594037
103432.454933623
103450.710417202
103429.897700272
103399.553826068
103411.111902276
103513.509529226
103563.049248366
103401.757005767
103411.720080444
103460.463563334
103431.749744272
103436.995042392
103422.378407877
103445.148139618
103498.878237505
103395.61147262
103576.67142475
103440.899239299
103466.664527311
103467.548439436
103430.178409525
103503.046282669
103459.96667137
103449.658358894
103459.542389714
103459.031362536
103475.580838917
103430.16883642
103420.913101799
103448.155631288
103480.942541001
103432.99647144
103425.758114385
103425.545726778
103442.755409837
103435.207588826
103497.349500416
103542.453640288
103482.30315997
103600.513349035
103502.131247525
103433.067315322
103453.575543935
103434.518036461
103518.582607321
103478.901530616
103427.534156848
103447.132579369
103435.45243314
103431.531851557
103453.552346025
103470.648563391
103455.582812636
103409.888031085
103417.42906768
103461.400010487
103639.876815389
103514.783276367
103480.214733741
103501.209525296
103467.915332675
103499.265414736
103420.138595999
103523.804901622
103425.178862894
103499.718686713
103487.786145209
103560.800780786
103471.067504607
103449.686926163
103454.952351081
103436.372492221
103456.215855203
103413.116020939
103409.150608045
103430.26315128
103527.279795778
103423.204680288
103416.681664598
103481.617663942
103439.515277428
103497.690363316
103424.323963874
103381.497120962
103448.821218934
103457.09389542
103482.695764278
103402.618528153
103472.342774516
103445.790085633
103425.827630418
103475.1906554
103495.860984796
103440.038616293
103399.094594258
103473.112565424
103470.313889983
103458.373335774
103427.232060609
103436.953315509
103436.410581426
103445.896438884
103380.848688616
103450.57823465
103565.721996386
103449.269718897
103466.132033521
103408.34163466
103421.711701181
103417.577981328
103410.334127174
103454.327558938
103473.871890086
103411.728880943
103363.223177969
103443.990179006
103436.914677458
103438.616251348
103421.939564182
103568.555781041
103443.091299838
103477.750366076
103410.840400365
103419.785258634
103461.317498746
103469.608982269
103466.574989448
103540.352754508
103414.283269467
103563.379920035
103475.016597155
103476.270293743
103615.454164633
103456.688776863
103448.951844182
103445.177684908
103467.723755342
103439.776170562
103532.727731061
103423.134277239
103441.043366543
103474.323961502
103491.647479068
103461.456893167
103567.50007715
103418.555510139
103437.215806313
103503.441198957
103579.695639487
103445.272684522
103450.749866275
103394.794522086
103450.457228454
103459.786766019
103432.858889667
103397.850860555
103600.932079317
103448.910486938
103469.841354592
103452.573536679
103437.377421973
103472.964906573
103434.063048236
103594.870932621
103458.67630314
103419.142631781
103478.801556702
103477.054991408
103455.775761287
103473.908149825
103436.533582432
103466.241916264
103434.691298201
103446.179565261
103399.006235932
103487.522484224
103408.067662013
103479.58385626
103460.390004014
103443.947439026
103540.424517577
103427.205053698
103418.762063866
103438.157004921
103419.277514158
103455.094402573
103479.892147426
103458.20926679
103464.362593611
103437.461559745
103496.512253345
103450.421213474
103460.693034094
103447.188554116
103426.306104589
103431.248703878
103425.875302117
103497.251138077
103398.820584199
103448.653520342
103502.416084129
103439.310609865
103440.097464691
103401.687934899
103404.792716621
103472.558703068
103440.093400966
103454.705142613
103497.078158061
103435.846108228
103588.638832257
103421.879906815
103473.365139933
103418.076100936
103423.2948913
103400.567422308
103473.67457711
103490.528527684
103450.18937544
103457.422133695
103459.111150665
103416.26856889
103433.689183757
103450.186803711
103581.842916668
103537.887671751
103468.086409133
103452.633542754
103510.176609454
103434.737422465
103454.354351179
103416.466842631
103518.819137433
103435.670952328
103398.056438054
103473.09288848
103483.781912386
103500.370203959
103389.741220129
103494.557195226
103472.812617366
103458.491944141
103427.921205055
103489.467270032
103416.188816476
103462.502813304
103417.335840449
103446.585343005
103438.041259471
103399.926976644
103453.049205627
103450.057325519
103435.537758635
103455.433084067
103475.641201292
103465.750763006
103521.664502579
103437.410740643
103395.101326837
103490.791498679
103428.331592332
103428.728905332
103438.998647974
103431.828407017
103420.320655865
103412.613467951
103440.676573451
103465.30551109
103396.588520618
103451.311463535
103485.024434904
103446.25552968
103461.579623456
103461.114815445
103430.532757082
103467.351646777
103535.079116239
103564.788861553
103375.530438973
103420.771590441
103385.898197564
103397.98071854
103533.294007675
103454.945995962
103454.783555223
103404.192362274
103440.372232548
103587.87169484
103471.099149761
103482.780906533
103446.718482988
103441.765953927
103436.09180402
103481.683665479
103433.343147458
103442.785369717
103407.564436061
103453.807692844
103437.954273723
103475.181458482
103497.502153824
103439.976459819
103445.964419802
103443.995006348
103448.939011207
103415.262270878
103560.285417007
103505.61438017
103423.114555387
103451.862797836
103442.237744245
103417.430401436
103414.237380974
103561.216424858
103459.048655138
103424.110388297
103446.282916293
103489.102846498
103429.206907917
103441.947576411
103405.078138966
103448.745398729
103423.611636733
103439.890791547
103476.745008389
103452.505521592
103412.531446588
103462.997594136
103450.588543641
103586.90020165
103433.763492951
103422.670641611
103432.417141541
103466.863196597
103428.063615641
103476.232480653
103419.186163151
103450.768719566
103464.285417817
103459.597857752
103448.72396764
103465.677003689
103442.865305811
103448.420863973
103434.315775658
103430.986101228
103424.970102482
103412.676928213
103438.295307265
103421.692295639
103494.542065077
103454.961994161
103456.102048909
103430.730624621
103504.497991973
103385.617504315
103435.503017799
103496.681165251
103488.924913897
103448.354104469
103453.643184509
103414.96680012
103415.297451535
103396.571841857
103450.489025732
103479.632373683
103495.080978799
103462.537019966
103452.554446759
103406.295945204
103472.456487358
103411.776547982
103400.016472155
103419.127725274
103412.817921793
103449.999811138
103483.833854028
103447.3861942
103463.955288466
103418.849091577
103445.461633315
103425.113780509
103444.020749642
103476.670333266
103432.583228987
103397.851955346
103366.105699969
103433.669394477
103446.04382727
103505.811488904
103417.902916607
103439.510023483
103419.075763029
103476.998731374
103447.489958383
103448.125088508
103493.562170577
103448.330400073
103445.77527401
103444.915982233
103440.595513851
103496.059876179
103486.756158439
103451.353596997
103481.417718191
103409.525195201
103419.665497843
103445.222759432
103437.56212511
103439.688981384
103408.350523682
103427.040710678
103439.425739634
103435.557306681
103500.109836089
103386.003000097
103501.198633948
103423.210835345
103388.684319135
103489.185156374
103457.277965736
103454.622905169
103448.203740806
103486.474186851
103445.653879763
103415.772452398
103458.726896838
103432.466669551
103496.56067614
103514.738941685
103433.058592177
103434.985742762
