36708.0401584283
36718.8079277472
36716.3645129455
36709.262498554
36749.1563030637
36702.6663392925
36722.2512896973
36690.1463386495
36718.6676218306
36781.0929412965
36702.664480105
36710.3440153868
36713.454978606
36736.7620586355
36712.1275733261
36711.8131112286
36712.9480838898
36727.7375986156
36728.2739841804
36696.1163651119
36701.5560648888
36700.7787056258
36702.6997774673
36725.4035985441
36702.4615357674
36693.549449466
36707.0794403444
36738.006189816
36711.5727016036
36707.7574016145
36690.9168097447
36710.3314904303
36746.635578087
36697.0495385091
36714.4208307743
36720.4229568002
36702.1786807415
36722.4747873598
36694.9811718835
36703.3176551345
36689.2571585577
36702.198263943
36735.1634114123
36702.1504766811
36755.2180360639
36700.1536698175
36733.9396526972
36714.1006683697
36730.7355640242
36733.4491164411
36673.9162711392
36706.2529144248
36707.9587126405
36701.1046707194
36741.6741797197
36716.5147276191
36703.0259395384
36707.805590329
36713.2506201817
36701.8139568663
36700.369120819
36715.2350459108
36689.7533344155
36704.7379357368
36698.1198246882
36702.6544101641
36729.3236813921
36699.4829290062
36717.3974758761
36752.8645074616
36722.76850113
36683.2760236822
36714.1894693182
36701.3196100755
36699.3062992723
36732.9647805912
36710.6631579684
36713.8529102909
36707.9972050101
36698.1529777195
36752.842148428
36740.9678742747
36732.7251543929
36732.7699215403
36714.0418375663
36696.376656923
36727.8615204157
36706.8807639694
36710.8462844577
36699.9202694076
36717.9197564079
36699.7529807794
36716.8679962264
36716.712833872
36737.7893387364
36744.4978223471
36703.4041342598
36700.3871663443
36712.5494009678
36705.8371917492
36705.5594622253
36714.8144920888
36729.203681261
36718.668544375
36701.306996122
36702.9603622206
36700.292125804
36733.2888818308
36705.4749308437
36692.468364317
36727.6304107207
36718.2429814098
36739.0131354743
36717.6750879945
36686.9774985023
36692.6480059584
36715.4656590833
36696.2559328101
36692.8219091536
36710.8347642885
36711.4838298267
36715.4995563718
36701.783164959
36739.8585126884
36729.2757888493
36713.6375672025
36725.1847480816
36731.5710224576
36678.7267213799
36720.4078967901
36741.8994670393
36717.8252345886
36700.8769637521
36689.7302033888
36691.3155508075
36703.0461296298
36662.0056577244
36687.9707838815
36739.5884643465
36721.7631782888
36684.4500536229
36699.7599048732
36710.1416001367
36682.8801388232
36742.4666645298
36748.9914750283
36714.5837480266
36704.6667477457
36688.0323930415
36689.5577521135
36717.9069722599
36728.9945319183
36727.2791767235
36695.7455843561
36723.5524990692
36706.232342716
36720.3040065335
36727.8301064401
36694.060220013
36690.2211687454
36703.5904997746
36688.3869468385
36715.3983232551
36747.9803683637
36703.2724700884
36719.1262756362
36720.8030148006
36724.7879494262
36715.9210022725
36699.9581158581
36739.6935990204
36716.790841486
36718.9100026934
36745.8964714307
36726.7545188612
36719.6102546073
36715.3067987004
36708.4607594062
36671.2332901306
36735.0956606425
36708.9981334507
36717.8881371531
36680.239819173
36723.8437602166
36694.2294482764
36697.4458199891
36715.1866636522
36710.7014375078
36725.8302738085
36730.3270630113
36700.494591363
36728.2879321822
36701.7323374553
36689.2047022974
36725.1915770812
36731.4446837351
36718.2232912982
36688.0147775722
36673.9656268902
36735.2049458551
36723.3401011223
36730.4411230796
36681.7528436942
36753.0042972343
36715.7064543696
36678.9802709901
36665.7067285115
36688.8912289901
36719.4655276601
36736.6068352452
36716.4829124895
36714.0715077396
36736.5321073023
36732.6314153842
36691.433104356
36713.6958120924
36704.5058597715
36725.0527089536
36673.5848409193
36719.9587350158
36701.1330772262
36730.9022838622
36707.0974910707
36711.0889806217
36724.1070707611
36696.3768373182
36700.5301393386
36695.8695341813
36681.4191435008
36703.4066306724
36681.5246155628
36739.1308320658
36710.6373475279
36721.8362192593
36683.6495989991
36703.8946589379
36695.2838673147
36723.0542524122
36688.8503982554
36728.6558383512
36699.4928832094
36713.167873542
36729.2859927487
36678.4163496644
36684.8178978682
36705.1013528103
36746.4024506169
36732.7080712602
36680.4723677739
36714.2537927893
36695.4204283531
36696.7719108314
36683.3134940471
36759.6500940407
36709.3845241818
36721.6084961312
36664.6124231571
36705.0471368791
36731.2493789964
36725.1161428794
36695.6009508917
36698.1692840368
36702.2501435424
36698.6234695639
36710.3492636624
36701.2996571158
36699.7543468477
36721.2830017405
36710.8025085529
36721.1059560079
36678.3065863307
36712.3090857626
36713.3073695645
36689.0966427768
36662.0873453386
36678.9293216861
36716.6259391982
36677.2706461181
36726.7939590638
36697.6959842147
36705.1179111587
36703.4217269689
36704.6278193304
36706.6849709685
36702.3369591142
36689.4277030941
36702.4003917375
36724.4741937643
36711.5746824073
36740.7638684733
36701.9806953989
36749.7252350646
36708.8905774414
36717.4468084124
36721.2478539396
36726.1498724949
36709.1263127527
36676.3412603667
36697.1482404704
36701.5363842135
36678.84128875
36717.5114839638
36694.6044568519
36673.1442534404
36736.0143888382
36698.7198394467
36725.7073526992
36738.3743343801
36730.7187263637
36733.2774499921
36738.030691472
36735.1066292011
36721.6983856524
36716.4383346014
36711.9855685912
36706.1482433978
36715.5613576918
36705.5781360063
36682.4747120977
36720.3787536718
36711.8361073986
36691.193452945
36699.3092755958
36674.2823043997
36726.7257669398
36718.3042684922
36703.2211580293
36703.7049176536
36709.129514988
36702.8058727934
36701.7784642051
36684.0073959327
36718.6533643202
36714.8236531511
36681.7332900242
36698.9432136183
36689.1919630893
36715.4997695249
36726.4666377904
36697.9187024884
36700.1772697389
36704.0261373378
36698.3573598673
36683.2346189551
36697.7455579026
36711.3990198931
36715.0806064125
36699.9029836002
36686.8075046588
36725.4273813828
36725.6625526872
36707.4124701048
36711.887411246
36690.7523095862
36662.2613535456
36679.1172028936
36709.3718974973
36709.0033177248
36699.4586988154
36725.9453664286
36755.6430892882
36681.850769253
36728.0964192702
36715.4846517515
36702.8868121047
36724.0619983229
36715.2794239069
36741.2562977916
36716.5456820446
36728.0702292785
36678.6943051338
36703.7794919384
36689.4376260924
36730.3997567846
36697.5940983084
36704.6823047056
36696.8121004546
36710.7365827498
36710.112307111
36694.0800542542
36748.0447634607
36679.4763306214
36721.5061053717
36693.8357519623
36704.2784331857
36720.4758173912
36722.8583401107
36742.9183566627
36739.2025508793
36714.7852528657
36694.4202639938
36715.1836142907
36736.2313134668
36701.9888571112
36709.9156476042
36724.7385799324
36699.8680303578
36743.4989946466
36696.0437124534
36708.7300468106
36729.6575350985
36708.5139631541
36682.3297567488
36728.6911106888
36685.0568419062
36718.5897029391
36721.6087199397
36708.6589002771
36688.1342507227
36687.2875429508
36708.8362760386
36725.1469697865
36717.528588761
36718.6684489617
36709.5957003663
36736.4301490362
36701.5258033024
36713.9016914829
36652.8345572628
36719.3282005432
36712.7317066917
36706.9553646879
36704.8488153534
36733.8453941561
36705.1325513685
36708.5113558791
36684.6119397019
36714.2784510292
36758.6012208507
36730.8987452104
36696.686608716
36694.280195706
36697.3347185791
36725.0346607198
36719.5670920109
36708.2652509892
36691.3827180299
36689.0111998062
36750.1071479472
36739.1706746019
36721.475524828
36674.9504243672
36706.116840598
36707.6285220008
36716.9795174801
36696.1624776516
36716.468894239
36728.1855108908
36703.5073055447
36726.5541774414
36735.9924210964
36714.375251218
36682.5314619802
36704.6380354946
36733.3566205117
36722.0312361751
36709.2850461564
36712.6852798656
36725.1826661883
36704.424182188
36745.5024869094
36703.9978059735
36733.1233523671
36667.9195962268
36715.7828532869
36717.9967309318
36694.5809289257
36684.4830865846
36711.4828477326
36695.0314538688
36691.7463731904
36687.299022562
36706.1374955
36731.7546786498
36712.2318816516
36701.9981027443
36718.5108893233
36738.5541017381
36726.5812142054
36734.8012292454
36705.8648530815
36734.2171501044
36730.449360784
36707.526966734
36699.949126621
36711.4177820917
36696.5704078115
36710.0333739493
36733.269499271
36748.6621812563
36698.8816850508
36718.1308068766
36706.6391720083
36683.0027152834
36699.8399499756
36724.0188705676
36715.7601233463
36730.8559511237
36692.3931723463
36702.5137772136
36739.9002957288
36698.3092563809
36709.8335197347
36722.4184736581
36679.0572593527
36703.8506665316
36698.9426575643
36754.9021831855
36730.1121937718
36699.1618645571
36746.8209596827
36723.5687486981
36693.232248523
36718.6331982837
36690.8757242553
36730.045065672
36695.3344791967
36713.1383534905
36717.525509581
36691.7060306012
36733.6982842649
36699.0929597002
36737.4107992318
36713.0146692239
36722.1677252195
36720.301331508
36707.8343658427
36720.079431062
36697.0875202183
36686.1048147224
36717.9996085493
36746.2140264803
36696.6276872888
36707.1608131332
36738.8907655782
36689.9392852378
36714.9141536955
36690.6089598277
36751.1114875255
36729.9965885597
36700.2186951061
36723.4852844834
36691.4298393939
36681.9476860244
36705.9112812667
36716.8394496116
36710.6987836952
36715.0682011998
36724.896437956
36716.8445969803
36709.1354392427
36680.6696848378
36710.456087648
36680.3390085416
36735.3815752918
36706.4951891599
36735.4387423103
36671.8526877812
36709.2795080921
36713.2238209066
36727.1808720614
36733.0313096743
36711.8780709066
36709.6207854619
36709.3297989349
36733.9349517288
36711.7867484645
36743.4374965884
36745.5346322674
36694.1606389497
36698.8682531295
36740.1383333969
36760.95305626
36712.3658565129
36736.8522129317
36709.8598956464
36684.4180082604
36677.9455125091
36720.6756505332
36720.4816215306
36706.7957921166
36766.26581441
36690.8824837084
36772.208185013
36727.9259647441
36735.3783092847
36710.8220136345
36729.7184896948
36700.5794500665
36688.8856434375
36707.6925909481
36729.0990468759
36735.3036433235
36707.6645610447
36701.2558142372
36677.0541646726
36717.1703961367
36722.8550094525
36683.9957139106
36733.5801289348
36730.3515067976
36685.7724882888
36705.3824126143
36680.6184189149
36690.2378542937
36699.9426025668
36731.1683750749
36689.0664084095
36730.3308764612
36676.5692105032
36697.7218349085
36703.0367772372
36733.7482166563
36736.5838266209
36716.5225525146
36712.4919647917
36709.1843826245
36717.7565561816
36696.4540517855
36729.6293260242
36712.8147646097
36674.6743605747
36737.1551272051
36713.424509798
36691.6674998296
36709.0767286306
36741.1754109259
36692.6526460935
36707.4042485392
36700.6327273133
36680.6826951923
36725.186635809
36695.4150623862
36727.3420832122
36719.3111131991
36676.5887347684
36723.2813715961
36740.9221226017
36724.6738197504
36727.8131154596
36709.1770930602
36681.9073596937
36724.9037191011
36718.2288287921
36705.7046137249
36693.8100367897
36713.1472224234
36694.5292416097
36718.9384885035
36711.245068617
36714.0427852491
36704.764076654
36690.9584496935
36675.4314537734
36707.2127112224
36681.5200275036
36660.7597887411
36728.3092344105
36698.4149426921
36714.5915441996
36698.6902179069
36713.9278543408
36741.1242546876
36675.1052769541
36706.4909520387
36729.7969629975
36684.1382573415
36712.812173416
36697.2756830488
36728.1381227717
36693.6272636991
36722.8336942633
36726.0632084912
36705.6810945942
36733.2182837349
36751.2600105803
36692.8619433662
36720.2898122452
36694.1445848737
36692.752262551
36735.8842361253
36696.1169091825
36742.7687074383
36737.2016140306
36731.9783627485
36711.9879683026
36708.6245849131
36719.3805236708
36703.9926102853
36733.9136920025
36731.7272446407
36739.98074838
36717.7213504461
36724.0034235028
36687.8913124909
36737.6239097786
36707.440101203
36693.9702803575
36688.9567033862
36724.609691108
36733.4424902623
36734.305270313
36726.6889111812
36729.9687151084
36697.9359206841
36720.5011576911
36711.1360747363
36685.9145659856
36720.4472289927
36716.7159280927
36698.4701390773
36686.0167463178
36718.8343132341
36722.2879450638
36692.8559439931
36721.9995332427
36711.1587426246
36721.1006757468
36723.4198581976
36712.0491264258
36702.24821312
36678.4056529722
36720.06861746
36723.020326007
36727.9727140397
36717.7987746148
36699.8494986452
36670.7736238039
36725.707168732
36688.6823019262
36699.5642962581
36678.8139770492
36743.8200607596
36724.8618501273
36723.0941707615
36713.2082834256
36710.6458580251
36707.9804823938
36683.7708353871
36728.13249196
36717.766422022
36725.8766487824
36735.633436001
36704.5698975373
36688.9850233076
36691.5216568749
36691.9404335756
36747.0308072954
36709.9313640247
36688.6505638719
36703.6654689859
36756.5659700732
36684.0426791069
36689.258658905
36704.6915545497
36687.7556739485
36736.4785898916
36710.4892934073
36699.9865059482
36713.13620998
36712.9547977812
36717.5590455859
36742.8252379106
36720.0219385329
36707.3706838016
36734.2140090697
36712.1921433031
36701.3791363387
36709.6749004268
36747.9072974033
36679.7318244954
36697.1376086264
36718.5605271981
36717.3749289958
36726.7802245209
36716.3953136713
36713.024831002
36697.7722138109
36722.0041130535
36725.5531853111
36713.8735272453
36689.4089230464
36704.0141031914
36701.4108850892
36732.2549512662
36716.7431895431
36725.8861504649
36674.8467794507
36743.9713471233
36738.5486469435
36726.2324485815
36699.386375947
36758.1948394772
36688.4013014914
36692.8626801486
36748.6555303786
36715.7108645029
36712.3250402701
36707.1206753803
36726.0166423181
36715.0790470298
36713.2498211984
36717.2292221786
36693.1645865047
36714.9034183536
36703.2740843147
36711.8343113579
36725.6127461155
36729.7976305893
36724.5595253264
36733.64783354
36675.2563145857
36710.0975887357
36710.5984052858
36699.4276191957
36708.829342003
36702.4822257011
36705.7240430484
36713.0627686597
36702.3476264995
36700.3905109765
36737.2293654902
36710.3841158429
36731.1618727904
36707.7212220108
36705.0511996413
36705.5542959201
36742.0647588109
36715.0080731531
36707.3875198716
36714.5655762197
36718.9221708285
36696.1201720505
36687.7448731702
36745.5098825504
36702.8160939012
36713.4361176007
36740.7929956586
36696.9105112571
36711.5956642793
36691.607301927
36734.1305580311
36712.8696343066
36711.5955075689
36729.5370414465
36707.0787541842
36712.7562211595
36688.5977493224
36717.6848306261
36719.6228379413
36703.0195102316
36737.7245005977
36715.8973835832
36712.0018161045
36697.1182448909
36748.5136073373
36748.4105478092
36700.6024790977
36741.1274913098
36705.2777987968
36682.8966678331
36709.3177129755
36704.1502156328
36725.977814263
36741.0826083325
36743.3491525289
36737.8055708715
36733.0236622037
36698.6502649577
36703.6460060403
36696.888842668
36710.1949056002
36706.9412616974
36715.021226792
36703.7995094289
36720.5129273595
36705.4052089736
36707.1215025223
36744.1310675951
36729.8364345267
36708.3621292651
36709.0254594802
36691.4271507429
36712.0916808618
36761.9410196502
36723.7517710684
36707.4164728954
36733.468790544
36713.5065284004
36684.7377468726
36684.6041197249
36729.6353833548
36686.9580550194
36718.0294407436
36715.426417581
36735.0131232065
36694.6197749643
36702.9770081971
36695.4041093143
36707.328515632
36704.3243677563
36687.0517469261
36679.4872629092
36710.867389307
36716.3838435514
36692.3699909688
36706.5871953354
36720.6296705067
36742.0807640321
36705.7063169792
36696.3666972312
36734.4900327757
36671.0793855657
36729.9527427458
36697.1003645608
36679.6143936564
36687.1228412934
36691.8076647275
36696.1179245753
36745.6799339871
36718.8902327303
36682.5281712926
36682.5150086612
36677.2378500903
36707.2760598655
36691.811630618
36708.8184530771
36760.8036320899
36689.2144007646
36720.9504149778
36713.9489024366
36687.9425244692
36716.6339051077
36671.9171336698
36701.9834766476
36703.1424305104
36700.591935198
36720.7317273651
36720.1715354039
36692.5271941372
36711.6896743123
36747.5358010333
36731.3602452219
36718.5520887053
36698.4055554715
36715.1537757497
36759.8389548352
36695.7967902971
36699.8793548657
36692.6705402876
36691.2674398264
36728.0271345925
36695.380904725
36708.2336390031
36680.8887412203
36716.7680410153
36716.5404166915
36717.1573408389
36699.521112589
36721.1114453172
36741.8895181606
36723.6336891704
36700.709334507
36738.1488115324
36705.2634585107
36685.9085581417
36728.4958649259
36684.8930887129
36730.8662894732
36705.1375407971
36716.2106390143
36732.5737333255
36737.3039201875
36730.4479674131
36693.5763412131
36745.6156680943
36706.9870674175
36682.0878601047
36685.191618427
36718.9834941544
36733.9308275938
36714.1778208892
36682.9206526991
36726.9163654824
36740.5146030465
36701.5301007713
36715.0400587066
36689.2470773993
36725.506761136
36707.8866627483
36712.3824844762
36733.7939162766
36702.3005942755
36693.8445184358
36753.8641155686
36680.5825295406
36718.2249147174
36747.0352434642
36729.9738192681
36693.8618704399
