36715.1640002209
36732.9968879488
36712.4188261712
36726.8994040895
36713.4409475029
36721.9256587667
36713.4157509699
36727.6541206914
36711.8267283585
36732.2805247373
36715.9711567838
36713.8106083458
36708.1450892521
36716.16514487
36708.9617991574
36697.4258552414
36725.1785264264
36704.285803045
36747.0759598147
36700.594676457
36702.0144106366
36717.2811077501
36734.0579144437
36743.0955059175
36710.7086507192
36744.4623870827
36722.7856361974
36722.0360744949
36737.2774344742
36709.6585794645
36727.949564869
36680.9037135642
36686.9066426319
36707.8316496486
36694.1237169687
36706.665056332
36683.1777366616
36734.1017167173
36721.3187444217
36725.0877684921
36704.1722328936
36698.6370085825
36718.3434285213
36725.0189256966
36716.0736071805
36706.5914285264
36730.1803953211
36687.7575760048
36698.626276283
36668.9973918048
36725.3888935868
36702.6689363643
36754.8603657287
36706.5699296875
36709.5007832901
36702.2595354859
36714.4515528134
36701.8357413768
36738.5572692327
36715.3750123539
36713.8638033828
36744.4656292269
36688.4438116775
36698.057544645
36701.409241204
36735.0939350133
36748.6336953253
36694.9953749839
36740.6113132042
36713.4770966279
36724.4462575883
36726.6073425825
36708.0359495522
36706.6821217454
36716.643432671
36719.7716924304
36731.730579973
36691.2377944685
36714.763504333
36691.2729997245
36731.81911121
36728.0201249537
36722.6469041051
36722.2969886112
36715.5401538871
36706.5164565865
36704.1417569807
36679.6015043009
36710.1019156638
36735.552202135
36728.0800173091
36699.0213553433
36712.7694360267
36693.0824952025
36716.3830390367
36736.2105193991
36720.4276705745
36728.0080476527
36691.9993159367
36718.7911268352
36714.6643329868
36692.2177510634
36741.3259952873
36749.1178317989
36696.1727283605
36707.5986366377
36695.7664719232
36693.8669621737
36748.2277559042
36694.3708810995
36748.6161957373
36711.8381157169
36713.4279369564
36710.8742682047
36697.6295597552
36695.067085835
36721.085506106
36734.0238332311
36702.930211255
36706.8791570123
36751.497385202
36717.2410254025
36697.4675844138
36704.6882407173
36720.0554479111
36700.5541533183
36692.9149500732
36742.1180834172
36722.2034605614
36713.7966490815
36701.8981226844
36716.7207812367
36719.16286029
36738.2200452022
36728.5330991554
36705.2658552523
36711.0963628286
36714.9281195506
36683.0666464803
36714.5650991511
36741.4633229079
36708.5827121753
36690.6203669012
36697.021486879
36738.8568929727
36722.4729321831
36695.916462796
36713.5991368913
36703.030127133
36705.5909971105
36689.170639129
36719.7287993216
36705.3601951037
36691.973762667
36706.5427916679
36749.9011314495
36683.2178625925
36685.0267415915
36703.0078947189
36713.0162385035
36697.8830742438
36717.9432784427
36726.9848249913
36723.9474308367
36704.2917259859
36726.2273510821
36721.2772274552
36727.2084702449
36710.8481690953
36701.1221881618
36705.061849804
36692.7649448701
36700.7151841303
36707.3415839932
36708.484685421
36706.896242155
36681.6470363959
36717.0569288012
36709.0238303463
36711.6539230012
36718.0704585658
36729.9123447905
36738.5186974716
36734.8432197719
36735.8698635852
36746.1386622607
36704.0466231388
36708.429807688
36722.4462157965
36717.2084866408
36708.7884818501
36696.0531343342
36685.0738948803
36755.2669342621
36729.3881213597
36688.9856449786
36718.4647441338
36714.2990262115
36710.5473195498
36737.679636841
36723.3796821847
36707.1098169968
36704.5297977487
36720.3975962555
36724.859456484
36730.808876783
36706.0317234733
36699.7641861582
36723.4908812845
36718.6376713844
36689.3134617582
36696.5240049754
36682.05343041
36736.6299554357
36732.7424645245
36743.1846276415
36698.7396282519
36715.5091770255
36700.156096971
36710.3122826449
36735.6593897082
36714.8782132234
36737.3946596034
36708.9730471609
36689.4938031274
36704.2966876885
36681.7714630741
36690.596909732
36736.1567574394
36755.9824914109
36704.9808114929
36666.8089973855
36701.3283968224
36700.4685452866
36723.9783766322
36699.7508511472
36722.7634390363
36707.0300255375
36700.6591976464
36718.1757333183
36718.3376804526
36737.6211121785
36712.66949233
36744.130913931
36718.0450697055
36716.0827183613
36723.5240830209
36686.3717717365
36711.9946005889
36713.0876004931
36718.5617689149
36705.8573597795
36707.6052736623
36712.8321996338
36724.1330625549
36723.5741126498
36715.0061970667
36729.3346411336
36723.6006347246
36723.162662381
36703.3494335755
36699.8557142045
36717.3324853485
36695.5473950512
36711.7938353423
36761.1363633075
36685.9777672065
36712.7618468451
36717.0943578747
36712.7951129669
36728.6882516564
36702.647161577
36733.9537506365
36719.8719932035
36717.7282595983
36720.7933295494
36708.7110371657
36732.746063496
36701.2167597407
36741.7791268179
36711.8792109151
36681.0287098014
36696.642355292
36714.674957345
36742.9436290747
36702.2475508002
36725.2298420071
36687.4277850357
36726.5392551137
36722.4535889071
36701.5678399743
36689.2957560538
36695.8517916896
36735.1889046954
36729.0192161186
36721.371825393
36700.753653484
36742.138782394
36721.9828172799
36682.1790497132
36728.2639707666
36718.0737170919
36705.2065340168
36710.4350710045
36705.1543375432
36728.9479982134
36707.3339652776
36706.9331190016
36723.1071053933
36733.9865197363
36689.7518934935
36724.5570375456
36683.2893273064
36698.2576983438
36705.4037242185
36695.1116436968
36726.6925646707
36722.9528751632
36707.2058788404
36717.5475889789
36728.6827747455
36666.3441141299
36703.164218056
36757.6371745399
36691.5948474277
36727.1024692626
36717.9857965731
36734.2858207231
36692.30217587
36712.0898318645
36698.9896740081
36712.2232778853
36719.9470717423
36707.5306567455
36711.7148063453
36698.6482037222
36717.7815452912
36692.3212906444
36729.1913800326
36741.8732321855
36687.8885694051
36728.2019374186
36707.4769140678
36713.0103483905
36729.5220299199
36709.9572819383
36685.5509302347
36736.4634414799
36736.5652307478
36738.6656249397
36755.892463153
36709.4264329995
36711.0479353058
36698.3206760234
36719.4698788481
36722.1874023774
36733.3619278929
36720.0723619694
36733.6278724826
36707.5847695241
36730.2244991946
36724.5688247877
36728.3997102031
36712.3833266445
36710.7444500335
36739.8603852088
36720.1924486164
36726.209030961
36732.7823644062
36719.6982364352
36700.3481488977
36710.5385329605
36699.7361095272
36682.2122070158
36684.4594662595
36701.183949592
36721.2196381743
36723.7913948045
36741.6966877283
36682.7239562771
36744.6243513716
36724.015820138
36743.8619037471
36703.6942185324
36709.7854717274
36716.329192539
36713.6773336628
36730.6203159251
36713.1340238585
36738.2908494751
36725.5646230469
36711.3152518612
36713.7346189399
36701.0490242042
36730.1674735346
36724.9324371136
36710.9596874636
36696.613538
36727.6718576577
36685.9557582665
36718.7939009654
36711.7199051658
36710.7941939245
36720.6776167804
36711.2969051857
36701.8507679537
36707.7901142239
36726.2826826125
36714.6184341315
36728.258807209
36705.7118820289
36747.4686821169
36702.971335281
36729.3834916378
36703.1737829654
36698.0515814615
36721.8505665743
36735.4546601957
36731.3541335861
36692.5704204503
36725.9693722203
36685.7931639732
36711.1354433906
36704.6042077237
36719.7049549275
36728.6006734331
36719.7803261524
36704.7345821372
36723.2207737374
36709.8141071321
36738.7168530182
36696.7975184301
36700.6129037504
36713.9579928311
36748.4734420111
36693.7731782172
36721.2914926271
36702.6798606058
36677.0151938969
36710.6822318367
36696.9116267061
36686.2518974449
36702.8803783539
36692.1906288029
36700.9192275799
36719.77339842
36753.6691591141
36704.124930421
36730.1138914475
36732.1363853463
36694.0795964038
36739.3973361156
36693.6415100563
36698.4366378595
36716.2132236347
36689.6611591273
36683.533357606
36728.4796943087
36699.8638998371
36738.9708027792
36731.6354163873
36707.4404205911
36720.8062328361
36711.528693221
36693.219782248
36692.6463164079
36698.7612816731
36716.5632150027
36695.4511423619
36720.4521493025
36706.2673730617
36698.5143156645
36678.2009198188
36706.0925786428
36709.1521411339
36689.1530052456
36685.0647244998
36730.9844444894
36707.0874640281
36718.9360713453
36731.9567022804
36722.2863348462
36715.5003880175
36739.0499074285
36738.5606887478
36734.1492495627
36687.9840653839
36717.1099166285
36726.6463404832
36710.0223116208
36730.8401128933
36713.0173109061
36730.0426187111
36719.9783487379
36686.5576797671
36728.1089600107
36702.1224101072
36735.8288194141
36706.4911635551
36692.8094951742
36715.2311766275
36732.1547872685
36712.8866487723
36714.5784922152
36734.1000919985
36719.9547474443
36703.4938104217
36691.7154894553
36742.428963315
36727.7702901744
36687.8788723003
36699.4335691167
36705.0916082406
36723.4408130992
36694.9382676784
36707.278537241
36771.7543009014
36689.4526712878
36710.7070404673
36715.4211763369
36737.6057559686
36731.3097288541
36721.7364162783
36740.2653521862
36709.0910092272
36702.33711239
36719.4576285831
36698.3110254011
36678.5780885886
36696.68015451
36693.1914894418
36743.0821781868
36695.5784716054
36690.2653620905
36738.6341595393
36703.2067268281
36707.3080324408
36726.2181281774
36702.9198337506
36708.5518136509
36713.7641151519
36722.204932828
36720.3322984824
36702.8958702147
36718.5722743735
36741.7466298508
36715.5790232027
36695.9504847012
36723.8559965845
36704.0518201547
36702.7738567751
36737.756901767
36726.5791900859
36741.6361261856
36745.2227598596
36737.323277
36698.6665815561
36721.6698822685
36719.0149363086
36752.4636978399
36740.1122042851
36739.503389142
36751.8771910949
36720.8180159274
36710.2575929986
36687.178791131
36683.852491013
36699.0991831545
36715.3502447239
36717.1563955358
36711.2253157173
36719.9376877388
36732.5794235991
36715.9060141689
36733.4466382409
36713.8837247948
36696.5213889887
36723.7236370298
36705.7167738494
36708.1093912236
36708.1887319203
36700.1069846887
36709.8006280804
36690.3949222704
36706.8219426217
36720.7644172872
36720.5994950396
36757.3501813244
36693.0827523781
36695.4080320064
36705.2440540985
36690.395438151
36696.1170454384
36700.1923669048
36698.2828724646
36727.0032599656
36691.502282704
36697.6765745018
36723.9533211962
36699.0212545756
36705.2380338074
36697.3495711253
36698.0169551898
36700.6963331925
36722.4175416261
36738.108709847
36718.519001255
36724.3815445807
36734.8078924516
36713.724947543
36720.6727580526
36699.2338303694
36709.8895343031
36689.8508455395
36711.2029998368
36746.7777786966
36715.2806519766
36701.0345671342
36705.4957489209
36730.6096630323
36699.5854855403
36734.2940801312
36685.567138502
36684.5599959512
36694.3922877984
36708.2897058907
36714.2866820319
36682.2952191808
36702.3058219626
36724.0242549309
36698.2893460258
36720.4774782681
36709.1450559434
36696.6698867751
36712.1719156011
36721.3124016975
36720.1256570294
36700.8788871214
36710.1813586814
36729.4857452837
36703.1938592043
36726.3610124141
36691.5506119739
36691.595866917
36723.1142824589
36694.2713874684
36713.8905598754
36724.1531889102
36725.3778381149
36734.579602277
36729.9890157367
36684.5062206963
36695.9168788494
36697.3430954414
36713.6740313729
36709.4582538043
36724.4516246213
36708.1959415014
36713.1021424781
36688.2674351843
36707.0307318483
36721.3684265183
36709.5356612111
36722.3848514818
36728.312851488
36715.3460060969
36715.5858204098
36734.4406337607
36701.9423890462
36718.0006493991
36719.9064054191
36699.1612452216
36693.4543432144
36700.0541287028
36735.0751995752
36715.1707976396
36704.7873686998
36728.8754939153
36706.2148932789
36730.3086201011
36696.1946491806
36722.6109839436
36737.4849916195
36746.3091661856
36733.2878151449
36681.2178625367
36706.586418866
36706.2649269249
36719.1433260355
36722.7247775631
36724.9967831619
36702.7708701002
36753.1258284039
36692.1368809043
36701.5273459014
36703.7986175771
36696.9073128829
36691.7790143829
36697.0507839689
36732.5088281469
36688.0474498013
36706.2649454234
36707.7073782694
36716.6040533949
36719.5934904454
36706.584688132
36686.2457127243
36730.2719145899
36700.1857781899
36703.6841208944
36689.8571723385
36713.0274786709
36756.9327853379
36721.8740747447
36733.8968300876
36712.4218440116
36673.5361704754
36712.1127589667
36708.0641874271
36736.8086734458
36722.278448546
36738.3548305881
36698.466173184
36706.5043800138
36721.4794629488
36696.6876294714
36728.697995346
36722.8762306808
36729.8021462999
36734.4722964293
36704.9645239655
36712.0286203761
36737.1386338844
36721.7241866302
36679.5964404261
36731.2052280076
36716.9957384313
36688.5911057214
36739.6574749682
36692.8415506309
36704.478256707
36719.2173075288
36718.4775234032
36708.4936205992
36728.3103147366
36693.003329637
36669.0710136742
36700.0106005777
36698.7528703634
36713.266710038
36707.2300055801
36719.3777025877
36701.4155825197
36715.8065939993
36704.124270376
36739.9138652518
36727.6046785463
36696.512464806
36703.301426013
36708.4838606123
36709.9877608708
36694.1841853823
36696.8115018093
36728.4860720461
36712.8825701192
36691.9977291728
36677.3058947766
36695.6663232441
36696.22695711
36685.2605133716
36739.0832646322
36714.8940300636
36711.5147074402
36722.6473927735
36752.1504315025
36715.0214034316
36716.9691607019
36706.2442258624
36723.9030108426
36708.0199120378
36734.2275453547
36721.1074400107
36689.1764036975
36702.0215474223
36710.0309304325
36742.1874364876
36708.6771419369
36702.4861729293
36722.2065089854
36719.6365055206
36711.3630583906
36699.7009895382
36703.3268785856
36714.9581309975
36725.6816450768
36726.1091974111
36720.6602148168
36691.7004011878
36702.7486308834
36692.151570898
36742.6090287915
36709.7865689711
36699.0622738206
36716.1032616786
36702.3301960507
36730.4628606899
36712.9087218757
36706.0000346914
36724.3904674172
36725.9652299093
36684.1764888458
36712.7635285823
36723.4711885563
36719.7595030232
36730.6609500008
36724.2994722509
36706.8212434599
36704.2369241793
36722.5184275113
36706.9343548425
36726.4382747823
36684.3036713747
36715.0180133784
36697.746957182
36703.2354837861
36743.0445123139
36733.9465424578
36695.2364740344
36663.8762320581
36711.7942793306
36683.6187711785
36743.8430814205
36699.3914069091
36709.4076402245
36732.3204006698
36724.3503457805
36708.0911172341
36717.1781098361
36694.2371788526
36689.2247385642
36733.0999601294
36688.6858170089
36689.9514354016
36715.4182806022
36696.6377149759
36692.2679293145
36735.479458218
36722.7695880242
36713.1228266986
36690.9402549398
36695.997129235
36720.2474110434
36707.7353748075
36731.263868609
36717.3539352971
36741.9319950418
36702.995853156
36712.2839403706
36721.7067525345
36719.9547170117
36719.7204158097
36724.3647275388
36703.7557444379
36719.8274907619
36733.7872859684
36717.0973032035
36737.6319764861
36716.4353974798
36739.52797392
36705.7621195663
36718.3993404812
36707.407174615
36744.7773962284
36738.9567901626
36707.921228831
36718.5502700949
36733.4319492094
36696.9032096198
36728.0017227158
36714.9468289035
36681.4040309746
36686.6311635822
36692.480637243
36680.7987203839
36695.1292166364
36710.7962386537
36727.1916063108
36709.9992429376
36739.2713819902
36740.5713825417
36721.2378162648
36724.0861692589
36743.7461449724
36729.9052889387
36693.939781418
36704.8928303079
36733.5268104529
36704.1848966469
36722.5532709374
36725.5466996637
36722.4481895179
36734.9657170237
36718.4727036503
36711.1012615247
36710.1012814863
36705.9224653885
36749.5404915357
36711.2601785292
36712.3646000231
36716.9624171453
36728.3588637388
36707.9347398306
36695.1700693951
36701.4729988857
36718.9495973257
36727.2764833879
36699.1017838606
36721.9897139243
36728.8203502427
36708.2307329968
36737.6695329175
36691.0049293005
36728.0393443966
36714.0442352108
36731.1667308931
36728.7750764699
36725.9777051629
36704.0656606194
36737.7955196831
36690.9472238462
36740.3166605254
36698.5675859654
36697.3412100153
36715.7215682955
36726.9079600585
36712.1231269148
36697.9281400769
36706.1988516068
36704.1445738838
36719.7798066932
36737.5647646261
36732.5603605616
36709.7794797025
36696.2902616761
36731.4382659894
36742.1906567908
36695.411365606
36754.819900494
36713.4232277095
36688.7146629741
36699.6919784607
36699.8751913069
36701.0991079548
36692.5275008181
36735.8498865465
36683.1749405617
36716.8077678247
36720.0581355492
36719.13985345
36725.4150747072
36706.0397627285
36713.2298737749
36686.0698227415
36729.8484961008
36722.9331215576
36688.9635491001
36712.6714306708
36715.355669983
36712.2277432189
36696.1930622084
36729.3131928751
36719.9110405368
36725.8612782924
36673.5545422692
36718.2141341044
36718.5293513959
36703.2180516534
36685.8354705827
36740.9255651459
36717.7527111452
36700.7655489489
36726.4393272049
36694.9427498094
36724.6911323464
36702.1500200966
36727.900541872
36726.8868220289
36684.8081728756
36720.7350346816
36685.9262937274
36740.7042730369
36739.5784097797
36718.2933989269
36723.5375894382
36716.6423260402
36709.9293428974
36696.1425000367
36689.8822109114
36703.7518371596
36722.1848839712
