36736.6968969699
36773.0817018864
36736.3815856705
36696.7735922441
36755.104979846
36703.5096958452
36734.252134562
36730.6432061657
36729.378706653
36668.0074217629
36692.2279000599
36715.9670085626
36735.0482038124
36720.4676839867
36721.4658467267
36695.4464584915
36716.6023605093
36730.1480403552
36745.7030092698
36716.8450972839
36703.2389864324
36709.6358177412
36727.8344577621
36745.652939735
36722.8510295341
36723.2884641194
36710.8389237088
36730.0717512855
36710.1687043721
36725.4303442714
36733.805897209
36719.8838029576
36737.1632395445
36725.431817945
36695.4077824502
36739.7551358479
36698.3564971385
36697.046309572
36740.4990393122
36680.6343870306
36702.1592450747
36756.3431965583
36726.402190778
36717.8221537716
36692.1959537481
36720.7473005553
36747.3436730556
36716.4266687327
36705.6764800002
36712.8760583211
36712.4448810888
36713.9691687193
36732.6573784538
36706.8031508434
36729.3017000389
36695.009707735
36743.9861945617
36737.7433156009
36709.0038962934
36734.5283916006
36697.7239805569
36715.3788386762
36720.5379151138
36687.8403651598
36734.2130920725
36704.2719358175
36717.8225673764
36704.5651724055
36707.5624222371
36739.2668176466
36709.4878543042
36793.2289391834
36745.7087707808
36747.0561289943
36697.4176184952
36714.4531125325
36728.5668683534
36702.6909078172
36684.7158205283
36706.793823489
36697.728295569
36726.7161263809
36714.0371750213
36713.1142062095
36676.4019301036
36737.3200024819
36723.136227898
36741.7387301937
36705.7082340472
36718.2587792515
36719.6399181726
36704.5825107584
36725.4030188562
36707.2805643196
36696.5165442846
36735.0448749502
36734.7515710657
36699.1603433269
36745.238841278
36705.5122860179
36689.5229271019
36736.5537258398
36762.333973763
36750.6586580271
36727.3868220123
36688.7814001744
36749.5372324265
36715.1633479505
36723.9469073147
36741.3335897711
36696.5650231314
36752.1819492987
36722.6905096101
36695.3372664739
36768.9219982146
36718.6657726011
36754.2926668623
36726.1463071306
36761.0130455991
36729.3600938145
36726.9415930707
36702.7346294343
36693.2474736179
36720.7249356385
36713.3853330533
36684.6990622131
36758.6346278855
36730.2620089759
36714.8112251368
36710.0411255336
36705.8911597028
36716.329147719
36743.2389143343
36734.0014653039
36688.1236118101
36736.092294557
36698.2679784959
36706.7424571813
36745.6428140274
36711.2609479
36740.4966419739
36746.8071268819
36775.9411799866
36750.6089700549
36686.5929703963
36728.3771915347
36718.136006768
36722.773372913
36704.4460204975
36723.5517523227
36705.3226070392
36710.4993853002
36730.9002493994
36724.6549441886
36715.37019328
36709.2646872188
36708.4890915314
36724.2737839757
36716.7459193038
36742.3599199457
36676.5876737621
36740.2731656008
36726.3912279072
36723.9856439154
36687.6867499929
36684.6599652943
36711.2604160764
36710.5653618256
36773.2872061453
36737.8547101183
36708.9582765088
36705.8055717796
36710.8824876163
36716.5713493366
36725.4673580359
36720.0262145117
36729.2625295861
36720.8265506526
36716.4149381954
36722.6766041845
36704.1531401636
36726.1225680452
36734.8205217219
36695.572573528
36711.3881437851
36767.1841996622
36746.3401420055
36731.516314781
36740.9984008183
36737.4053386525
36736.9300107605
36719.3861836598
36758.6263852136
36731.4019509395
36722.0152723805
36760.5995949502
36687.9133668469
36711.742904035
36718.7269629488
36701.41197704
36711.4740053081
36759.5327788492
36710.320351789
36718.9197295299
36689.0660804766
36749.0115378698
36696.7889380466
36711.2605216953
36733.9917369259
36702.8575478463
36691.929555268
36742.3255194836
36680.1958136573
36704.3959672386
36730.1098554048
36756.4139247539
36690.5601471998
36725.4122617658
36733.4649806859
36704.8282283281
36742.2747000487
36775.2464990269
36723.0559502051
36715.8219949129
36716.6302756385
36747.2423599047
36749.5060154064
36708.6795042767
36715.1031338903
36746.0019944607
36749.5481222532
36752.8362565423
36680.4433097078
36747.6847508606
36757.0788220338
36688.1405090081
36740.9346612192
36715.5123367038
36731.2117973736
36714.1867852161
36730.3419400477
36716.5998292881
36765.7531132731
36727.5556627973
36695.7760397618
36750.3019676086
36709.0538059451
36712.4883439071
36713.9022122514
36690.3677079508
36716.6924649584
36707.4287226501
36720.0379905443
36752.8528174865
36751.6541696535
36690.4254641583
36759.6574358639
36727.2323848322
36740.5652355095
36702.7184465236
36692.0049330683
36715.3682866087
36733.3613282445
36720.3831317051
36733.3752248723
36736.8927770972
36777.0949654972
36696.6307812551
36691.6543530903
36795.2688893737
36736.3185330267
36680.1142912207
36744.1418310088
36712.0472659684
36708.6833187782
36736.2839221567
36740.7916571117
36681.6409705746
36718.8779121815
36715.4355589233
36726.3049482841
36690.509243869
36708.8456658667
36747.9675866692
36697.6498742719
36708.9619464427
36698.6714353492
36749.4006601175
36715.2188586597
36688.3214707805
36691.4816600489
36738.1522631845
36697.1623149163
36716.7951367103
36743.393911666
36725.4698779605
36746.4815965856
36738.2690133946
36743.1149667958
36722.0129171683
36755.0297346798
36712.3462542636
36721.9374213312
36708.4371024241
36707.5148940953
36702.6923249394
36717.9240461209
36751.5983079145
36735.8100009364
36743.8030760459
36701.1415975197
36745.1589406902
36687.1437792554
36723.0977053537
36724.2173951876
36699.2984532969
36732.7282307574
36724.518070702
36726.1979281974
36719.5560096308
36725.7593421745
36723.1672816158
36767.5155572107
36731.4464835824
36698.8692597517
36698.7982993724
36724.2996461973
36693.9630695437
36703.3986805016
36740.891847848
36679.5438514575
36666.3255385249
36724.1878037749
36754.8433669873
36706.4613056211
36677.1131533627
36724.8592006549
36705.3490559163
36722.1449024624
36736.5824791828
36735.6899963554
36744.2067541313
36778.070234812
36705.3946086314
36729.9941245396
36759.2147504708
36743.576709441
36741.5274207708
36712.5620624728
36701.658085992
36720.3610442527
36729.6507792519
36688.5223124741
36735.8576613022
36698.4260077852
36724.7206222918
36727.6815647815
36713.2442741222
36748.5488917416
36733.8748707719
36731.2270620083
36761.0812295381
36741.9409005951
36719.3546713066
36723.5863167419
36712.4099255587
36707.3950727632
36728.7157013988
36680.2937715312
36714.0136760839
36709.3389875188
36702.3663719597
36691.8544185724
36727.1995087809
36709.2745560359
36721.9484668617
36695.689364674
36743.9733357903
36680.474802544
36761.7328698815
36711.8877138882
36713.7034776743
36765.5056461115
36703.6198096475
36746.7939712471
36707.4586758747
36716.2730967214
36767.9165571075
36708.5277484421
36763.7120968041
36702.4937501772
36716.3528955134
36723.2978371758
36705.3537905109
36725.4228934272
36727.4150317394
36744.1055330148
36722.9017394372
36696.4108158647
36741.914382153
36722.3260582798
36748.5868452387
36709.7587569242
36715.1527530305
36731.4012774715
36743.9362479649
36758.3578481676
36711.6798141164
36699.7168402992
36683.1520598509
36709.4894558774
36743.3731001916
36722.3009165367
36704.3939581502
36706.3041380506
36702.2528133731
36733.3729427313
36746.129461155
36732.3803950893
36713.9366931356
36761.7615325825
36725.5168006045
36708.0605944252
36722.7107844862
36728.0322707894
36721.3530486485
36675.8096825806
36715.9097951311
36681.065841875
36717.9231239881
36733.2169036512
36751.9459633473
36689.8028795358
36683.5922291942
36701.7618263097
36716.2302141072
36696.3871552297
36737.1247693634
36719.3931778954
36680.3666806786
36736.8541684823
36700.5386847553
36729.5218860949
36743.6811123116
36709.6512352013
36707.5125022127
36731.4085323964
36728.7166722738
36693.6332535044
36746.6223202229
36687.8053764204
36742.6864552209
36723.7217165808
36714.0116254507
36694.7095218508
36728.2103341843
36733.6353987655
36737.155085864
36723.6913683367
36673.5172094992
36692.0758356793
36769.4031619153
36711.8800564852
36705.0461827628
36756.0710121102
36733.7272742159
36726.1124630198
36761.2661374825
36718.1351493696
36726.4025963532
36724.6930828205
36712.6120037499
36722.6416642686
36705.6909566759
36743.4461057978
36745.9157259696
36697.0038007967
36720.0055204451
36755.6556949513
36713.0839777936
36802.2577618824
36719.0774375682
36725.3140611466
36741.5095945987
36755.8596757137
36768.3127091361
36731.5331522199
36706.6136457594
36696.8289885778
36758.6089339077
36758.0168673377
36692.4894693111
36724.0405679997
36705.0923479922
36720.3117074159
36714.0252262802
36734.2428028272
36740.9557248522
36680.8356791985
36697.308065623
36685.4348864221
36704.7037655885
36706.3272765461
36720.0136807703
36722.7314557965
36715.0603336401
36721.3390222484
36730.8671966313
36705.6738098535
36747.2102006002
36709.7082889879
36722.8299794512
36699.5319349831
36736.3144529327
36741.5562720611
36703.9268381065
36753.6874620889
36729.552642501
36726.8507771281
36717.1284730749
36730.1363385315
36715.6186913977
36733.4290299125
36720.0071568045
36734.3711000218
36696.6394742742
36674.7458987534
36760.2145053569
36724.5668171282
36706.2123245824
36715.981809748
36739.1007357452
36700.3623193384
36711.8308524194
36699.1323228439
36726.8387730777
36708.2979024238
36695.6971726182
36734.3581390085
36697.7886003504
36719.7243638862
36722.1943301917
36669.0392943113
36706.0729471044
36700.8932423572
36707.450596414
36714.9140915733
36687.7753979678
36753.7512905557
36743.6367857891
36700.5810764293
36777.138154079
36708.4406900371
36717.0832778075
36729.1835932479
36723.6124412119
36716.7190853013
36729.4524445629
36737.5450291028
36723.3018001821
36702.3296780001
36710.6246347916
36698.3903817033
36697.7537942415
36730.9197386086
36710.0009782048
36705.8720540321
36710.0360777879
36735.7601367549
36718.5650514769
36721.1803802041
36725.629296013
36705.63641205
36737.7708415677
36684.4523319013
36689.9102805214
36700.5579743401
36695.7817855239
36693.3177761125
36691.8218290291
36735.7154376019
36701.1336992848
36738.1353968822
36732.3404382176
36737.6073237093
36713.2876074674
36694.4189184122
36752.33505714
36715.4700079595
36718.1662136007
36737.592548723
36724.27147987
36733.4830806166
36711.8487241809
36747.5082580669
36703.9281134668
36733.3190866508
36719.0776073554
36697.4222882513
36689.5547943835
36705.8870178339
36714.7034880547
36702.4398576046
36711.1725407377
36707.7343737172
36698.7589665151
36723.8572661557
36754.7457119172
36713.2871556814
36727.2212825411
36684.7413786887
36724.4715303845
36728.980226925
36706.9104442275
36692.2660089558
36713.9573037779
36722.8128571593
36683.9342132251
36766.3658192822
36702.2405459066
36747.7071756429
36674.808422429
36712.89659491
36691.1746899678
36702.3733818741
36721.4523223584
36757.0268045123
36716.0981984487
36695.9431872289
36770.7171333056
36726.6250797635
36747.1648679422
36681.2885977567
36713.3826056275
36707.5443314564
36713.2851458031
36717.0427117444
36749.3489995601
36723.5663500809
36724.0381662186
36732.0154958031
36742.1363125046
36772.0067980594
36696.9793917904
36736.4699956995
36708.8519652021
36715.182360109
36677.0725630464
36755.5644065635
36721.2772233624
36730.107978639
36754.637002948
36756.9596141042
36743.5844223977
36757.5461569627
36716.8319691232
36724.3911889867
36734.3191550634
36744.0559487636
36717.1091620162
36713.1453099338
36704.9709122307
36713.3406907533
36720.0423641039
36761.0279044845
36752.9084106475
36748.6965866124
36669.8662343272
36720.7155382771
36732.8368758737
36767.7185054875
36752.1396437455
36730.0431837722
36695.7012088825
36734.6617837515
36732.2610021014
36694.9891606485
36709.2893617281
36709.5932262851
36724.6488343301
36722.062949984
36691.2537401723
36756.4969519989
36722.729818397
36735.3284691207
36693.6372475765
36678.7017703385
36716.6724220082
36712.5481586692
36736.8653779219
36736.5584435589
36721.5139895655
36762.4822497789
36721.536759949
36721.0632910873
36794.9756732431
36719.370431977
36714.5007239845
36731.9879023441
36785.5496631436
36664.9656176227
36726.241632607
36703.2020154917
36711.6894178716
36725.1253300522
36712.7845072354
36698.1587191134
36727.0930219047
36725.1742809824
36752.7668149847
36756.9343844722
36733.7244091623
36727.9538742088
36724.749299479
36736.0395462297
36685.5302787059
36684.2260685224
36684.2609489744
36729.7931444889
36728.5175783393
36717.6167270911
36735.274030021
36724.5292476262
36737.7045872783
36694.1412149606
36729.1761649002
36699.0393301932
36725.8563674015
36733.5358492903
36694.8687329252
36687.0672916013
36742.1322439009
36731.9585751693
36715.983792809
36724.4706367578
36730.0448743751
36685.195657752
36749.5223331789
36726.1396978858
36722.1223308111
36711.8738334964
36747.2481224263
36712.9655694713
36709.4526774803
36707.9699528089
36745.7746221293
36709.1208842118
36747.0897499817
36728.939335775
36722.5734390413
36751.1294093239
36696.971319143
36718.1893275496
36681.8802558227
36740.8800081152
36726.3699245836
36719.565811285
36714.4885653195
36723.1185490416
36709.5539814308
36718.7883879631
36685.7681312613
36708.2356663644
36710.1381356227
36721.5111479209
36749.2031028282
36738.351699426
36723.8288388168
36714.0846000989
36729.8969361606
36692.7684930563
36707.4914762203
36764.7768359617
36757.1652227032
36714.5641468035
36762.0501045537
36765.1550894032
36725.1784446973
36679.9563154206
36733.0559090237
36747.7203018651
36735.1937056809
36705.1397186094
36749.3425482472
36742.9695082747
36715.6007936981
36731.833734267
36749.7660046932
36696.6969331781
36735.0866619327
36682.3321280229
36703.339857127
36742.8377899146
36702.7486316673
36783.0144289496
36701.8039371277
36727.182129393
36732.6670536849
36749.9122468908
36680.2526276938
36707.2324485141
36715.2218332522
36697.0674278108
36746.9536653276
36721.7126299015
36762.4221490956
36736.227429768
36788.6707923524
36717.5778417896
36759.6612663877
36721.2298680922
36730.2446092723
36723.4463800563
36692.1968509662
36685.5645640792
36732.4221675975
36758.1672914258
36721.0898545032
36719.0016915838
36717.4943116501
36713.6265996875
36734.4734637386
36707.4104952614
36674.8703469663
36760.6820013506
36712.0435288218
36748.9133878851
36711.7939112874
36730.9831186307
36776.1197072759
36710.1996872055
36739.526347182
36721.4806712442
36731.0367266502
36670.4870357208
36704.6384589196
36686.3030431215
36728.7762610381
36759.8700624157
36729.3891295205
36705.6218521112
36704.1952318086
36745.1391359422
36693.4448612434
36724.7712772674
36722.7810673012
36725.455642998
36689.4417176845
36749.825772849
36734.4562642677
36714.8089638546
36700.5003007683
36711.3902811081
36670.1929988727
36694.6230513911
36753.7711990589
36738.8189310753
36710.9059190427
36770.2041018915
36704.2271364994
36735.4443118726
36709.1439325992
36719.5002480683
36739.7556245512
36691.6989766908
36705.3005726328
36716.8352664255
36740.603762266
36698.0089887743
36694.1031441636
36705.9037472494
36708.3617329883
36730.2702523753
36690.726775418
36745.2047684964
36686.5260725861
36681.3937959467
36736.7246333454
36764.6925811029
36717.5848728769
36714.6996272019
36687.1925071426
36692.9941813264
36685.1744897036
36720.9802153349
36725.4710488956
36709.1525190097
36684.7117562957
36704.1554872431
36733.5692568471
36738.0875484614
36726.8416091067
36730.8086760101
36710.999591846
36753.1512204327
36718.8235027904
36687.3007309543
36708.7569844831
36715.3222706677
36764.0940689349
36732.5218803128
36708.4862177141
36673.1529861549
36715.0430160542
36694.3215373915
36727.4214938974
36743.882171647
36714.5400928778
36700.5058862861
36735.4656713429
36699.8416622599
36758.1766433274
36749.0344736131
36747.2886048397
36688.3793196253
36711.9251980006
36740.8247734414
36721.0537174275
36676.1062306315
36737.0913718387
36719.8104423827
36738.6604991183
36705.5915039144
36756.6552572425
36728.7571899788
36737.2335889798
36703.0945487394
36735.7896100164
36713.1531235524
36724.598411603
36727.5077344557
36720.3876991263
36711.5759341915
36754.3044673164
36707.1447150315
36696.9326944668
36740.1526377606
36688.3744419903
36733.5059766889
36704.9297881263
36680.0584850741
36719.9318857832
36719.3527155729
36698.7103602784
36691.7649317646
36710.4047653181
36723.0662320952
36706.7104640527
36748.5510287237
36728.1168002177
36718.2214338037
36703.4147984715
36743.121720123
36721.0675286207
36739.3679071913
36767.545442596
36754.2613358417
36746.9263359879
36682.3385337493
36708.3073667362
36710.3652688607
36719.2747992019
36703.8688449564
36713.7573577241
36730.3077708801
36703.7460329263
36694.5362058445
36802.3206695128
36718.4457841033
36722.1071806107
36720.382037543
36713.438245875
36769.3519462107
36791.6703951367
36730.1404644222
36749.0433076327
36721.8134000236
36725.4579990449
36709.2055464311
36712.3553773651
36743.5063264629
36706.8455728896
36767.8722452569
36691.8739349819
36758.6288560823
36733.5110640788
36700.6752834658
36727.0154634151
36729.9568712721
36734.5642953035
36718.4645571954
36723.1997966517
36720.3295434614
36699.6757025825
36754.4594865418
36747.6040435699
36781.2958276477
36738.5946966757
36720.4661062753
36666.2480832686
