36744.0777361559
36740.236888675
36699.8035081452
36676.8924588037
36728.0635499179
36698.4190785318
36671.499519981
36658.7127246179
36697.754827993
36727.468094548
36729.06003708
36701.2436608169
36747.9449929569
36709.495051971
36714.9634382001
36723.6976900781
36714.9467127426
36730.2302974098
36723.6198123542
36709.6451220607
36674.6759574488
36730.3613636267
36721.9614879983
36697.9111212936
36713.003986693
36687.2467637354
36687.1394998218
36716.2758714076
36710.3783936519
36690.9050463302
36717.8703744935
36757.8777081901
36709.0878408695
36706.2929886109
36716.4280864021
36719.2299794845
36681.1563156575
36700.1387361729
36693.7556845533
36729.181194635
36726.1240971736
36719.7562343832
36701.3473247992
36700.3315225071
36727.5256719872
36666.4960742859
36710.8102930353
36708.8337788526
36726.3722910041
36732.8644340594
36710.7408132078
36717.4235488594
36679.057149421
36709.7797867277
36720.4603116318
36713.0848803379
36733.3759450002
36679.7236076095
36716.772865332
36739.2540572095
36681.4872999664
36728.5629001466
36756.1092075188
36672.2681615508
36683.1350956372
36707.0249871413
36705.9330015985
36714.7457845815
36714.8849848199
36721.4171748006
36731.538901568
36697.7602738323
36711.0139855931
36717.5571824358
36726.9037542267
36734.6027082145
36718.4190156992
36694.2433373607
36718.3438469317
36736.6237850411
36709.4605481235
36765.4461123194
36702.8025891596
36718.7223505302
36707.6456726763
36703.883700593
36686.9216331136
36703.1740362845
36722.5549255008
36675.0277375848
36758.0391991699
36731.3839589698
36692.8690335511
36735.7404576248
36694.6074044732
36714.1389945892
36770.9062208939
36700.6041597931
36685.9661324837
36744.1035003782
36697.4928320817
36707.0652551366
36715.7929793396
36711.9728737175
36711.3786843513
36729.3970142596
36693.3317784982
36679.2895234321
36694.2311589527
36721.923375839
36698.4609873419
36725.756959524
36683.8153623622
36740.2799853157
36696.1388521781
36701.7591707296
36727.407323257
36685.4708922336
36680.041552715
36676.6390734504
36716.368401587
36734.1664867174
36740.9952904964
36700.157472514
36704.4429303229
36698.0465275211
36728.4100851173
36746.9661739204
36753.4956963366
36698.129870718
36718.4764493441
36769.2100453417
36746.3862920262
36732.692145689
36729.7340231868
36692.3072136712
36703.3216973256
36718.9252150377
36753.5736315607
36733.769836513
36694.7751015937
36741.0794615506
36706.6969389917
36705.2831669433
36719.4085198571
36729.4441458428
36712.0951183729
36730.9339902676
36704.9941979465
36734.8461144191
36684.8975170729
36725.9499043065
36724.1549546002
36713.8835168589
36715.975356042
36709.9620464186
36720.360738861
36709.3048103414
36719.5661391904
36717.9408112647
36738.8474099442
36719.2991531827
36694.5656585916
36721.8089587976
36696.2089378755
36738.8074360169
36722.3537669361
36686.4047883368
36684.0773755717
36713.5845111639
36695.9591965059
36713.4784856698
36752.5739774983
36685.6275049766
36728.6638294803
36727.4591475489
36722.2869696177
36721.593705502
36692.792594325
36683.7623344051
36715.7817498268
36761.8987792319
36731.467391792
36674.8380909566
36734.8960870987
36717.77048425
36699.0805747641
36710.8570506083
36722.6157092867
36733.8465324139
36709.6573940369
36698.9510423995
36683.958449601
36694.1966869454
36695.789752214
36692.8903506679
36667.1327384636
36676.0957027588
36707.1628783048
36741.9296576705
36730.3395058516
36724.2737003278
36703.1749428346
36718.7074011228
36723.1000734585
36750.3884780491
36694.3257587634
36691.7982421029
36742.3209843608
36673.5786727845
36708.2537627887
36697.6730488131
36705.6117760601
36709.4497141554
36728.4729531501
36742.2805749297
36702.0765035351
36697.3972591891
36729.2805840428
36738.7775693988
36718.7189491939
36702.6492512311
36661.1636218684
36682.3193705589
36723.7346213744
36721.9985907421
36731.2733578133
36716.2089895526
36705.6948044219
36722.4894428846
36738.445341998
36718.2672697324
36701.9038771937
36724.3420148606
36680.5579453921
36747.1741635152
36740.8293437694
36698.1734851498
36714.3293475065
36706.3765329031
36705.9859630663
36707.5362532244
36725.7065670557
36686.524644251
36716.4978456296
36713.9820065072
36710.9790846964
36754.4123712915
36742.2213040096
36729.5786260089
36695.0031172357
36706.1878431259
36697.2966381055
36729.2824999344
36723.2774841557
36680.0256849384
36733.0240509293
36694.746512197
36674.463627227
36690.5010027337
36687.5456936299
36712.3246789498
36736.6519787082
36697.5285849883
36695.3279268145
36725.4937550851
36715.0333143906
36776.798998461
36705.6977526135
36700.0885388867
36714.6556276374
36724.5346853984
36703.319771901
36766.7093599012
36740.4072671529
36685.237165835
36680.266743725
36694.8370655911
36684.9479602249
36726.1649477519
36694.5748959187
36736.7301557022
36725.923590067
36703.1657368983
36675.9222022217
36711.5398416975
36709.0894776391
36719.9429174838
36675.2907937611
36748.7542969266
36722.9890177657
36734.1442921708
36740.028440727
36672.1472506039
36712.8029494775
36738.724018143
36707.2912908081
36701.9245379791
36718.4288034548
36740.1486868512
36679.7670504561
36713.3735110964
36683.3569998402
36669.6531821009
36723.4603174212
36757.6768927659
36692.5947305932
36733.4982472034
36699.4201034292
36710.313740926
36700.7987668452
36744.2504607217
36720.7341926877
36695.5911963476
36675.2542462813
36687.7616835014
36654.3945325633
36728.2835763867
36720.0566498716
36711.2857083364
36719.6813975735
36703.0077360872
36711.0297591173
36704.8568271997
36721.7398905949
36729.8541085565
36717.3971262335
36702.9513734342
36735.2996047783
36746.0235570849
36697.8386176392
36736.8931672465
36716.6972975403
36700.0250595393
36685.205213542
36679.995171573
36723.8492658231
36732.195878474
36714.4114987516
36681.3655114282
36748.2821750551
36716.1732315217
36731.7179041259
36703.0322161144
36741.5398102726
36707.1048928244
36740.7065955531
36716.2227391885
36695.5118328298
36699.3825680608
36733.1268995719
36729.1730849837
36734.066328107
36681.3714687726
36718.5327714386
36708.5815167538
36745.8697197778
36746.3843335708
36712.6500762473
36710.6291923937
36732.1107572071
36716.9953864285
36701.7828890457
36719.5724689445
36699.245351113
36699.948141171
36705.7218376266
36685.2514913434
36731.1142809042
36725.6252293619
36704.9459299451
36714.1844386866
36707.0309432319
36691.8336307169
36725.996297169
36700.9617761643
36732.3111830756
36707.4594910986
36696.6171342186
36675.3517094334
36714.3412192876
36696.4992412319
36694.9861307888
36683.7521718242
36735.7253670246
36705.5678586127
36725.8315913056
36748.8579583274
36698.7995019083
36720.6830549626
36719.7777078425
36718.6241748931
36685.1492806296
36690.134135669
36724.6492058915
36715.9484301981
36683.6710041195
36698.4626949213
36714.3935692493
36720.4701886248
36710.584168342
36750.2150013803
36707.0943778493
36683.5429649044
36737.2718607505
36666.6223841222
36741.1259365532
36725.1728181325
36731.8898246639
36697.4893032523
36704.3034458515
36704.1562687098
36704.74974751
36689.8707857506
36726.632950557
36744.1964000458
36751.9111004891
36746.7459995731
36729.4229047824
36735.4738457588
36691.6552659371
36742.6076795888
36670.2292001814
36723.2380197436
36677.1868560476
36700.532756702
36724.7079539239
36717.196310111
36707.9991034891
36726.4382970506
36697.231754663
36676.6685437992
36664.520542522
36707.5796594294
36742.628141941
36692.6778887766
36722.8197577737
36718.9427765169
36718.9698996143
36703.984358699
36762.9677314237
36709.811366985
36692.6030374617
36703.6047748408
36733.966099871
36698.7248570906
36725.2611709085
36714.9405564437
36730.8573344849
36695.1735518291
36786.3741868749
36733.6690226336
36723.1857476345
36717.7707475657
36721.7459912642
36740.8444397252
36747.4407713441
36683.0096760465
36708.6354054599
36712.5996766702
36704.8829368528
36684.0404297504
36700.8344848108
36711.0772825822
36709.0705031605
36696.5532991939
36742.3886062966
36714.684925385
36677.0296603822
36680.908501711
36672.1113205617
36723.2711682917
36743.9618538329
36691.4579875822
36688.2538352718
36702.1052932113
36715.8419328899
36697.1379674461
36684.2111865304
36731.0029525629
36708.4532628232
36720.7483799056
36728.2371039078
36692.6892152408
36686.8081742267
36681.4303647898
36718.2551724375
36735.4161703974
36715.0674673086
36747.8071931386
36711.2437610665
36688.2354409839
36692.3506212376
36740.8576159559
36662.9991935099
36711.8334192614
36674.4024275016
36684.1533984615
36723.7012460765
36712.3829824512
36716.7342077824
36720.056596168
36739.7664329466
36705.8839528851
36742.8481532233
36714.1628265193
36720.4155036095
36685.4309678029
36724.4882302597
36713.8667623634
36677.0358160024
36711.6804854307
36696.5088587646
36662.1076522886
36747.1055512057
36691.9193874366
36686.0587159738
36688.7559424073
36706.977949856
36724.7464523853
36736.6533199585
36701.2375406202
36686.8882414753
36732.5192443277
36669.748429303
36723.5076218298
36718.3333131703
36695.4124194797
36719.4550381619
36707.978438891
36728.1068108417
36690.2234620054
36691.4976936134
36702.2825760264
36715.5830920559
36692.7895934611
36717.4795850927
36690.4234908833
36703.3485235538
36677.6706522008
36685.8315010924
36718.3472623061
36672.7489717468
36702.7148178015
36721.4271301446
36728.1437018017
36690.1693950893
36669.3758265487
36706.3362951401
36720.2414777263
36693.2042414823
36714.9789820387
36688.3864318375
36720.4691314473
36727.9690639386
36717.1561636614
36697.4818217458
36687.5118904616
36738.0362981575
36692.5807399278
36769.020134107
36719.1650087289
36734.7800720725
36710.2953763139
36723.0470860242
36750.0520122726
36700.9110390661
36729.2809537729
36718.1866779172
36713.8345021584
36711.1849972251
36721.8548453134
36723.0484748908
36706.5238667048
36718.5914410474
36732.6968439891
36702.196036593
36699.2337372055
36767.0679331101
36712.4507087688
36708.8214106121
36717.4649701252
36712.9764436632
36729.9128547126
36701.5439817919
36727.9216984908
36721.2895663559
36683.138954343
36696.3400333324
36708.3246890704
36762.8067588877
36702.3078543049
36723.8176023719
36733.3687150722
36755.4059634588
36756.5492682782
36707.6259953024
36704.3655852375
36729.2559291852
36688.2334786637
36678.8258651497
36697.1290719436
36699.3692538713
36710.0483630197
36741.8512875629
36742.0359534487
36731.4157372478
36721.4427707975
36666.3610029084
36687.6958790707
36723.7515066622
36732.6346013421
36687.7955330604
36721.3157254161
36733.2061254057
36701.8964764958
36749.5245921829
36707.2937762127
36743.4010099995
36754.974368491
36713.6872992562
36701.6958542936
36685.5123120169
36722.6180512315
36707.734197619
36719.6894815172
36725.8206200135
36678.9433914767
36682.0407556257
36703.6636390538
36723.1584502998
36742.4452574771
36699.8941640549
36727.5968352431
36685.3987744607
36704.0058751583
36724.8020587065
36688.8189436894
36699.5883972816
36694.4619671036
36697.0689421173
36698.1852040863
36714.5395144814
36744.0116519884
36685.8772310962
36717.051990162
36697.7900936932
36707.2993149825
36705.9263868452
36692.0067110286
36741.389192754
36732.5377325216
36761.953501072
36696.3839028745
36690.2082482641
36714.4447879071
36692.1199902567
36701.601416837
36692.7746456401
36696.7164254133
36692.5729687451
36654.8819239368
36731.0523452846
36709.9842203685
36702.2947569566
36711.519458502
36691.5159257605
36735.3224608868
36709.1577016671
36726.0085734769
36721.7167814258
36703.5674496665
36750.5725650873
36712.9180384743
36724.307379311
36732.0288205755
36712.5617414666
36703.1971160776
36724.0897006303
36687.1275198841
36721.5523668681
36718.2992703537
36693.5955536512
36745.9790881377
36690.1256641152
36691.5734298634
36723.0188285147
36714.4182298636
36713.0039480424
36698.1793671382
36718.7336513721
36722.4821603813
36750.3961536553
36726.1158385014
36713.4629434213
36694.9592090223
36737.1826354607
36729.3124549529
36679.0925945531
36749.8996540511
36735.9386420361
36750.0441414568
36696.7452406783
36701.6605369023
36719.1911410421
36691.4439199161
36724.3134013497
36720.8758344209
36698.0189479643
36699.780217233
36730.3357203324
36712.6368978298
36709.2112040571
36730.8631720326
36743.0777273453
36715.9256025552
36708.6038743945
36722.4928849722
36724.3742196503
36710.972428231
36741.8715164404
36717.897309706
36733.0508623663
36726.3654254817
36675.0228712953
36708.0847277401
36711.6820276067
36703.0910749628
36672.5512389428
36740.4920961274
36732.3104973967
36718.1819727371
36713.9387666437
36712.9107550273
36752.9081043278
36676.3402839322
36778.888648368
36678.5780214933
36709.3266830909
36742.2653499804
36761.8548124316
36789.7213128036
36712.5309330312
36727.2117439303
36688.379517303
36722.012351826
36700.8124751924
36686.4874815813
36716.699030606
36675.9256209905
36730.2412951665
36679.2636143438
36724.4308594151
36720.8414392154
36692.0872004968
36717.3229485581
36729.1733273274
36716.8689389339
36706.6010594737
36675.5049927624
36719.5099879899
36712.1423428444
36730.4863955428
36694.1766889642
36740.8959655678
36704.215851563
36731.1879767853
36712.9753443064
36696.4123550257
36716.5637316853
36682.4765149372
36733.9466875793
36718.5117694528
36711.4152434243
36671.985239238
36685.084538846
36737.9902374304
36705.5676370042
36717.9255988044
36719.7767551099
36748.3605494283
36709.3060689815
36719.8023312483
36723.7326719449
36711.8261630677
36684.9463459027
36693.8210826452
36717.4313429141
36721.2899933022
36701.6053342841
36703.3445107908
36703.3110915356
36695.5183932153
36748.1245586192
36708.6641819737
36733.4896924653
36706.4916696376
36720.975802884
36743.5086946941
36741.4034813914
36688.6519816643
36695.5440466673
36673.3065358806
36721.52269939
36740.1887692936
36729.4898826772
36689.226071309
36733.6040500261
36736.1951263934
36688.5203197524
36693.9386361088
36723.3288327784
36724.0181450622
36699.9262422107
36683.0847973246
36655.1693655752
36731.6105463421
36723.7385132357
36708.8658474504
36735.1292405161
36701.3050075266
36718.8247496894
36684.1030945349
36680.6703060402
36713.4557802593
36712.5681682211
36668.3354224448
36661.9881122963
36734.8149070729
36710.2310442137
36707.7507040573
36742.9075659887
36726.4066267787
36727.7127787444
36705.267577464
36734.5659794534
36684.8553185589
36672.7648636127
36689.6673992787
36723.080760036
36732.6369554909
36702.82005837
36685.7936833771
36721.3224619894
36722.7093427683
36683.454628764
36704.2401707335
36670.3953047503
36717.1080483358
36688.8679820759
36696.9005042183
36736.8731346101
36716.7016653888
36700.4338455424
36711.6019356975
36702.2394309435
36706.2469863458
36702.9816262883
36767.0646713493
36744.01745668
36686.7247332131
36722.4095010698
36708.6089992211
36730.0719855299
36703.2043065124
36717.0037923978
36691.3441915011
36701.1364606094
36731.0442825677
36726.0050862858
36741.5446790701
36734.0651980443
36738.1690616766
36725.1701681805
36701.7543339746
36677.921650628
36674.2506592508
36729.720454681
36746.0847050707
36710.2010815562
36760.6589909069
36724.3528716099
36704.2688273032
36673.8614545905
36720.6558169421
36735.3872310995
36722.0503380474
36725.1515333601
36757.3059493397
36722.8606026176
36720.7429029728
36701.2975716787
36698.7656386935
36721.6622319521
36710.5982185853
36681.7984587501
36748.02291017
36730.3801608983
36694.7865026946
36708.5085023862
36706.9617351941
36706.7973610471
36726.7985490271
36750.8212918196
36693.9532213761
36730.2857163965
36716.3874871905
36728.5472492829
36716.4938796486
36738.8368895082
36668.3965580674
36712.81673228
36688.9685357114
36662.5198828837
36696.1894891341
36712.6655382664
36726.4459038213
36747.8910697991
36690.5718049625
36710.8557552857
36700.7788398706
36718.7155441182
36726.4846866618
36701.2042093994
36708.4203369023
36734.4390602658
36708.233779691
36707.3289071927
36679.6353194273
36728.9118067101
36731.9016562744
36693.6358037315
36727.8758574699
36723.9488547889
36702.6071299984
36731.7612041639
36688.3807242774
36718.6961070064
36721.6998374172
36719.4106383855
36683.2302511346
36673.8449895111
36720.2277607196
36740.5811678951
36703.9531588698
36676.5717124484
36735.6172368268
36702.1313350811
36705.9777967322
36719.9490796826
36690.47360817
36724.3741839456
36740.8785400181
36717.30474972
36713.9368273934
36710.5962016489
36700.7079769642
36692.4525431053
36702.9714968266
36715.9033513634
36707.7878515188
36707.3774463745
36715.2171164838
36697.5076683499
36711.7839955491
36738.7336402459
36731.5153799319
36680.3586861069
36709.6346454299
36726.2367639295
36698.0225996932
36757.4372211869
36721.4246739165
36712.3775733537
36688.272539889
36713.6154735728
36724.1461903933
36697.0849237048
36736.2196217612
36725.3551294798
36704.4744812659
36725.6103002355
36710.7259489976
36715.2573371988
36694.4417652846
36703.7934705189
36710.2687322568
36718.4242849392
36746.6595382599
36707.1496102687
36709.0428952388
36717.8697813475
36706.7581078595
36712.6491941725
36702.3547919717
36670.8675304148
36726.0330348095
36729.0610345753
36718.2997604717
36718.0281406411
