36744.117261463
36774.3116060021
36760.4068506022
36771.5367128074
36733.7809875681
36782.4623004241
36763.491885131
36802.1758186088
36755.286937238
36771.4677534555
36776.1496748022
36820.8039064743
36772.0493252224
36771.7111648233
36769.6468454376
36777.3157193506
36808.0613548387
36778.7290587918
36746.8970680691
36806.3098480645
36809.5564263758
36700.4637669206
36736.6291737206
36747.9950402461
36779.7564183802
36799.9234654677
36716.5385826125
36745.9463010194
36740.8097247388
36813.2796692752
36749.0105601635
36725.6317918463
36741.3065614672
36739.0696985602
36767.1646333576
36731.1825815848
36808.9222433215
36798.5763859104
36747.1405768324
36800.3871847175
36775.4524426548
36771.9918431703
36692.4132232823
36755.6675624768
36763.3172733896
36800.5231124095
36756.6108550423
36740.7719400164
36748.3701111627
36735.5134575779
36780.1262776111
36770.211332467
36750.3572101642
36772.6021135067
36810.4149804042
36781.8643215088
36758.7616152488
36819.2207531151
36824.5006410447
36797.027641642
36788.0285020266
36763.1271416712
36714.8423288
36858.82079389
36769.5986377769
36755.3233238568
36811.4669665505
36726.813148143
36777.9910475531
36718.9167219056
36789.3452023925
36776.1723858067
36719.8847941617
36766.3391884176
36753.3784084925
36747.6254631738
36712.6257473032
36773.5403522193
36761.3710108139
36770.4769648108
36741.0135147387
36741.3462610321
36756.9234955178
36738.7777578896
36741.2292285779
36774.1170901014
36745.5012372741
36712.9684612823
36793.2035176288
36764.7215515427
36757.3209920094
36824.0700895348
36803.9112554584
36731.6124722072
36781.1655610533
36765.1445275666
36756.6666022718
36720.4581534627
36768.1241299959
36815.8146712246
36653.5682518804
36817.8800356817
36769.5808168178
36758.1387582703
36788.9724697627
36765.1206778022
36749.1911306394
36801.4820883066
36797.0489530758
36792.1436569109
36721.0916722499
36763.3224845361
36763.6885763799
36769.3360933643
36817.9230701526
36742.5588942201
36757.7697997031
36715.0051997802
36734.0418050671
36722.4961062815
36826.8192247439
36756.4808392843
36773.492675096
36804.8344290155
36802.7499760022
36792.6936953824
36764.4342002823
36751.9959739045
36805.5306186268
36705.1500748552
36799.8164575348
36758.0667894505
36744.2915739979
36771.407624374
36767.0420596677
36725.4526375062
36752.6849087093
36756.7032304723
36701.7484047291
36803.9141914707
36754.5407145199
36770.1875613387
36772.0917248727
36772.0069169766
36802.8366286666
36777.0356120417
36733.9693128371
36756.2199473372
36770.9687335275
36741.6551208226
36765.5950788259
36749.1518165459
36790.5870405815
36799.1473229946
36776.0810519902
36764.6709188788
36760.2769178123
36799.8140150135
36757.7695677545
36817.0998957041
36795.1385824434
36768.6664425326
36766.8395037412
36757.5538315976
36743.3941038319
36731.433173093
36748.3267719921
36756.93407734
36817.465810995
36769.2558274221
36820.6411367407
36798.9170608481
36774.0770890094
36789.3826403799
36747.9683350973
36780.565992781
36777.7283693182
36760.6177254893
36743.1015302543
36747.2601094555
36758.3124730228
36752.0998950354
36728.0424320706
36751.3067112106
36793.2787676006
36751.3113397511
36756.2999153125
36775.1176859493
36772.3906129697
36766.8272655201
36778.4232726837
36776.2930487336
36752.1823759248
36782.5353222702
36798.875226927
36712.9817456238
36788.8932414072
36750.7511254571
36747.993022604
36784.4049128615
36739.4760381255
36720.7668197149
36789.6033295885
36742.1105916804
36771.1272404402
36741.8622749448
36710.9840029391
36761.2550148614
36756.1748531773
36739.2037269193
36777.6481134648
36734.8833012404
36795.5911755298
36716.8512366817
36762.1156060062
36764.8952475543
36817.6189433329
36805.9054579061
36804.4786649662
36744.7725072283
36847.3075225165
36780.0794267828
36747.8688873981
36759.2576780687
36838.8530762723
36741.4716395024
36779.688625357
36740.6966937947
36797.1506426957
36760.6717983527
36820.4481964389
36754.620066958
36742.1765036765
36754.1147870427
36755.9503043762
36829.6721663723
36731.2949881976
36737.1126295231
36789.5485945466
36796.1295407985
36809.3404973566
36760.2055115543
36802.7025961454
36798.5503517772
36756.5468242569
36709.8161418673
36778.8037013861
36750.7915232936
36785.0765487445
36781.4215850547
36825.9481080948
36732.835619413
36786.3264043203
36739.6499081969
36750.3143764298
36735.8572905369
36768.0369911158
36760.8356998287
36809.6843233271
36766.2781251261
36814.1245586586
36699.650435668
36757.4338714307
36745.9690127094
36751.9310672993
36788.3397136139
36797.3894577499
36836.1471695614
36787.403609388
36820.7274911687
36747.313972317
36781.0365069536
36760.8706485101
36773.3973758853
36732.4108487672
36731.9967051539
36803.6259701411
36781.3436288852
36734.2077408721
36816.5909810126
36767.5213176872
36758.6325145551
36731.0230012208
36764.165893262
36740.3055071233
36766.3779487497
36770.8437345826
36708.5359831282
36776.3834122887
36717.8021025714
36753.189069498
36730.0410959437
36798.6296934813
36714.1170226223
36813.2241967562
36787.9373854261
36804.6630332598
36764.5089382188
36754.9643638914
36744.097546985
36719.2130751487
36758.9987390755
36763.147639332
36717.9475372981
36750.3232270978
36742.7058022886
36747.0522649222
36727.1280300032
36800.2460682965
36755.8888106461
36782.1110216815
36769.3263830242
36733.4659916677
36742.3932452569
36767.8529100848
36788.6153975427
36769.6934512366
36734.8052981344
36758.4256806603
36792.9508618757
36780.0647885454
36843.8598454636
36715.1719806935
36739.1205149519
36757.5585424677
36768.192014033
36747.2970547124
36740.2201298816
36672.0038993524
36786.442921201
36718.8647109759
36798.6314646058
36757.7531554951
36768.0749873854
36683.9748432068
36737.7019737892
36776.1708895977
36785.7579804774
36874.0177492859
36763.2900633061
36702.6401254499
36727.7216222815
36765.1626899951
36814.099426763
36757.4093283425
36769.2495896589
36744.2921078439
36707.8026077564
36800.8206251451
36796.3706317797
36786.2684952642
36789.0185045296
36747.1795807292
36713.1823644423
36733.0372330028
36777.6992045107
36780.294944695
36770.977910804
36784.0706653744
36772.2265350849
36763.1542851237
36741.6358576854
36761.5757188818
36797.3732537004
36837.5178507295
36778.0022154844
36756.4626164791
36741.9965077415
36759.4016873003
36804.6132687684
36791.0564792319
36861.4771180472
36747.2099238444
36741.8069962526
36786.8037297446
36778.2008657902
36807.4914420057
36808.8219244315
36719.6601985954
36764.8962166658
36749.7694014954
36779.3188980461
36750.4157396726
36773.8966233147
36789.8125036688
36776.3386126997
36752.8969465691
36748.9051466967
36746.0253363682
36701.9606077024
36784.1179217994
36784.6549629004
36769.8452731947
36809.0064160863
36732.7207104057
36769.6653272237
36751.9853498277
36854.4298345786
36774.3117059776
36766.1967288028
36730.1331240546
36789.3192675966
36835.7926248548
36758.0810595717
36746.0681503731
36785.7272103652
36726.5050443585
36743.2789127013
36736.5661543663
36758.3644016758
36756.8009863929
36833.8640546583
36815.1304478072
36758.3742395882
36720.1094320471
36777.6950140533
36746.4363776094
36771.6450956332
36754.6590555749
36769.1318425249
36775.9383685699
36810.9192270652
36722.5129732372
36771.7797730136
36691.7836512109
36776.245849873
36735.5398065589
36765.4136241111
36756.2052302641
36704.7930194111
36795.2436370562
36782.8775977023
36786.2452725619
36753.8796022786
36795.5561585972
36798.118719533
36775.3463551429
36750.5835681702
36802.3040472092
36808.639738947
36730.6977799608
36752.877791195
36755.9376454213
36751.1669280902
36734.2799454392
36751.2162228817
36750.1628290818
36795.7767579888
36740.9138042948
36820.9248003906
36774.2275963987
36756.4285994723
36743.4136783459
36760.7829918806
36792.8019756258
36789.4501465738
36805.072546676
36776.6336986908
36786.3004142489
36757.0139437349
36797.4662236484
36735.4488294812
36822.7618306053
36759.7864359393
36785.5811031305
36801.501802891
36740.5728582673
36840.7323488855
36790.4753925817
36759.4143888516
36790.5787593403
36751.612692987
36742.986838284
36756.8970894435
36747.5648201392
36773.3784379168
36823.567567679
36811.9558959777
36749.755307511
36734.9630673078
36783.5484009256
36784.6244322164
36748.6742859561
36801.5351158177
36833.8430405782
36797.1368610279
36790.100965596
36728.9491665358
36744.692441172
36760.5651162784
36768.0397425418
36758.2299924987
36737.3661196575
36779.6522396074
36809.4062506592
36780.5951939905
36766.7901099864
36731.8929448051
36844.3474563887
36766.84523025
36753.7608595521
36817.0110412507
36740.8196945278
36753.0694872003
36765.1932499767
36769.1575747496
36749.6963228959
36755.3404663101
36805.4015852691
36804.0398196602
36804.1648854428
36811.1502540572
36761.6359217207
36746.8127733462
36748.7434198098
36776.1160085139
36806.3586467932
36751.5331188596
36829.994022791
36739.0849394711
36750.6137746258
36719.4652179373
36759.3048307122
36754.7317336858
36774.8885097694
36771.8121385753
36768.3991800218
36744.2667552427
36779.6949543782
36732.0576184365
36753.0646731192
36719.9436289453
36736.5042772762
36795.7266285992
36747.1603825121
36776.1852887253
36746.660417863
36780.5780363459
36786.9288894992
36744.4975535046
36770.8672964291
36734.378692184
36725.4074444344
36784.9461920839
36783.8574517906
36731.0609321831
36821.9256350343
36761.281054772
36750.8527933425
36757.4719677516
36777.2753701192
36765.6776581227
36750.0809461828
36711.1158978254
36775.7034628639
36729.3804163032
36794.9132278839
36754.8451249455
36766.1600705735
36671.1849830202
36809.3339420738
36740.492345169
36795.6669918381
36804.4437721873
36713.2299094512
36764.2116500012
36804.3907350376
36712.1272892392
36729.2655275432
36796.4231502301
36791.6078790905
36812.0458427723
36744.3418717638
36770.8700345727
36736.6597353273
36775.1418080416
36808.2678715106
36758.906091291
36759.6364295994
36750.1527493337
36758.7927714385
36776.4941369984
36735.5081858744
36749.7275621757
36764.6178243258
36744.0523218965
36754.7393127033
36749.3524265522
36769.202933846
36796.242672702
36735.0612901229
36756.5239945864
36765.685177072
36752.6081222349
36774.1291044839
36793.2216048438
36737.5017756285
36800.3927177193
36802.5535375689
36757.0064887674
36728.0862730731
36783.1204690633
36810.2083950976
36734.8332020236
36763.7939733889
36773.1707779566
36789.3918003603
36892.2961620606
36785.3886416254
36766.8851628429
36807.9533170656
36749.2360629385
36740.1494211358
36755.6320041822
36755.7694874938
36717.9057150243
36812.118889508
36772.9591487811
36794.785339033
36749.6485805374
36742.1570847695
36741.6925054137
36830.566048114
36759.3585884414
36769.0350554641
36820.3772258125
36739.4714495013
36770.7487241519
36797.7938764106
36755.471679971
36817.2342289898
36818.9060028903
36774.8296479931
36720.9833387539
36737.4522106492
36785.1688336354
36794.2271055501
36763.5846758927
36801.6779911951
36780.3174778731
36763.8829824582
36837.560193098
36777.8591209161
36719.5880918827
36745.5250483586
36749.7543918301
36740.3566943015
36770.6064747724
36782.4641537386
36769.6911393767
36741.8984695711
36731.4406394847
36767.2921082776
36725.1554669084
36790.8217696556
36777.8593257823
36812.4623825795
36784.7528281951
36785.3748003587
36739.8279478848
36738.736852408
36799.2952321477
36701.0971941823
36753.1893462476
36756.7818911237
36745.6965088276
36767.7513992646
36824.4862128898
36758.8751382127
36718.1008706368
36834.8233550715
36775.1721723123
36795.8740020515
36726.9176807643
36788.3105827747
36791.4273817944
36753.2720085325
36771.1579463323
36771.9908473449
36796.5297578084
36757.2845051048
36785.6583116157
36757.3455315456
36752.4325582907
36737.7396112494
36741.9210121036
36790.0481688723
36766.0181096576
36775.1248101629
36697.9535842948
36762.3986640812
36770.9157659742
36786.9949151106
36736.3734663976
36785.6558462218
36747.9101808477
36779.5138191474
36846.7221668663
36767.7422028225
36766.0435490769
36838.1028494199
36760.3507622444
36780.4504675306
36800.6256662882
36756.4785585914
36799.7149541874
36786.0686052366
36747.4765884753
36716.8988906613
36719.5530155058
36758.7705889662
36755.2355979648
36754.8904591537
36755.7061450567
36808.868124581
36771.0816267196
36789.63386156
36755.3485361396
36781.0805863734
36715.3397691362
36729.7606964222
36772.0725431206
36801.0285486687
36730.7370477859
36781.5078099365
36731.728659428
36761.7797127278
36775.7361757504
36793.0340740354
36753.9281540381
36786.0086192605
36779.7412882107
36753.0561480084
36823.8276589679
36773.6732141662
36747.1444068435
36729.0176593514
36760.9916822081
36734.2373625142
36759.6291795915
36804.527676979
36715.5039408569
36757.3567002262
36717.3244044871
36826.0802471622
36764.4549895973
36772.9812123388
36783.6961537874
36760.1081322548
36741.7943946954
36739.4441377267
36725.8173280979
36787.6514937817
36760.2847160692
36808.6385659956
36805.4186358826
36790.7328086442
36759.3079525316
36753.3292053738
36772.2246613296
36733.8511757134
36755.7677539678
36751.1904508873
36723.200902258
36729.0489563421
36751.7351220959
36816.3447119386
36719.7646181057
36761.6874269871
36753.3603990388
36801.2838988132
36750.2833304309
36738.6667971948
36861.2031510916
36769.6393797341
36770.8922273565
36787.5121735318
36800.7996408094
36778.8134641853
36789.1881200965
36808.8465533269
36752.5611308225
36745.2665201664
36755.8062158886
36786.4680061633
36722.9554050487
36767.4792783371
36715.1385885328
36791.1057626007
36731.1602208853
36777.7194923784
36809.9909635768
36803.8780465111
36730.6373278394
36723.8609718365
36777.4229820067
36765.403583646
36759.7668485981
36779.0595451201
36736.2052407469
36742.4536171246
36767.6946929807
36758.048594405
36760.5637112111
36839.2326753809
36762.6564302009
36811.4273837943
36789.9366921704
36763.0445163508
36761.2661208003
36768.9736238896
36810.7754661696
36840.5436937232
36777.2591878964
36710.413057036
36797.2890632264
36731.50774878
36702.6197505408
36819.8451047898
36756.5280621611
36755.068100823
36747.0289722613
36749.4751666449
36756.5467669273
36771.3065388785
36819.7576328952
36698.3234979401
36751.6530459186
36765.0862584563
36779.6089990519
36735.6298751739
36763.7216946758
36730.0527741097
36750.1129611931
36768.7310313141
36725.8840272782
36693.7910484725
36782.4585176223
36770.3720454666
36732.214341347
36810.04117855
36779.1429804465
36758.2309088047
36741.4248948661
36725.5370033527
36687.7574511582
36782.5003300964
36743.4527272683
36729.585345347
36767.0030271371
36777.1302198035
36777.7091569906
36762.2144165229
36759.4323754588
36760.4176210002
36737.4146525181
36790.5570276541
36725.8024390415
36716.6818120962
36752.4288378837
36747.2229631966
36752.2046803332
36722.7499479716
36797.8827455588
36783.2767540176
36756.047489464
36763.6489457494
36767.6123372157
36768.7198174048
36738.1949084055
36743.5786674656
36733.8365931807
36758.096341328
36793.460667268
36747.6952329045
36763.5884414945
36760.2526798405
36717.787408131
36790.9465904037
36789.7006824942
36824.840070252
36773.5218755193
36796.1169217741
36774.8753711044
36710.5775400046
36735.7266954737
36757.8596112976
36786.0924864869
36755.7537515769
36827.4086968346
36822.6025527998
36737.6024443957
36766.4136555164
36763.3115270761
36747.5442717265
36788.1769603944
36781.3174732736
36804.9082067013
36733.5173850007
36701.1468887954
36734.425134369
36760.720473303
36756.1589643818
36819.5784274292
36746.6782374943
36815.0108173616
36731.5900936641
36782.4778658093
36786.7986055185
36764.1440695053
36789.3620082644
36756.1877086697
36726.034620311
36738.2473108058
36788.256135949
36787.6886836626
36781.2510004289
36754.2803346374
36705.0718574347
36780.3574146819
36762.7731743565
36703.2093069011
36753.7076513855
36792.9428951687
36791.0783950332
36771.2690163699
36774.7555956164
36767.1561818128
36790.2229973046
36760.3983545698
36760.6956534958
36796.4347552292
36736.0690133295
36724.3653577057
36771.4909800978
36735.7535688301
36753.9773138061
36793.6090430479
36781.0287648937
36725.9506197267
36742.0154973828
36763.9998121251
36794.873403133
36807.7927422524
36795.0591179381
36769.0353641638
36741.5443752082
36763.1226968857
36756.3857661903
36764.0254041269
36753.575134902
36773.4569019828
36786.9554543296
36741.4693352348
36759.5448901528
36788.8096508186
36772.8339002265
36795.2009410483
36740.0759253988
36747.151929081
36787.8618207145
36771.0329737022
36822.7974963559
36738.656955368
36807.5100797512
36827.1256595146
36717.3322571959
36780.443513277
36783.0878530714
36821.8641130131
36759.3123357956
36771.0297362482
36746.3298806437
36741.8835800722
36758.5324953811
36762.9813484946
36729.8010995236
36766.6848960338
36803.7768289098
36825.8680989438
36743.1893867064
36726.2312764365
36759.87365586
36725.7813561423
36763.6730152876
36760.2586824229
36796.3189238863
36803.1940177783
36806.7145926752
36759.4840676248
36740.2057707396
36775.5078534934
36727.2119223668
36753.6450075332
36793.980146922
36751.3782582572
36762.0555095172
36763.9575546639
36725.7550229264
36764.1346545692
