36798.6662705023
37091.345891672
36922.2822246679
36943.3448834397
37007.1953274716
37050.3740208676
37123.7913708561
36994.9273418764
36909.3940395914
36911.7004953335
37013.2016682437
36939.8869961821
37093.2245499536
36950.6292817016
36921.4150437968
36909.6176676817
36882.4103046958
36885.2181301612
36938.3383799081
36966.9255284717
36969.7528161543
36950.0807270676
37018.5574269417
36972.3573066215
37028.4402720426
36842.0346909542
36877.6229284296
36874.0594149079
36918.444739592
37030.9222593742
37075.865140155
36863.4410915779
36949.6296901789
36995.6001822201
36869.9775994538
36922.8468002847
36827.2453543309
36927.7918848986
36927.4924196661
36975.7812551045
36848.8178125753
37015.1264658598
36955.1813155772
37108.9213134657
37082.1817617678
36967.4936238167
36904.7706797642
36878.2361813742
37047.8102408292
36998.762981629
36937.2942572863
36928.4219299588
36883.2392751121
36841.1266995312
36906.1539994803
36986.4869856003
36928.4670052556
36922.2496517823
37042.0691072307
37013.7907753129
36933.1693790924
36791.7319493555
36961.6910127492
37060.9859321511
37051.1127634338
36948.5110821617
36846.017152462
37023.274060003
36899.6579443072
37045.2643851367
36970.9084210754
37032.9325515098
36904.0974879278
37027.3624428601
37045.710286468
37034.0142945084
36898.5956177337
36911.2005565415
36834.8878639706
36847.8766442208
36921.5672687008
36886.1039471828
36946.9114909524
36950.9838672081
36905.1582710981
36969.7484095176
36972.5084022212
37013.7257809547
37019.198383282
37002.2590382922
36889.6650541919
36973.6526746442
36958.6072160977
36957.881646022
36948.1114113667
36865.2232975919
37044.0883172038
36769.9247838257
36922.4160417898
37010.9459163258
36915.023546455
36922.1481142682
36975.3236141088
36986.957941401
36922.409819718
36963.722662612
37086.8785918925
37131.9347598266
36982.254139017
36863.9536901825
36923.8652265118
37005.1021404469
37016.3595472653
37039.9417591681
36946.4364415946
36997.684156246
36861.5271068405
36934.2982081388
37080.9760588721
37061.1893259069
36925.0761681741
36937.1407433718
36942.2607247291
36943.6822780217
37106.3934058733
36970.59731142
36956.0411052466
36990.7705253426
37032.7452231122
36943.6841949523
37063.8272034337
36938.6962744785
36953.4292094808
36964.460925764
36999.3455880836
37053.6379935482
37009.2555081973
36872.6160968604
36890.0045695915
36879.1492251227
36972.3338852504
36983.5287622372
36952.9092216798
37070.3854458632
36883.2473452938
36874.4283570213
36988.9014384504
36891.895216818
36919.3905768565
36897.6149953966
36920.4677090423
37040.5174456323
36907.7407773122
37004.5519480944
36880.6348623979
36957.408329393
37078.4063831202
37015.78513262
36866.4916618019
36847.7133482262
36978.374823893
37003.0606737242
36929.0614336856
36864.5804768336
37023.8605440018
37095.7672417826
36986.1216103303
36836.5330082481
36902.8772876384
36940.2889654467
36958.3727727843
37070.3239515031
36967.570710731
36988.9554281364
36900.1390002517
36887.5322245352
37017.8994630227
36916.8478451673
36836.2963483272
36874.1630481004
37022.8906682684
36994.721177004
37036.2987465024
36982.4942561129
36880.9307397419
36922.6707024593
36960.8548051817
36999.9958588849
37038.1988441576
37012.8647445738
36972.7418009007
36947.3724346748
36947.3243071624
36907.67060787
36888.1971297423
36993.7861524011
36940.6705985794
36850.2631733319
36950.8199440944
37009.6192505532
36890.6912045056
36981.8042466593
36942.6759196602
36993.126970326
36870.5537901769
36903.9029684193
36915.6769886868
36905.6031307214
36994.5526164139
37056.1152539466
36922.9777262562
36990.4728670719
36877.3419162172
36982.6624616693
36980.2779536908
36871.5542815953
36883.7373868511
36920.6843507067
36956.8613515433
36901.9616793073
37010.6101764938
36942.041183896
36987.2140319471
36921.241495712
36950.0578906984
36848.5941384037
36977.1694231793
37019.0461880405
36926.0542094405
37098.9842702113
37013.5871659979
36924.4984785382
36869.2217058319
36841.2423656876
37049.4793423457
36979.7526698619
36872.881405305
37104.1799391219
36869.5473394106
36971.9497267155
36881.4623623612
37061.7912685557
37003.4436751906
37045.1075331946
37040.9216542692
36966.4913959924
36964.2023177925
36910.8352404003
37037.0509342023
36887.007056579
36994.2825596429
36954.3657805746
36853.2126774965
36887.7128778684
36992.3957637378
36985.2351651795
37017.3208971506
36914.7193869341
36980.2208413828
36983.4112231316
36906.7017514601
36826.7244276011
37007.795340679
36863.4656706371
37041.005044912
36952.3340337517
36994.2564837589
36880.9923907431
36914.4558551025
36819.4362039374
36863.9896989475
36927.5633999328
36971.3037219995
36935.0316948015
36956.1270849285
37038.6582554074
36927.9983834392
37105.666505544
37015.3422616809
36986.026138914
37018.5355227462
36926.5287342316
36988.3349077782
36990.8578064539
36839.9084572449
37026.5336801351
36929.620232043
37021.7996247436
36909.129700443
37011.8180441651
36916.0281005265
37076.363497539
36953.773614302
37012.0468054959
37013.991535957
36978.4887210034
36863.9933963402
37058.8729590302
37106.119216796
36991.4254556518
36963.7331459143
36873.1288482454
36947.4390972465
37014.4389593858
37025.4020185401
36966.136096796
37099.5489246515
36963.7894637049
36954.001205003
36877.5561851303
36869.2580983559
36892.3196783205
36912.8422820855
36906.0699304278
36939.7441475833
37017.3756265243
36923.3713449843
37079.214919781
36980.2665610369
37017.1245758888
36987.8382823702
36919.8061749471
36958.1206887381
36828.3559395387
36890.8683850681
36903.1216862257
36949.6319597168
36941.3818122898
37033.9468518126
36900.037986382
36939.621575005
36871.5461358657
36881.6367990509
37079.2691204586
36873.3858340902
36966.6504795043
36898.1156973219
37047.0536935876
37003.1249204107
36929.3496822548
36963.8925827808
36993.5134564533
36926.3057490139
36942.2881866089
36983.8764559344
36806.3303673298
37007.5136238817
36890.2709266121
36914.1833895438
36918.3776747992
36957.5071174948
37121.2929224754
36926.5264771759
36903.3365030863
37008.6368957422
36939.4312469496
36920.5151542035
36961.1326085957
36953.3436844309
36898.9778186007
36948.3854191709
36886.8237019824
37053.0629171754
37084.2967702843
36851.9373855572
36892.2463591122
36968.2071498858
36878.6426369619
36943.3772482546
36951.7589513609
36934.1790318198
37009.3497410343
36884.98987561
36987.5648947108
36974.2995852611
36972.1252822498
37055.2091634075
37008.0777788335
36956.3807544856
36912.3552385453
36972.8976494621
36876.9292938244
36902.4009710787
36949.8163357046
37016.8525969903
36968.1488675453
36888.9458333413
36830.9151869772
36895.6214884864
36976.9592177605
36968.7510204714
37073.1646402337
36940.4941958332
36955.6467532694
36907.9377479657
36986.1615470334
37003.1263440868
36997.4129876182
36993.4824956789
36935.4322505569
37041.7058690937
36975.9275419131
36906.4597815323
36853.6250183586
37083.4057559073
37016.2079838724
37033.5986644051
36945.3258049478
36943.6867585209
36868.8704754998
36962.4853517085
36939.9942695502
37074.059231021
36944.2002617798
36963.6249884688
36942.4932464044
37003.2228009847
36971.4233492803
37126.9449974203
36941.8761787744
36860.2005250834
36906.4411073363
37086.884659956
37002.65284851
36980.2542218027
37028.1216525146
36868.8068915791
36904.5544947875
37004.040215191
37005.5636683953
36881.7496786828
36846.233003157
36958.8872147315
37039.4567057372
36904.1961232672
36980.0704987232
36912.8142474708
37016.7109220224
36935.4216232932
36987.283780558
36964.9365520547
36905.5249038174
36966.5830656457
36970.6284369856
36952.1322857664
36994.5914008951
36909.2163741181
36966.9616181002
36948.6408213922
37049.8778361301
36876.9893018874
36862.2218395746
37015.4700182547
37019.0361642846
37008.4087827178
36868.5077050087
36900.6967905349
36900.9414929445
36919.9967398462
36989.9120414053
37025.8750852001
36857.0020836069
36906.743830216
37056.3409671031
36826.8532706969
36941.8034418874
37003.1871031608
37012.1948914705
36949.2964147682
37038.4983231343
36925.4795933144
36938.1163692859
36978.1988391619
36869.8558516214
36879.404994084
36998.8848150815
36965.2359449486
36836.2793226484
37072.6826509123
37078.1597114601
36958.3582433967
36974.0492750756
36955.8293070624
36892.5605644017
37075.4147445078
37012.9075920124
36878.5124238641
36929.3943116543
36949.7965387661
37028.8312175025
37017.8659147127
36962.8259514149
36925.7391545149
37088.5232995278
36837.8382979042
36926.6484267208
36949.9148535944
36968.1616985171
36990.1665193236
36954.4800830711
37002.0344532552
36974.6131171876
37089.534519859
36919.5920463277
36908.2121376225
36957.0214522589
36983.5249018021
37111.6942540283
36877.1714791025
36902.4336833605
36826.0708687052
36918.9350915339
36961.5416400876
37123.2307219602
36857.3143042166
36945.6663789112
36806.2589475444
36987.919440838
37096.0012676253
37022.7225795626
36959.523711435
37045.5872422611
37050.2891209241
37053.4572194826
36901.976230012
36852.8004912401
36994.1676728167
37000.4860335279
36907.202571909
36870.0028283787
36978.6129852147
37020.1192015815
36911.3681900522
36864.1668434443
37028.9303598964
37060.4526961112
36997.8335390611
36901.0774814551
36976.9570576582
36943.1898209441
36945.429295564
36849.0920002735
36971.9975960871
36939.2733121047
36956.9427514658
37048.4493132449
37101.1476965781
36996.4835101006
37015.3349655992
37012.6157595879
37042.2555229845
37019.4852429849
36810.799663677
37047.2439617054
36951.3684698637
36958.4435616894
36993.6266363936
36874.3294832999
36979.8748767889
36933.6500470948
36900.0246150374
36988.9667738987
37058.1623123092
36906.2247588662
36918.3477851175
36891.2010182239
36875.5122793302
37015.822661814
37009.2382254674
36951.2859264088
37046.930619139
37042.1334715738
36851.6378408172
36944.299208483
37006.3467621138
36917.5564678158
37005.1709265507
36974.4353810077
37013.8607296675
37014.3922059542
36925.1420660882
36832.5554074728
36915.8686965339
37018.0659029336
36871.5318112926
37002.2492047845
37031.747088177
36953.0788530657
36871.8333247676
36950.3939282321
36975.4764696716
36952.1791680866
36992.1311360235
36987.1272493539
36999.7514565902
36969.9547243342
36978.0694998973
36894.9738437031
36980.5074662014
36813.7194907964
36890.8769846693
36985.5238517947
36854.620292676
36968.3382912226
37007.5796480071
36882.5352448558
36995.3867805987
36963.0025761425
36962.9997334207
37015.4295268765
36991.9418373213
36988.9815324985
36879.3179711095
36947.7007579401
36829.1845788714
37008.1259297081
36997.8901065715
36997.4915927457
36864.1728642642
36988.5009192126
36981.911930545
36984.2927970095
36981.0748346792
36997.111532836
36898.5022417259
36917.4239611236
36886.9317148171
36927.1942319612
36992.9627561019
36946.1373316075
36935.7514062355
36919.3892475954
37111.0659446115
37053.9647668241
37047.5211436622
36935.3613975447
36980.7955950281
36874.4667921075
36883.5700168001
36983.9955836511
36928.1837026699
37019.177794123
37012.4892083139
36932.4343108089
37050.7845809506
36937.491762198
37033.9161372217
36869.4718005809
36968.5952074229
37022.9254176497
36915.3390769125
36957.6249043665
37035.5377273192
36990.0412212644
37055.3803152264
36857.7578044467
37057.2543826125
36989.5566371042
36854.4485226937
36918.5036492649
36905.8449191757
37034.7586350282
36890.7269245168
36974.1453502237
37121.8637543793
37075.9737984176
36909.0816151903
36950.4489243531
36963.1375800634
37004.2602873091
36953.8955680196
36988.8632207274
36917.6064854877
36999.2514541228
37075.9089800889
36838.0974365032
36897.7104799147
36946.0873712858
36995.3363018284
36948.5359210163
36962.9834916825
36953.0612327363
36922.2096830471
36881.2649234108
37028.7623337664
36945.9640302051
36931.2858678789
36991.4129936219
36961.350794528
37008.3666622897
36876.4821520565
37002.9715869866
37095.5086161302
37017.2876429471
36833.19546644
36991.3463633992
37000.2398021243
36995.504149093
36904.0621906424
36974.9156765547
36998.49932743
36883.8334246233
36934.0147345458
36937.4908378319
37089.145456133
37024.9895621915
36974.8801636273
36869.4230728061
37053.5322105817
36861.0538127713
36898.530642587
37035.1333240682
37097.6040637166
36941.5533770793
37003.3150930452
37024.4309777505
37036.7331157111
37070.4470110538
37075.2079094448
36990.8773170321
37110.2132806895
36922.1142454431
36876.7011697676
37007.8159871601
36991.3836600284
37087.8954930528
36914.3055381377
36933.8570523256
36866.4706538322
37047.1980215298
37024.7966998207
37068.7270069562
36959.1951005633
36940.6341152103
36958.0473250369
36972.9351801893
36960.0540902798
37038.4268446542
36918.1079285979
36900.2738986932
36986.2646262511
37032.6398428762
37005.108743206
36995.8504678786
36865.3112722766
36950.6535826711
37040.8990444128
37046.7209074976
37003.9611283721
36992.2236120766
36874.0929216071
36985.0846172584
37096.9552186819
36792.5848187797
36991.4960144228
36881.0627095751
36966.5380251247
36912.6976997873
36916.3103419845
36873.3337718571
36909.0180595758
36969.1712485539
37000.0134413474
36948.9215052312
37045.7579364155
36998.3605563961
37000.9297188459
36896.3383772221
36955.0092993816
36985.144311837
36979.150330801
37123.9045484746
37017.5614851563
37007.1261525668
36897.4411248697
36958.1978713728
37001.6504227023
36952.9411328476
36827.0175843109
36879.0202286874
36923.506600486
36970.633412539
36907.4816938418
37087.7701711008
37009.6744676928
37045.9877686015
37038.3124791735
36842.7066097958
37000.7142791355
37056.6066156926
37020.6118771334
36937.2700883146
36954.3466554943
36955.3108725583
36956.5130074227
36953.9908120096
37050.5828620202
37026.6469751023
36948.1314028469
36963.3621822834
37025.5341460443
37052.1630117568
36972.4968634512
36999.2306066709
36876.3422615983
37054.7942745623
36962.2217232025
36842.7398751286
36956.7508140191
36903.3474467598
36915.0258799647
36879.980076271
36943.9049523344
36872.065207603
36824.4352383384
36951.3127586207
36916.0510308973
37073.961381613
36941.5998132458
37034.7617194354
36954.640669557
36899.2482080342
36945.6496946514
36996.4794733655
36888.2420964339
36968.4883101668
36904.4947759931
37001.0936674055
37001.5992213793
36936.7114680774
36868.6547847705
37006.8612122216
36965.8016573411
37034.4282638055
36986.6399917625
36844.8255867628
36913.5296671908
37006.7076667277
36914.3641002112
37091.3185823461
36972.2276888072
36834.1712733328
36897.6219738109
37054.3420304454
36938.8642165421
36977.3581089089
36886.4907142651
37062.9784596919
36958.155276421
36943.6658629179
36870.9787293593
37021.0372572869
36955.8016428996
37008.3572197907
36978.7440582694
36954.7221481094
36997.3795555806
36999.3891018943
36929.5539381071
36990.0076630667
37011.053979212
36994.3332309812
37005.788882038
36945.8043355127
36919.2682678144
36941.5016432858
36918.0562960592
36907.5789163913
37068.1166528868
36986.2027142284
37067.6477599118
36854.6559294479
36961.0154237667
36973.4125808862
36906.5538447056
36959.5408308317
36957.2378340319
37085.306071006
37058.5880956864
36906.1184915578
36941.3867031434
36941.9902780611
36934.9871306899
37044.2457398237
36914.611534439
36858.5848662377
36890.8700064202
37045.477134637
36910.3553807383
36929.543126212
36944.0816118863
36960.9647747884
36997.7722756826
36930.5911016966
37025.7567163047
36992.8772959002
36837.8450520738
36950.5854978238
36927.7129032128
37000.7950791174
37006.2888375462
36946.2424002338
36906.3351132221
37070.5406740816
36875.4120220899
37023.9157244362
36992.2582629278
37081.932716508
36931.822127339
36872.1151056911
36946.9177104434
36971.598855668
36961.8108211682
37003.4540925921
37075.0759629103
36993.8518908621
36928.4809300482
37027.2268852342
36959.1009249638
36932.0267280608
37022.8844969899
37056.2630915729
36941.4521343965
37013.3463565612
36917.7699359299
37037.5325516279
36920.1261508325
37028.0471038514
37082.1597258883
37025.6935745042
36866.5127174501
37073.13520911
36935.6899521098
36921.5910440506
37058.5440420404
36927.3178268698
36895.0447890471
37040.0877112435
36886.2606812464
36905.7035029321
36953.0346346363
37086.4988749553
37031.0569675559
37046.0035213973
36994.5059950885
37085.490605693
36865.8734699079
36891.1843976761
37049.2361019285
37052.9497058055
36929.5029127751
36990.1552262918
37089.7443878147
36924.2776436471
37013.2073488299
36843.2823096374
37009.7598139246
37014.5256457435
36989.5046478881
36896.2111275629
37104.2433327297
36970.0814476337
37021.033930126
36852.2682947018
36780.5821771698
36925.0775508317
37084.3449020634
36943.2287012708
37036.5921845672
36897.4866628651
36913.8564195184
37044.6623544742
36946.0395053914
36912.8198873655
37039.3730913931
37011.1061256492
36948.6735219224
37056.5575976305
36951.2584691657
36886.8110774054
36944.0826722517
37046.0184049665
36988.3051636523
36995.2638633281
36853.6313335073
36968.0683793142
36896.053590816
36922.7622906032
37077.9220189362
36940.6471440747
37027.5576231487
36895.6107386918
36936.2084899211
36964.7279657119
36951.7333376713
36960.5879309087
37055.8802271946
36949.4363321984
37004.0826003048
36872.090580166
