36707.3459872637
36723.9822310073
36726.4402371649
36708.6958286853
36708.3919865033
36712.0955594739
36715.4358435601
36720.1699628141
36711.6215448308
36703.328796885
36720.7419811782
36709.3922136259
36709.599068409
36711.5703493419
36717.848357435
36717.1189814694
36722.0361954845
36716.1049563762
36719.5853551178
36707.3906226293
36713.670727934
36717.6832729264
36716.8383377643
36714.6626315341
36722.6390455436
36723.629371051
36714.7592295251
36734.0440633684
36708.5934822303
36736.9160367234
36698.7443424026
36722.7306456907
36710.1250554061
36714.7386960704
36718.0893987167
36713.6996196352
36728.2828864525
36716.0375874418
36725.8496391392
36704.1318198934
36714.5195658825
36704.764203195
36718.3509658954
36701.0227245012
36731.5454780606
36720.0903852613
36713.5239544964
36721.4515012467
36703.8077495184
36737.8692239394
36705.4615080792
36734.6016675849
36709.0781810889
36717.8677761725
36718.1003819634
36718.2580161489
36711.534612779
36712.6175445405
36731.9666543734
36723.0548247634
36715.9597239949
36719.0009799319
36734.6345999376
36725.4280721085
36705.3833652521
36711.2449126089
36718.294072445
36723.0578482358
36721.3911026332
36716.0454511471
36714.5564618778
36718.0827165098
36725.6546585091
36716.8344068413
36711.1810716915
36716.5103433431
36722.0053059185
36726.4364770679
36715.2948595776
36724.4495756792
36710.905123313
36698.4815455206
36703.1508850311
36723.96856957
36716.3689619487
36704.5163984583
36740.2103199211
36732.5590272336
36722.0807992564
36715.9325757268
36734.677999005
36703.727955415
36705.8781902354
36727.9514277248
36728.0968614703
36712.0479781154
36737.0533130107
36707.477248083
36735.8620687352
36730.2380655861
36710.2501658939
36711.7523503159
36704.536690586
36727.9113138549
36721.19402304
36720.8394377354
36716.5235654203
36715.9992239407
36718.8348926668
36722.0638404562
36712.5308044209
36713.8250485462
36715.3896390343
36713.6118513128
36713.6924227618
36721.4726648825
36704.1875397881
36705.7515963587
36714.7178169872
36710.5187466785
36722.4178655512
36739.7977063948
36707.7641785692
36718.5102064731
36721.5780175213
36706.3347481231
36723.0429152354
36719.2285731322
36726.0702944407
36719.4421518735
36732.5234455049
36714.6080209202
36711.0181586291
36705.6646702705
36736.9988044857
36740.3266639768
36700.4215628208
36727.6690490323
36733.7950687826
36718.3064077406
36712.4923915665
36718.1537238864
36714.1587090017
36710.4555451237
36721.3261549493
36725.7490602953
36711.0494458054
36736.5495500616
36719.712436685
36721.5391123033
36716.6215644525
36711.0037729674
36701.0619017045
36711.6895171737
36720.5214377383
36709.5095861382
36716.6120359498
36715.78336458
36724.3941672982
36725.2574633959
36724.5856578381
36722.7122331936
36712.0659550653
36714.2206478871
36705.5120786874
36723.6569427882
36715.9565101876
36704.5877488735
36696.8802238975
36710.4013004394
36719.6295178927
36724.3065147315
36720.6527393636
36714.8311450268
36717.4340042684
36712.4548018654
36712.7019025308
36718.8873930835
36700.2886331986
36715.9028518662
36718.3750182564
36714.1838352082
36725.8616239194
36722.6013880584
36714.7427021033
36718.5716915029
36726.6849667035
36719.7928961441
36721.7664384705
36726.8168803848
36704.3864243165
36715.7966522767
36720.5636263766
36722.313091781
36715.4811663999
36745.9231749782
36706.2597087648
36721.496909635
36720.4096083542
36727.572794697
36722.6028802481
36704.8165228205
36740.6719827906
36721.2460452718
36722.6578693324
36711.7675533918
36720.9496392867
36710.0463317452
36717.7846069414
36721.7099069001
36726.5648615047
36729.6440932477
36710.183117788
36725.4659779465
36713.8053338007
36722.1939151444
36714.5905355622
36737.1312833608
36732.5927298122
36722.0806377979
36719.7148788343
36720.8557456911
36711.7866817057
36712.738820378
36720.3815915549
36714.2409657711
36722.7925410221
36716.3932756132
36723.9158971014
36714.872841599
36729.1092398369
36701.1293650854
36710.203559048
36719.7543148657
36716.5188899134
36723.1591143129
36714.3828051973
36708.601518767
36723.3594058079
36720.902798655
36717.6325331719
36711.6724230141
36725.4817505548
36721.3970142643
36726.7094763239
36717.1714664065
36713.4149234316
36753.1014829006
36706.0384010848
36720.3741090946
36719.4430408695
36714.4207925775
36714.231353617
36706.9108475791
36715.6307131841
36737.0342379346
36717.2789727014
36719.2375861873
36714.8867882157
36718.3665210166
36722.317881449
36708.6996521933
36736.5530191928
36727.1318251787
36713.7512268667
36733.901028098
36726.650000976
36718.2308272636
36721.2750038347
36706.5773398756
36716.8413704349
36724.943690963
36714.1263377039
36710.1116215645
36708.2850831375
36710.4094058888
36710.1662057273
36712.3780836181
36718.6992830674
36710.8838733319
36730.8060719573
36716.2153930768
36730.0623710875
36718.5928440093
36722.9619550681
36706.8325746765
36718.4470726097
36718.4559627706
36718.1187719779
36725.5435421214
36715.1288625828
36705.7829458188
36704.4990628566
36715.8769524375
36708.9248762203
36739.9131650367
36710.3804831446
36707.8195871441
36713.1996763323
36723.0777541557
36705.88312475
36736.2518075872
36715.4562250988
36716.3382633534
36703.3761541618
36714.0295077759
36731.5966832437
36709.3194495532
36725.6246876842
36711.667154027
36717.1615522179
36723.7152518133
36728.293811771
36709.2422906214
36709.7138461295
36736.0081646036
36720.4849281291
36713.1893199065
36739.9560619512
36708.0519634291
36723.9267142892
36717.4239161802
36721.2534778251
36709.1457967122
36711.7457585301
36720.1648984233
36707.8224147213
36720.2127122453
36706.3576806326
36715.9992842395
36716.236954578
36728.188215018
36717.2501393577
36718.6751078259
36691.7637543633
36721.9835720398
36720.2631403771
36715.1800543424
36735.2127524914
36713.2719034151
36701.2931694626
36727.3605406171
36716.4145295991
36726.9885965692
36721.1415306794
36717.0038322202
36732.8500745782
36713.1216607412
36710.6364805352
36724.3996258742
36732.3263825443
36723.5547985531
36717.2853574897
36718.256797092
36727.045951305
36716.1618624518
36726.4072063182
36716.4750247766
36715.3261343566
36713.4828137556
36716.2510516204
36705.9361604615
36719.5171336214
36709.0763368243
36717.4554299152
36716.9255742062
36707.0391933967
36726.311283642
36723.0625684368
36713.6255324806
36714.2494388589
36722.3761096527
36710.5468259548
36695.8179975811
36723.9627020261
36708.9054382088
36723.6804333649
36723.4021039077
36742.6808572765
36727.7570672198
36712.6583026181
36717.4711342272
36714.6754097879
36713.0216533038
36709.8898939208
36737.4167940287
36745.9081471065
36709.7350000726
36715.1974654198
36713.9511402548
36712.5829444691
36726.0513368883
36709.6121531112
36723.3407394572
36710.8754057206
36717.4371009331
36721.0737618542
36721.9084048162
36715.2451808201
36725.5778793428
36707.8203262177
36736.348817207
36708.9509337898
36707.9556057397
36712.2756394624
36721.9377420552
36725.1233270733
36720.0104520908
36736.818690887
36713.5867311682
36711.590684958
36715.9079878557
36727.9090372591
36723.8108603723
36738.5131893871
36716.4059316508
36713.8366300367
36707.8380514069
36714.9576930471
36712.646059699
36735.9123509308
36735.1005014178
36710.4713790323
36724.8037830731
36718.8025610138
36722.6756165653
36712.0799887021
36717.5530854066
36714.6029650458
36722.2051296915
36723.022566536
36731.4533085914
36711.375861384
36714.076071631
36727.3765803803
36705.0306693851
36718.514565731
36712.4991638701
36715.2623813963
36711.7842959371
36707.2635751511
36713.5475542434
36716.2024699089
36708.9806204557
36717.3245026542
36712.6093504894
36708.9699738445
36718.4810432065
36723.4085188255
36712.1527462712
36714.9007291546
36725.7962699339
36706.5224750591
36718.1607148774
36711.8983847161
36727.4493845798
36708.0506023129
36712.24411507
36715.7182998726
36738.6546102798
36724.9146818965
36711.5251078915
36711.25438132
36716.4230440615
36708.8478001929
36731.1312543371
36713.7660860909
36724.4989051453
36734.4297502214
36705.4098923777
36720.3776078426
36712.7890273484
36732.6050553744
36719.9597603511
36716.9554908963
36718.127409283
36710.1841659905
36721.7428398676
36711.2010618111
36714.0651474601
36716.1410238864
36710.7888491045
36719.2010703171
36697.3372257893
36717.4557639801
36715.201360963
36711.7309459329
36717.5896160376
36710.892573489
36725.5891310602
36711.0231103581
36723.5216188829
36718.4557936433
36727.8492723299
36710.2554433496
36705.8489336584
36716.6193007556
36717.5839721168
36706.9015771558
36718.8065543853
36714.0372128119
36702.8481150059
36720.8162234456
36708.1440677544
36713.1115221731
36718.8500173104
36729.2749796759
36714.9868554189
36712.9861389114
36710.2298008952
36728.4350567031
36722.0125002431
36707.9127419272
36741.234774427
36711.1973929904
36723.9893340966
36725.5341184417
36713.7483798148
36722.4593418266
36728.8364679775
36729.0777528007
36728.0859378161
36716.1778826748
36710.6919973599
36718.6525534632
36710.8950540397
36711.4782104238
36720.3216567974
36710.5865987513
36717.3008986574
36717.379016405
36712.3176740914
36715.2790189041
36703.5089064675
36733.1926136378
36711.3374244674
36716.7827673852
36729.8157705326
36717.2052804988
36710.7637719602
36719.7899311829
36703.5418003083
36723.0852162216
36698.2582337331
36723.9451808946
36704.2463360385
36710.5163950484
36707.1454817733
36713.2649544691
36706.5404512132
36721.6014605459
36713.9157904943
36712.7909494979
36708.2605477532
36699.5494911112
36726.6292874696
36714.0161484547
36729.9414175114
36717.3345079165
36717.9937562131
36711.3479451147
36730.6659037079
36732.3641077948
36730.5846441811
36722.569546212
36720.9375334043
36701.1104584781
36731.9162075493
36730.7866587178
36710.3854645267
36719.3818240972
36715.638799155
36702.9197023629
36709.0378873977
36734.993442714
36727.0200603477
36721.4700253819
36715.3064497484
36711.6751553853
36715.5653270139
36724.7202629685
36709.0125923691
36720.5764668321
36713.4212165272
36711.143926546
36712.0398874842
36718.7850462076
36728.4117896171
36699.5366616438
36710.9186128762
36711.7523422824
36704.7048528426
36720.048071148
36707.4277406456
36724.8026377585
36731.9375253432
36724.5801360809
36718.3055654948
36705.763217666
36713.8965699587
36715.8455397723
36726.6149450533
36714.6168646543
36710.1161996073
36719.626084864
36723.1948792009
36732.5543845522
36736.6257369661
36714.2408073008
36719.6296585839
36712.2175109892
36710.8732147828
36729.6641638742
36716.2748943656
36731.952523348
36719.7933401441
36718.8877727705
36703.1359507865
36716.4000598063
36716.9180485951
36711.1656768529
36713.4030954891
36705.8271263968
36722.6227346865
36718.9148037101
36720.6156218277
36710.8975644657
36716.2118366946
36707.3135337325
36721.4715404367
36714.2403405145
36725.3534404702
36722.4807830162
36711.528857975
36726.4801062462
36707.8126840822
36706.6829643994
36713.0467408646
36717.221271539
36725.6202520493
36705.2404394744
36745.1334233039
36715.3173180352
36723.5685085581
36728.9855839028
36719.143432994
36702.9337157936
36717.4006255099
36709.8119429633
36714.1507000717
36739.3753535054
36707.0943077127
36721.9538377123
36712.5484122233
36725.6675438604
36707.0381915399
36710.9142328797
36711.6325760571
36701.1046661081
36703.9149197355
36739.3105368351
36716.5785983693
36724.3716961839
36742.6649352887
36715.5745389922
36717.9815294602
36715.429122067
36713.6673650807
36723.8719492786
36721.5105087152
36714.9460563282
36722.2417913839
36706.8607651088
36715.683434238
36734.4696924968
36706.5929466218
36708.2331210209
36721.1409976238
36710.4494155411
36714.1133591899
36702.2242650998
36721.7284106379
36719.2621648055
36709.7959563452
36723.7019939258
36716.268370422
36720.0515746139
36723.2065309883
36711.8081507091
36717.1870321174
36718.2537149003
36711.3680227303
36714.5670016827
36714.1231706229
36719.0770183383
36718.9244688509
36707.4410936742
36704.6236993675
36726.1475977817
36717.7146915152
36717.045069605
36721.8264910848
36714.8568474748
36714.0237220878
36737.7325552567
36715.5897149663
36717.4047816971
36720.2065865525
36702.7448283788
36730.6384403819
36728.8648616093
36716.3236924812
36719.5373377709
36720.69956582
36727.5858565652
36715.5529663712
36713.0917577025
36717.0225305451
36717.0864756347
36725.5696798229
36718.4236667176
36715.8797568859
36715.8523851074
36713.1493705894
36712.3546020507
36723.8822169903
36731.5143740299
36729.2166592727
36717.2533062045
36712.4766307514
36714.6346741282
36716.6681342207
36707.0201843002
36714.9998166375
36723.0493967646
36707.2722182091
36713.9378300864
36712.4667378177
36718.7354213485
36718.2938008992
36707.2929009101
36733.882843796
36700.894294374
36724.365627449
36716.5236382409
36720.5149040702
36725.6519993117
36715.6748909707
36725.1784909758
36714.6186633381
36714.9945626655
36711.9803030327
36722.457357343
36721.404744035
36721.426988378
36709.7475909122
36726.1069680445
36735.1048722889
36711.4951824687
36716.9821977125
36714.0962508195
36711.6930534415
36705.6286788296
36726.9670405615
36714.0331440382
36721.1742621286
36712.0440068826
36707.7823811907
36735.7956606334
36702.2476191773
36718.8317513787
36717.5806393319
36732.1855260952
36708.769224101
36726.1154463336
36730.1324620669
36706.5790154346
36738.7818611655
36728.7400400028
36721.5026296866
36713.1204265199
36720.1890884882
36722.7312830325
36735.6037080755
36712.7443818115
36720.8759324844
36714.5345401356
36728.9219532499
36723.7534300195
36715.4449921239
36717.6155021556
36716.8727951686
36717.0440481086
36730.2634953741
36725.1299204892
36732.6926673908
36719.774179427
36717.6864008372
36710.1867802646
36720.282145511
36716.6098869562
36717.3701828266
36719.6034325235
36725.3612122498
36709.3046479574
36729.2414296052
36736.3174601566
36698.7810893965
36712.4049879985
36728.1210031976
36718.2833419042
36716.0968285486
36723.3893044887
36713.522890742
36731.1164953101
36714.0574035589
36715.043063986
36725.3390146504
36712.3855560888
36708.0796825527
36710.7888289928
36718.4771764659
36709.8849644869
36717.5636326115
36721.7700979683
36715.1423686406
36707.4176578802
36726.5314166606
36711.7726444822
36731.1016659056
36710.7780951229
36708.3633649484
36714.6073302685
36708.4329726098
36719.5385720984
36716.0959345214
36713.9120123853
36718.5039901586
36731.8045032268
36716.804454593
36713.6216012589
36711.0706072619
36695.6602658801
36715.66869194
36725.3925142827
36710.7609584535
36720.3964549044
36719.720784663
36723.8117002647
36714.5156807747
36725.0756973254
36732.5637202334
36744.7560128315
36723.7052383646
36714.7821957588
36731.4766184689
36710.3872855078
36710.9032904863
36714.8901352679
36715.1911845452
36722.1052029641
36714.9725954827
36707.9881197756
36715.4072778563
36709.7725817771
36732.3408502773
36726.471046029
36723.9794417542
36718.6037993849
36708.0469424052
36713.5715328917
36715.2783258096
36712.1993241626
36720.6418704082
36715.6971427853
36734.139549804
36713.4120003787
36727.3273554159
36741.1056769876
36704.4638901116
36715.7055085385
36726.8031145643
36715.4917099117
36703.1544056563
36715.6301774567
36729.8119262386
36728.4097207599
36733.9987238531
36704.3058399231
36720.3979552455
36716.650205111
36722.3162067131
36731.6837378654
36740.5077814486
36710.2002409482
36720.1730010358
36702.3573528423
36724.6535606523
36723.6299922598
36727.4222071132
36739.8928091271
36707.6769970443
36715.2489930748
36718.9288899463
36714.8531504736
36716.4204004659
36711.6375408504
36717.987593038
36712.0600479293
36718.1704734916
36703.2627322081
36737.1728050256
36717.3226331278
36714.7599620338
36722.1338986162
36709.8497165713
36720.4689917886
36714.8210059513
36727.1227750399
36716.959570143
36716.6259072592
36722.1005420347
36731.1691845068
36724.1452485068
36712.9162639642
36711.8396797208
36712.1301659389
36715.8159134873
36720.9110394825
36716.8293942741
36730.7835436523
36704.900027904
36731.8486353361
36709.8206063911
36722.0053723924
36725.3526496412
36724.5987591796
36714.6923340402
36716.3897472972
36720.0826496629
36718.2896967105
36725.1261364451
36743.7253379225
36719.4270107879
36740.5863048927
36701.3068593939
36710.1828176868
36705.0663201599
36723.3572375563
36730.9777898496
36712.8590872622
36735.0467896232
36723.801195773
36718.0122933325
36717.3327969482
36709.9736348693
36702.2831537325
36714.360369633
36723.5934838011
36721.6692944793
36742.1470552644
36716.5893167018
36719.0051957712
36713.7036814339
36707.6628618516
36721.1294572924
36734.2649101656
36719.2929540984
36712.4378574134
36718.0434130615
36707.3930000523
36723.4661298356
36699.3258758598
36720.2270586208
36723.8987808911
36735.9618114115
36703.7313517295
36708.7341966925
36729.2231113897
36702.0797589391
36720.6910903107
36713.4613189984
36710.6501101602
36717.9824964523
36711.8790398874
36718.1595800232
36711.3514504071
36710.1521365663
36740.3648258711
36713.952379739
36710.835674916
36719.0467788002
36725.4807328644
36731.007976081
36723.7260711635
36720.3007152688
36723.2364252548
36709.3788624873
36718.8140118708
36719.8671670424
