36693.8500113744
36715.9189154731
36712.0432713752
36695.2840109465
36701.1810937052
36654.6086376357
36698.0219474882
36692.9117079588
36678.0970784366
36646.0408833913
36697.0004677114
36701.5498897571
36651.2873817826
36696.6162027054
36688.6850310952
36702.2309424184
36644.3295722919
36667.3895164929
36679.0959110752
36683.423446946
36663.6702361476
36680.7169867045
36698.208930623
36682.2084165313
36664.7838132471
36680.3915220623
36692.2983668861
36691.5045562902
36718.9473324049
36667.6338777673
36654.2582639042
36663.7407083305
36656.8772936801
36680.4498451017
36733.3227744949
36669.893996037
36730.1049485051
36684.7313374842
36688.1233097401
36711.1730772284
36672.8227904037
36685.0165674816
36688.2001121656
36662.7441266714
36658.2947889856
36672.2846774358
36696.4520017558
36629.0397054892
36706.8618484792
36690.2428746412
36677.5007915463
36679.5581252358
36687.964676738
36704.450629575
36657.7424071098
36673.4949288203
36696.9514630262
36697.8406045114
36695.7386838672
36665.5316107805
36657.5686381107
36676.6532264064
36704.9296275494
36721.1381703934
36701.2921227222
36689.4669769414
36675.9671210249
36667.4906053629
36690.4353995092
36690.9651628151
36708.8086390118
36655.2283651918
36709.40180602
36687.4577681873
36698.7028289279
36701.4720362367
36700.7008305816
36700.9150654266
36664.878606696
36688.2909205896
36646.259168403
36672.3048334124
36697.0866745756
36677.0583759546
36671.5902159212
36690.4371152973
36718.9928460121
36700.7301632271
36708.2253511858
36684.6692237372
36667.210028441
36692.32997178
36656.0960759094
36658.9667376635
36715.6020356645
36675.4409993729
36669.6468119043
36688.9825430659
36678.5265395474
36684.1669184876
36653.9307167977
36673.2942490093
36674.1189203863
36647.8553916924
36657.1613133626
36671.376481023
36673.1838877996
36666.8549464867
36695.3564333816
36695.4295946781
36740.4809644593
36703.4618766823
36696.9919384126
36691.9685598732
36662.2063685052
36702.9982391798
36665.7076781989
36691.6896082179
36687.5845556855
36657.5901647176
36685.8270346049
36673.4147843222
36699.5511301778
36688.1481044401
36698.0083989835
36727.9619796148
36671.6603107777
36683.4070254704
36693.1795204886
36694.6554617904
36690.0827039461
36663.0809158116
36728.480576142
36693.1178135821
36670.3192976414
36713.3011539866
36727.2676399005
36696.0688492164
36670.0811619013
36663.7576216918
36686.4951609861
36684.4541852954
36708.644077723
36699.5306595474
36706.2285302682
36693.5003410837
36692.8358488849
36710.4613485355
36668.1129933155
36683.3601831107
36677.5736657686
36702.2924254696
36686.0488032044
36655.9968383728
36703.3619592463
36648.8958368211
36714.4986842568
36710.1609066511
36709.4117226459
36708.0837563884
36664.9691288614
36702.9912790456
36731.2096142809
36698.7544725623
36656.5255421627
36672.9982365733
36650.2311482338
36695.7420605578
36660.84881141
36705.3229812674
36719.1155856657
36695.9029814456
36688.6580362676
36699.8609751595
36659.6670106411
36675.0722048238
36687.2247249692
36706.7183811869
36690.9094438206
36695.4388765016
36709.9661716416
36727.5361810228
36686.655239419
36666.5323993449
36718.4708454554
36638.6284975502
36655.7056773738
36704.5245331302
36685.6812989032
36727.0192086152
36704.5208094688
36687.6320088424
36669.9281827192
36680.4151428363
36686.929313628
36679.49625825
36631.5402577366
36692.3654744783
36684.843368813
36695.4589930063
36665.1788976059
36676.6388995357
36674.7410909058
36680.9785940328
36674.7068401011
36677.817334319
36665.1027363006
36678.9241257965
36668.1910866562
36709.6992301512
36696.2985840237
36716.6775240183
36714.5721981415
36710.3178828932
36656.8402828422
36719.2922899145
36651.2702794796
36682.6381383806
36738.8670942596
36691.3834056344
36674.3067931391
36652.7515732585
36717.8957310194
36739.9664155788
36709.2223943463
36683.7750463668
36692.6924904439
36681.8951635308
36690.4687791225
36702.1532760312
36661.1575976414
36684.7250297956
36696.4845112377
36658.1466726223
36714.5151469369
36705.5090219317
36712.8354364716
36696.5683577231
36664.9010113763
36705.2208910853
36700.163007448
36715.8056712796
36677.625672552
36694.3665085795
36679.7030320403
36699.4486455571
36677.949566672
36661.1641568885
36655.3041351653
36709.3708637546
36725.5555763809
36652.313203542
36658.1585568576
36702.506559136
36670.5337206743
36678.6546046775
36683.0115683064
36693.714428595
36675.2407519094
36712.5140070129
36688.413697176
36703.506820164
36696.8298976552
36673.1640284089
36705.6399455801
36663.6818472127
36689.8697340162
36683.5388143861
36700.049352236
36672.9131072435
36668.8932132905
36654.9990668532
36690.1446872061
36714.2887522121
36658.7204146163
36690.8660243437
36703.7335260392
36691.6359011118
36683.6132716272
36702.799963306
36659.7362481501
36695.1913922794
36677.6219177662
36678.7561066757
36721.9957252331
36719.4593037824
36667.1050753155
36673.7970962116
36698.3715509226
36713.4444884643
36658.6723220957
36680.2194978845
36665.2956778861
36723.7398294002
36698.3727737433
36654.9824175634
36692.114942241
36660.050880031
36729.404499001
36685.1607603259
36718.4236633389
36673.4138305768
36670.1019531295
36716.4136148327
36707.5501980425
36661.789776535
36668.0788767987
36696.9290104902
36685.350335754
36665.9277238986
36679.7681291426
36668.4634228959
36717.7071393549
36669.3069132005
36666.4562267539
36678.6980844007
36659.6613619006
36699.6018420249
36635.2272328199
36688.7580250392
36648.6732432768
36677.8821976561
36664.4819834017
36704.3756908838
36693.7637055595
36708.5205078219
36694.0942006019
36678.1425546533
36654.7060574607
36657.5804797796
36675.9162814302
36657.1741926218
36655.0686366685
36699.0237283458
36678.2519199543
36637.1107229209
36686.7641127276
36649.1970821842
36643.1155805449
36663.0324361728
36694.3330572428
36685.328725026
36701.4766298599
36710.1483641032
36678.0514998672
36652.1491662006
36690.2247347438
36655.3192521585
36706.1164587519
36717.0134064465
36697.1688014125
36699.7397409954
36709.9650015386
36693.8177734786
36660.3900103446
36681.3808137327
36676.8821301334
36678.5411968236
36661.9912556153
36665.6023809128
36711.6498886502
36696.1370153881
36649.8348160284
36699.029766035
36718.8034592892
36698.5197366392
36685.2197288816
36661.7865998482
36658.8168786818
36653.5641214116
36671.8025550852
36691.141864712
36698.3726645621
36651.3503780339
36696.8533093831
36699.625813464
36690.5442934493
36675.0749181948
36648.4223014307
36661.5655381485
36659.6285125425
36659.6064547
36676.271645849
36677.9239328198
36695.8580744307
36658.1195718935
36679.877544916
36654.9292796531
36676.7101862133
36694.0650177471
36658.2778925243
36688.3100967507
36709.2815357407
36709.6210526979
36723.4397740607
36710.0967519816
36694.8565165913
36648.7496456661
36709.2036153565
36661.7782917387
36674.9860704384
36701.1033922448
36707.0765057523
36679.43717181
36677.6493705416
36719.7437787613
36723.5673734935
36705.7747471067
36722.171348846
36682.556305154
36701.6444265327
36731.729276486
36664.6825655139
36675.348032461
36706.6004956738
36703.0924561361
36695.3243803175
36701.4236772362
36673.6661876116
36681.8553112391
36657.3086029434
36675.1901970108
36673.4306857019
36728.2838305278
36692.9342939781
36696.0061938059
36656.1306834436
36665.7927263523
36671.3971483484
36693.2027797217
36728.4935357725
36706.2133042073
36696.6305720194
36705.4763040273
36680.9616935414
36702.3321042545
36703.231768099
36684.9016078381
36671.1862351542
36698.9060170832
36688.0299685173
36675.8199706944
36657.2119502767
36666.0233426602
36701.1131810307
36635.8965481367
36706.9969546284
36679.4918251283
36661.0864938113
36706.7108563176
36653.175618857
36718.1146336738
36683.4373816662
36688.5661266346
36707.1986344099
36716.367427761
36707.481777907
36710.6163961253
36677.4617878174
36670.2966847614
36719.0243665605
36670.5675287763
36674.8715934944
36694.8081068869
36709.9680027339
36671.8005835853
36708.0976426217
36693.1961347757
36696.3499703937
36692.2671046806
36706.3227628693
36719.8589244512
36678.5617381503
36730.4498390444
36681.1047336931
36706.4990744082
36707.3554658431
36689.1731270463
36672.2488559605
36709.2519269335
36648.0263603833
36691.7450539429
36694.5721592296
36713.7234939265
36688.5201725517
36704.1706526749
36693.3664131461
36683.4001091222
36709.9818084527
36672.3188719403
36721.201108665
36700.9682837837
36687.9181629214
36670.3331021133
36683.0868920572
36667.9272274218
36672.8184053418
36713.6715474919
36682.9598937963
36680.8488410805
36692.1364259883
36715.0848457718
36679.1629960751
36742.3672049347
36709.3863392979
36682.3512004444
36701.7141107664
36657.2571837283
36682.9434281609
36699.3445804202
36701.397873018
36646.2942855916
36716.5513488347
36670.1943880664
36700.1408233273
36684.4699382557
36694.6587034923
36727.5485549849
36692.9940821491
36682.0580805888
36684.2182758327
36671.4678260778
36664.4543184043
36672.788031171
36689.5905815514
36683.3035372851
36654.556358865
36706.38551112
36650.2546187767
36657.4158181072
36717.6819089752
36735.4513128864
36653.3564273106
36675.6563001583
36699.6309783099
36660.3470338871
36700.0184634303
36703.6499014724
36640.1569273178
36700.1957083945
36675.2386312285
36679.8657222589
36676.9290828415
36702.3479450277
36695.9571848443
36690.5801757802
36664.1896626703
36674.4957804215
36678.1773126425
36708.2150963406
36671.1724208328
36673.9530625722
36663.5956880354
36688.6187874879
36701.1022218799
36671.9693576244
36699.361877786
36717.2371486216
36730.1573708046
36656.7298243929
36676.0537690952
36710.6176342319
36635.1950969295
36697.1850544853
36656.4008385971
36658.5230846955
36683.8009146201
36696.1286765922
36688.4056544588
36676.4877621375
36695.2873969665
36657.9500850261
36683.0487628031
36692.248057578
36686.0815333288
36703.8449776359
36658.4265664482
36685.6370523209
36708.2709753509
36693.8737506173
36657.2191749488
36672.1069407467
36677.1738551174
36688.1850808948
36700.1701674357
36691.8991349703
36698.9819577042
36680.5594950995
36716.2876964694
36723.3341189997
36658.2913233015
36703.9105014656
36696.2010993388
36673.6150471475
36690.0646850388
36649.4138188213
36674.9039558443
36694.7268302931
36709.4176975669
36672.3808795034
36669.7981127906
36673.1041093906
36669.6749152851
36697.7427960741
36672.8302196121
36673.9434381377
36676.0282944073
36667.0618681807
36665.0261461736
36675.4890409997
36700.3396580122
36701.392754996
36656.9128094185
36650.044252177
36659.5739362038
36731.5983428619
36697.7890803401
36692.7190717738
36716.2892233854
36669.8002236367
36678.5944112746
36697.5974517445
36683.6481158144
36682.6907896225
36701.1034029141
36702.3813190065
36701.2790158384
36686.1309609925
36661.0469349652
36715.057818516
36689.0987902991
36657.8601587062
36661.388839592
36620.31179403
36650.7279557222
36670.1030115975
36663.0627070936
36714.9640306231
36643.0134138851
36710.6175513628
36675.5428153772
36648.7459449429
36691.3863161319
36694.1984930893
36688.7671729706
36658.9164137247
36723.976817922
36687.7704516997
36704.2969289261
36686.5927234186
36703.0643160825
36672.5318645198
36712.9084818421
36737.3185202581
36692.8681058946
36707.6292203598
36701.1053835583
36725.849389612
36713.2332405249
36644.7567131129
36700.1340860401
36692.4931395784
36676.5216210567
36704.4470499448
36686.4926547825
36721.1466225142
36673.4854542856
36720.803449487
36659.2264867286
36653.8248955936
36691.8778235064
36653.7487293725
36672.2180260983
36646.8216725926
36705.8364606544
36701.4485505395
36702.3633619082
36669.9595718298
36653.7118820937
36692.500330119
36676.9123415676
36696.2693083436
36708.2772761185
36673.3630601259
36712.4968708436
36673.7473293509
36708.3982253075
36706.0806919314
36658.4228958765
36717.057405005
36680.3371067294
36693.6127466371
36682.4440379265
36685.0169702995
36713.7350699018
36652.2721096632
36684.5248778794
36700.6253240028
36660.6206330985
36680.4627437162
36667.2327098434
36691.6303534845
36685.0100935901
36683.3564626194
36689.0181121386
36659.5462273989
36685.5305243085
36672.1983383673
36711.5249540968
36699.2401993427
36662.5876025227
36689.8488006006
36707.6878949074
36712.6048603997
36650.5384335249
36688.8780631683
36698.7952813315
36684.6541447357
36718.6060477857
36662.197638395
36679.8439281966
36692.084457246
36707.5974626443
36634.0852781233
36710.7487060799
36671.6710601595
36685.5726386733
36673.9766462936
36637.6110086638
36705.1808868709
36695.8289844648
36646.738251415
36685.2052076993
36678.3261576421
36665.6349271914
36669.9880025179
36701.3303471543
36666.2084099145
36667.3968161569
36665.6250904606
36693.022643617
36718.1862425152
36691.6644434638
36720.9217865048
36693.435286527
36664.2896430473
36665.3011204543
36656.2862081577
36733.8581260877
36676.1797129968
36661.3895685505
36699.430318996
36696.8206865502
36694.9628830107
36692.6290643953
36649.6928969917
36694.8107199637
36655.7453827552
36657.3761600212
36715.9355777789
36719.2543428071
36700.6569947267
36688.1648080139
36737.5977240929
36705.3425643365
36667.7677871405
36645.7059705713
36655.1704507086
36677.0467869122
36666.1992767301
36673.5865086776
36668.5499678595
36655.9468217343
36659.2438097037
36686.0426937072
36684.0854553178
36652.8152101907
36673.8575282223
36675.0297132637
36655.5976904901
36678.2290670687
36690.0268782716
36696.189158602
36709.9227833913
36652.2665581227
36687.020934359
36673.1337753808
36689.6788538824
36681.4369591906
36673.5686396449
36708.5903958256
36702.9440536719
36702.7426007561
36694.4724926551
36671.0298191416
36683.8967604125
36680.066139323
36651.6200101072
36644.6814763942
36715.2554137196
36654.8949763947
36721.8591630065
36715.7740484055
36695.8543180375
36703.0158915888
36701.6656658331
36671.4824521777
36660.0942550567
36658.6010939644
36722.5486696365
36675.8706212615
36702.6051173578
36652.1265192705
36682.9909281084
36689.5588386048
36676.868926468
36673.2770127774
36705.3740275168
36664.7431623631
36656.8589923511
36655.2604414956
36701.3398013011
36723.2788871496
36673.686559049
36692.7581011584
36705.6532320425
36692.8217492262
36693.4376003648
36663.6394592971
36719.4319293628
36673.6777956832
36685.4651824717
36741.1622792844
36700.0075319852
36675.9547876615
36705.1872981667
36656.5536538512
36718.713633815
36664.1838705441
36716.2123363748
36709.1913937371
36707.8045441377
36665.8170586896
36694.0726926471
36664.5395631833
36726.5494267362
36668.6522561693
36721.284335594
36718.6136085318
36672.2422331672
36699.6449702069
36659.2959091655
36695.9225145389
36661.1465810907
36666.8042332004
36678.4748544331
36668.9945711048
36683.2319680585
36705.1690505911
36689.1554386813
36650.8178444596
36666.6588944359
36678.058716892
36646.8623297765
36688.9876471673
36706.3039880713
36712.5395950915
36701.2364544069
36699.6274345109
36684.6232857898
36714.9676209161
36690.3696645462
36658.5422511906
36653.901880992
36706.993158906
36714.617531871
36703.200071909
36715.4843779528
36671.2187203807
36680.1101282288
36694.7603146945
36675.9736805956
36697.3801475623
36695.5164286813
36704.0907676953
36704.6032252668
36718.3508204653
36701.3708901363
36678.6529789895
36646.9490855529
36660.4105399078
36688.7486469944
36704.7331268358
36692.8784397948
36642.1114905293
36687.9201030797
36682.5921033616
36688.0503949424
36668.7348680496
36718.7385194679
36689.3433135643
36688.2620455342
36673.9310566336
36703.8986638957
36675.8493358069
36688.3772481007
36693.5817091049
36677.1376482481
36684.0894101063
36687.5917759173
36716.2185615404
36688.0516867852
36690.2632386077
36659.4219456826
36661.6289317998
36647.8236797328
36660.3570894796
36718.1410679278
36691.457243388
36715.7276884335
36679.9562115662
36700.9283364203
36682.6875766005
36697.9268278267
36683.5412219383
36683.2948058333
36686.8118136196
36646.9959681741
36657.8916690871
36656.4612396039
36706.4986540192
36694.5400374832
36682.526684559
36673.965117926
36707.4970772096
36690.3847497249
36696.4859383572
36694.9971206011
36678.1906676493
36643.9664467532
36717.968337841
36702.0172543101
36642.7953648401
36689.8286562531
36677.6785778641
36673.8181450565
36648.1379427285
36700.2600457108
36679.9539169851
36640.0833270183
36682.2317828426
36693.8808054538
36706.1368996777
36684.6092823263
36714.5448241168
36696.8359997641
36666.7891344103
36649.9060600657
36689.2925494323
36722.2821725074
36694.8671440953
36702.9998332399
36654.9139695906
36660.9711973686
36667.0482296389
36680.6677312276
36645.9841075484
36672.903556536
36689.757072078
36699.5301100136
36680.6723904424
36672.4949385901
36716.9476040598
36672.6867063485
36662.0493388239
36673.3987598729
36670.6828758355
36667.8379489557
36706.3428512017
36673.758027131
36686.062378977
36732.670580277
36681.2285080627
36672.2648546995
36694.9451359559
36719.2336552552
36654.8564677074
36657.2167667887
36664.4178941278
36675.7614052893
36655.1626908086
36681.560563739
36692.8650650982
36658.5510336172
36701.8327677019
36667.5833828107
36691.2003558165
36692.636209515
36696.1258505372
36655.0681138178
