36657.8143252474
36693.4584494677
36700.5452162884
36668.2131031336
36712.2540141024
36690.8350152731
36665.1005988533
36663.3359057376
36659.8914709117
36701.4447672761
36688.4876638773
36666.7063866244
36647.5751238826
36725.4627317801
36676.397119889
36670.4136786302
36651.412242058
36694.3980742438
36717.8637301297
36648.6727782071
36707.1575974668
36679.3829134595
36716.4085598296
36714.3656942555
36659.8887460695
36715.4974289814
36691.3259570757
36688.4452526972
36722.2681164296
36671.5267606817
36660.623414779
36694.9651954008
36691.8434721378
36694.5572930507
36698.0036488096
36714.9407609668
36675.4668524448
36659.0609773562
36709.1204810725
36721.9523297035
36653.6516413186
36680.1865065891
36701.1117675051
36728.9162396739
36680.1465844
36666.5771610872
36658.937523055
36699.1031488051
36664.0393160626
36691.2447880597
36673.9808172726
36689.3500364646
36673.2757488728
36669.2608770876
36664.7100174113
36683.4384708172
36720.1607509381
36676.5959279565
36670.8376643583
36697.9759396868
36667.7785261896
36717.0468299467
36688.5711930262
36645.164156129
36644.4118206118
36714.0379839068
36695.7706646943
36724.9136779036
36713.2675958216
36675.558361242
36702.0896952726
36680.9522350386
36661.0041682484
36704.4869207449
36665.8329585959
36658.0854160378
36718.2277624444
36675.5483022364
36672.9663105942
36666.7510436579
36714.4140381694
36662.3546830766
36677.8560561617
36717.3484134605
36673.5916437699
36698.6955304869
36706.4248340077
36705.8916647309
36693.8788768961
36658.5214598453
36681.6788738464
36703.7063614975
36670.0284335208
36667.0682839848
36702.1391365218
36675.4242417353
36678.6256225869
36687.8889460351
36663.0745413999
36673.5331066238
36687.9311256577
36696.1018020693
36673.626510097
36721.9120661186
36691.4270945222
36666.3919612383
36709.0987005405
36698.6524010822
36691.3387573736
36666.4816333991
36686.867273524
36684.0331134954
36706.6445885772
36710.9230778808
36688.5548161007
36690.0622568971
36660.3886674929
36727.3893287476
36723.5898454737
36673.4359893331
36684.0173961588
36656.9550889476
36666.1953871163
36723.5059735025
36669.3092575538
36694.9211474772
36675.3805777959
36746.7635363912
36712.4074889728
36675.1755969408
36677.5146803536
36700.5378995227
36689.7606953501
36662.6056815649
36703.3815121301
36674.0594294408
36693.0669928726
36665.4052776757
36663.3946268484
36700.6871410498
36717.7165673134
36673.3957944947
36691.166218832
36694.4080327229
36650.5063405179
36731.8886467357
36688.4627821003
36680.4513418093
36718.0078378906
36716.161261358
36710.2451269356
36688.7493851129
36676.1927448613
36702.2855625903
36705.0106478375
36696.0344351174
36723.8738659889
36678.464346126
36666.542482867
36683.7596293639
36685.4660947274
36703.3441135785
36686.0220622123
36701.4199796621
36681.8648469375
36714.0596301753
36677.1237654761
36672.2179654121
36727.8823179804
36680.5257411856
36656.1319565903
36715.3449751856
36715.964776171
36658.8882568612
36714.963022159
36665.1375688004
36663.3934987336
36694.1735311113
36682.4711878858
36676.1127171217
36701.1950841797
36695.2290714767
36682.4525063395
36699.9086412857
36694.6499467534
36689.6530850133
36658.7253294259
36684.9133942313
36671.5418540842
36721.200015175
36685.144467785
36711.1393150966
36675.669252143
36655.81963485
36707.2079352634
36683.5128257657
36677.7831038746
36685.3116240887
36730.3819737164
36732.8598499524
36663.8708220695
36665.860536085
36651.8408980414
36685.8939787257
36683.7600289588
36680.2402494379
36717.5585691105
36700.5703289055
36719.2454428061
36678.2627224888
36682.7728103491
36667.316002624
36665.1211136082
36668.8933664665
36680.6625389758
36678.1326184508
36707.0413479085
36678.9689736071
36723.2782356884
36677.0299086511
36670.6829761224
36685.4555385476
36664.4823103268
36713.5481795149
36675.2793216551
36696.1497341574
36715.7058321789
36681.4630500639
36716.8817380329
36669.6847869771
36673.411942432
36679.4858357613
36712.9807347192
36709.7109059774
36676.6873754143
36657.1065264138
36720.5838283535
36702.9309675531
36695.9932776266
36658.3621660269
36668.2261553083
36666.1313232558
36679.9452873247
36679.1972800867
36688.882306255
36689.5177059843
36701.888457789
36660.7412252266
36707.1025307771
36733.8523235497
36686.9825670064
36650.3455617843
36665.3421607406
36659.1779814624
36690.1003118947
36678.5193551927
36668.3304004388
36670.6619380924
36673.6757925141
36688.2170108291
36646.1413142813
36670.1606033169
36681.5543079647
36692.7329542075
36675.5016923365
36683.3851378441
36695.6218761769
36680.4583013294
36696.063418776
36666.0746441296
36723.9622146246
36679.3495457301
36692.1699662031
36703.931325605
36647.8824993436
36673.4423800313
36710.5744302836
36698.2717114928
36708.7724222297
36707.5991743448
36683.8306411011
36689.4372937881
36664.5388290117
36710.274689987
36673.1272860529
36686.1895798508
36688.1903805839
36698.1810967977
36690.6838253471
36697.5093322212
36669.8932722167
36662.80547263
36670.0106809993
36686.8224289712
36671.1068311141
36674.3713604746
36678.1120714437
36717.7493125424
36710.0412785347
36664.8043472623
36643.9983446749
36665.5800726827
36728.1346373336
36680.6412704631
36662.2741251787
36677.9798730134
36680.5018454837
36661.0854147062
36695.2327822582
36674.1022671278
36695.6289392147
36678.8082264464
36716.9080373769
36668.8350140681
36670.2855975711
36703.096861694
36726.7201427116
36710.339011482
36713.8959081219
36694.2765693353
36662.601231344
36683.4002738971
36658.7318534841
36660.0821712263
36654.9418457247
36675.6911513086
36664.8003667863
36705.1398078563
36659.8291605178
36723.9622164702
36649.6169575424
36707.2084544992
36739.8087271101
36658.3145172259
36696.962509221
36716.5235294778
36703.335232429
36702.9524015692
36660.200195378
36671.5580105773
36679.7434253066
36722.2145125631
36637.6788922007
36690.3548433127
36679.0198388333
36666.9687242205
36668.6166488827
36658.0709534123
36676.7371202015
36650.8004632742
36686.4117896042
36674.9974623572
36664.7822254636
36698.7236924846
36699.4861341373
36689.3830217608
36677.1954613519
36670.4080451202
36725.9924463426
36723.0498772876
36667.8572030304
36653.3054277564
36664.900085949
36645.9186062957
36663.2238479739
36676.9272517305
36660.7617578652
36664.5557576657
36727.5378003011
36721.521248113
36657.7983275063
36722.5080022951
36649.2465671499
36691.1399673001
36649.0799763513
36688.9162749738
36670.1903526371
36694.240702982
36724.5799701548
36698.542138367
36668.8263430399
36674.0649844055
36671.1610158085
36694.5957007668
36684.4995434576
36700.7675826784
36675.6669131986
36692.4309574839
36712.1419083867
36673.4030054489
36672.8288137636
36689.1049582324
36682.6224212206
36716.8565901705
36648.2281042629
36701.6577581027
36729.1981124373
36671.4543751907
36717.3101079883
36700.9543674872
36711.2391097698
36691.2300323636
36654.3604009828
36712.8421005125
36706.3753091118
36713.7841317817
36723.9773499132
36694.2644789688
36678.9375459732
36663.3746446943
36659.1599930867
36714.9463544828
36679.9010139358
36710.10011661
36682.4516366846
36708.6219855734
36699.2796594547
36689.4863380445
36666.9014254513
36711.4219782265
36717.6138094939
36682.5470312961
36685.4016294782
36686.8277667222
36667.4569113145
36713.5496811268
36707.583472368
36651.4207040387
36700.8367262596
36660.9453354341
36678.0532488749
36664.9843732928
36663.016439135
36726.2233043323
36688.8473856424
36651.7065221029
36720.7981457782
36671.4480835718
36670.5003354419
36710.3982797842
36672.6850587051
36673.3600419909
36695.8791973701
36663.7827967361
36721.2307249206
36725.3283852878
36667.3373253292
36707.4582011905
36664.4043800245
36734.8675931494
36683.8170512934
36710.1745211067
36698.0556203216
36700.4137347645
36708.5070936323
36707.114639972
36698.9881963681
36676.2350922638
36727.679376791
36661.7341007817
36669.0880538392
36688.2298772013
36666.9592325471
36684.3762831909
36728.8160723236
36720.4141416923
36698.5582331785
36680.6363600002
36664.8489265544
36671.6098465299
36661.5298636207
36672.5805143764
36653.9085647047
36690.0691471867
36673.2951249177
36680.0331181315
36676.9793331238
36701.3079096315
36674.8572053738
36653.9806260013
36723.5170140547
36684.6842626443
36715.600563149
36657.6217409566
36663.1551155021
36692.0194806721
36669.9784177416
36696.0946818729
36710.7446203628
36679.1779840404
36685.5495295052
36718.6474262703
36708.944866949
36713.5768130417
36726.9500273383
36670.5605110625
36709.1612620355
36682.7873990357
36688.3274250814
36673.3882939875
36703.8053620834
36668.0870113856
36695.4027517391
36717.8896540251
36660.0049067982
36671.1772930761
36670.3024639425
36664.2876626674
36714.8103976427
36689.4327236993
36709.1731260815
36698.7407829746
36724.532014938
36669.90166717
36688.6154051838
36669.1236089099
36677.2150949879
36674.1213958576
36677.3931585359
36716.1181891875
36681.6637223031
36679.0116880791
36693.1160786716
36694.5902858676
36664.2096184463
36695.4437203702
36700.3153965358
36714.6777017627
36721.6823430934
36678.7543287285
36681.0672480044
36653.2959371662
36716.5713128108
36660.1542994269
36669.3428020498
36717.777814708
36655.7681516256
36663.0387507732
36714.3205142639
36715.2208342149
36653.7797635839
36698.0746623023
36706.5168978107
36688.3841254663
36719.6332746627
36707.8785316719
36707.244113873
36650.7762231741
36654.2077777005
36672.5117130426
36687.6403360587
36704.7440234473
36700.231401872
36649.9279191203
36679.5245316144
36714.5532126137
36678.2920141167
36713.8267095764
36663.5795643811
36681.7657816497
36691.802280561
36659.9879525422
36693.3710109626
36678.8119615782
36671.4340620375
36663.3177799799
36699.24794747
36699.0777489676
36682.887359569
36723.6074290625
36648.3422611041
36706.4108065125
36690.3073363803
36669.0340281743
36704.1160655712
36694.3671085387
36696.8322008798
36681.4477863419
36670.5117431528
36710.8267232812
36731.5597477023
36697.5889246587
36689.7951164404
36683.7444234824
36671.3190881659
36669.6058458066
36698.508698313
36666.2004582679
36714.5790170994
36699.2254963976
36680.8977835585
36662.1610879045
36683.2132016268
36720.845527774
36658.0245610409
36687.7878711952
36683.0413467474
36679.1886719944
36685.1869364506
36700.7672290273
36660.0717256156
36665.2796987642
36698.0829318023
36624.2009655331
36686.7456457906
36687.3668267109
36666.0039097001
36661.3891462966
36712.4443731555
36710.5101027226
36739.1502820821
36668.0144190669
36670.6118320887
36689.3748391098
36710.6911374922
36711.6613036997
36702.2834291943
36668.2706429063
36673.5458654253
36719.2326873448
36713.4457730066
36657.9903089226
36669.8423841865
36694.1690303822
36686.6838645798
36655.5883694036
36695.4598789843
36732.8454791662
36714.2932421384
36723.4698947296
36727.6130911369
36674.8624482669
36658.7147051397
36691.5548933371
36716.7730496425
36740.7657953421
36677.1472415723
36668.1688512765
36703.3685179437
36656.9975689165
36711.733770426
36677.9632671669
36689.1876400991
36705.4975832024
36693.9204211893
36690.0322870487
36650.8177208572
36661.7439866685
36721.8665323629
36645.573804442
36695.4810388029
36674.5698490499
36671.9209219225
36696.5439539257
36676.3151873311
36672.8963093724
36691.5038505462
36697.6216583597
36669.755658243
36674.9472828422
36693.0863502441
36678.7724265804
36693.0982615788
36685.7686074807
36666.0008577935
36694.0781138604
36672.1472411713
36686.1500006621
36714.0995409542
36664.8238670703
36659.8220834127
36705.5662109844
36712.1652363108
36675.3788839144
36712.5614167759
36717.6112951839
36717.1116931159
36723.9407059342
36715.7331007702
36729.6757511561
36693.5418937314
36712.1858542885
36686.2044299605
36702.6980964614
36691.6316595772
36710.902313792
36673.8565727097
36680.0160311276
36722.4384064442
36661.7076856161
36708.3426337492
36664.571229389
36719.7484018108
36681.823130596
36663.0603254011
36737.3814512379
36647.6850452436
36710.3925948975
36736.7521974381
36663.4736900284
36684.3392813799
36656.5973789858
36661.3110524053
36742.5285579116
36640.1473554998
36733.4590976861
36653.2132080617
36695.267471602
36680.6622035985
36709.1595645148
36662.5228363393
36721.781307323
36697.478492601
36657.6014765187
36664.4302264357
36676.044332235
36714.3304330194
36676.525689016
36700.6093565336
36696.9250853829
36661.4234880867
36718.5067742931
36728.0071643632
36683.6987620499
36720.7357839953
36676.8967771005
36682.0294006686
36713.0584261085
36662.4032421135
36669.4175441357
36705.6013089575
36688.5483030476
36692.8193946321
36708.5880325448
36662.6140046531
36684.5029296156
36645.5599275493
36678.8661849462
36721.8630633398
36669.8440033447
36686.5209148118
36692.5330066769
36674.1866470355
36653.841806825
36714.140690929
36717.3617742353
36687.1144901356
36649.2207310215
36693.7997227686
36705.8574262698
36682.9176714894
36692.9975992629
36714.5808679885
36711.1019410875
36685.1929884186
36678.7655046681
36697.9144371899
36667.0359242307
36719.2342807691
36683.1629830223
36705.3723432814
36701.396256845
36676.7731806356
36662.5323443978
36704.1819474243
36650.1047399106
36663.8352307035
36687.5807142639
36689.5436754625
36720.3960019691
36706.3443651009
36701.2116279061
36683.1292261167
36670.2267211667
36704.9905127039
36668.618693721
36690.4422042299
36695.367594772
36675.424677306
36681.4789814459
36719.5836551566
36662.0671565429
36706.0102692901
36652.5133164641
36654.7083561192
36682.9754798653
36709.024957301
36714.5944379731
36662.1963271944
36668.3239742751
36695.064325222
36732.7739450317
36682.1728035452
36659.970272388
36665.5020751155
36676.0563777557
36710.3407070288
36712.2406747543
36646.3483473006
36677.6761734832
36685.092712414
36656.7288678369
36655.2427645764
36698.7218289693
36680.2929148137
36655.5073840544
36669.0427655258
36675.192477363
36707.6510053093
36660.8195893709
36660.6170922367
36679.3255048216
36671.4775540707
36672.7574502632
36691.6393598299
36708.1633131854
36702.200465322
36672.398346794
36678.4710547634
36718.6611617689
36672.5630646863
36702.3588697911
36687.6814083999
36668.5037189948
36717.2414340904
36674.3792309432
36715.8529801248
36701.5412820048
36693.4345173299
36680.1780760002
36685.1425442113
36669.919253004
36693.3197603075
36681.5567173022
36692.0223147089
36699.3969159674
36715.5765313153
36732.6775789013
36688.8427610028
36666.6393080185
36664.9038275093
36673.336979714
36677.6561776564
36657.6435176525
36675.9858861106
36734.8288072844
36675.6775594675
36654.2427998265
36651.6287330538
36672.0835471786
36677.0374174041
36665.696301533
36645.537101578
36663.0263316715
36671.541754976
36650.7830327685
36700.209687567
36676.2684445702
36643.6266019313
36655.1001309242
36684.3703753408
36697.4290241537
36664.8868112259
36688.0050522832
36660.6906338339
36666.2593610743
36704.3329827204
36686.5695043108
36709.9249089148
36667.1374591325
36707.5423140731
36713.5889469233
36697.9667502369
36663.0333471733
36682.2506852671
36714.4489325694
36709.6559147479
36678.5849009701
36700.6718725583
36673.4855073658
36664.5517690622
36714.9228090942
36697.4796114441
36681.0285225811
36674.1253322691
36669.7110638392
36690.6566102336
36685.9420261181
36651.470161542
36713.9054243747
36658.8999511523
36725.2716707352
36674.073580103
36704.5771209532
36665.9021554252
36706.8205805764
36685.8380260359
36657.9302571262
36693.5587877772
36686.1290362847
36684.6523305735
36648.9532108469
36667.7476362285
36693.0483242934
36696.6323832086
36680.6863477337
36674.2988580558
36701.6959845066
36657.6171346113
36706.3311286939
36697.5185240239
36716.828554454
36701.4613596077
36710.9406128714
36709.3062071585
36719.788479328
36669.9327813544
36726.4895101161
36670.8835898559
36661.3927355898
36701.2576152567
36704.2369376681
36679.9035168311
36688.9022995395
36720.0022341134
36687.5736485843
36669.5993573736
36677.7282333359
36665.904358339
36652.7713722051
36692.7264573437
36642.7035496347
36673.2067441792
36692.6543171861
36674.4214554987
36684.2413635032
36688.9232356305
36719.6508887758
36677.4307870551
36685.9509736252
36677.0484164881
36656.2885946088
36670.6975090901
36690.337532006
36691.0611015469
36677.0259638269
36681.5243480527
36698.941294327
36652.0866831503
36669.279614763
36673.7504085558
36697.9693888258
36695.6235025966
36659.6784349861
36659.8293127022
36692.5995790649
36698.8739331805
36700.275690821
36718.3061046974
36701.0918124173
36708.8452304538
36704.7461206793
36727.4008106822
36681.7264132585
36653.337185424
36666.4100350858
36662.159017606
36679.9492154694
36695.9157155427
36666.7763825332
36659.974957697
36669.4197258671
36666.5581317604
36688.7558568526
36674.578207574
36702.7260743741
36656.3113771369
36692.5790721546
36668.2121159657
36681.6045800687
36719.9786598377
36697.2697732411
36667.3093458558
36699.9244941324
36705.6942093249
36667.1987815177
36666.2534658334
36690.6362057368
36693.5685995677
36698.4886273273
36648.0300543803
36678.5303561644
36707.6529315545
36680.5086334576
36648.6846366265
36712.3677476846
36641.7185070757
36688.8237037684
36668.3038861892
36669.6435313076
