36659.5819513632
36677.2873335798
36665.0730434101
36691.5754924013
36681.2797802302
36669.0117472449
36654.2574687246
36677.9630631028
36696.3778551772
36702.350346021
36669.3689705036
36689.3325582048
36668.7004612272
36706.6393960431
36680.1684041443
36690.2294552992
36671.5907342637
36685.9829834182
36666.9134019494
36666.3458670581
36672.4569221007
36668.9923748302
36713.0576832519
36714.077110083
36673.7792079788
36703.7809651774
36673.6277002097
36669.1745577844
36674.3248150144
36726.2087228333
36689.4918274848
36733.5790687233
36709.7227738021
36695.3178616251
36727.0043993348
36699.2902787394
36680.4140320277
36692.482589808
36679.9608926132
36710.6210669679
36670.6743998348
36678.070585344
36686.8836226645
36657.7946668144
36660.4209471451
36722.8463275243
36708.2942816248
36668.1457188125
36690.8899168165
36728.0493022326
36663.3865216726
36663.8590609653
36660.7164021294
36669.0879159003
36679.6911270313
36727.1344059879
36708.1999862639
36717.2783825068
36656.9714564064
36681.2465282629
36666.0290248466
36653.4033254711
36688.567330583
36668.009396667
36677.2839167765
36721.2964757203
36722.6323864883
36665.8204181713
36668.2459482766
36719.7007752077
36706.2060945309
36700.5179450802
36716.3787037933
36687.5175761085
36686.0576889788
36710.2181661097
36670.0964855234
36685.7525940243
36670.6837599768
36678.4283753503
36673.2273414204
36725.6550434247
36729.2232460453
36649.6335851324
36698.8520465126
36673.2112827262
36718.1575441775
36719.4583969198
36663.8608586163
36658.9526456622
36704.0359064015
36658.5875307709
36716.9899972782
36694.5107079003
36685.115953424
36678.7487819737
36679.233510052
36721.6739165775
36676.1696332404
36716.571167588
36692.3746156753
36692.9534731052
36678.4072067289
36668.657123181
36674.3526244312
36718.1308685692
36664.1044962086
36664.2196784953
36667.6394362947
36668.8607698787
36680.633322518
36660.6920263269
36668.1685433784
36715.2108426202
36716.6662069233
36669.0187468516
36685.4420588792
36675.0726768699
36669.5231725264
36672.7464159333
36699.3696002571
36670.8915517828
36673.0851243373
36714.6297337742
36682.2162263395
36673.23313068
36667.7456782792
36716.8894630092
36662.6188488276
36692.0681144812
36699.2327083425
36666.0031238714
36700.4816430506
36716.0927815143
36664.8952578443
36725.8060223732
36677.4519848261
36680.2017192828
36716.2072904661
36696.2113390606
36669.3935025682
36659.8861465066
36660.581485176
36653.8621775115
36712.1589017967
36659.2482473336
36724.3991039437
36667.5497363975
36672.9527360676
36715.6397322416
36663.5822925476
36691.0367301586
36724.9113342877
36722.799599002
36676.6693695389
36682.9528216176
36666.1056474583
36669.2141983571
36675.9648358951
36659.4921549119
36710.9665315125
36692.6502391398
36664.7750376317
36698.35444743
36730.9549664202
36687.1814630818
36720.0704199669
36706.9788077051
36707.0847524387
36664.2129250893
36708.4919224125
36680.371242893
36687.2545554473
36719.4703451222
36720.3164651123
36665.0524376617
36656.7704650115
36672.1850805271
36717.6992850761
36666.1552991627
36668.2844760031
36669.3382186226
36663.3255833784
36724.0259438642
36671.274461083
36665.9764481559
36677.6896311142
36724.7547371547
36684.6378696456
36719.1641896265
36694.7645920754
36675.0223979406
36659.3651892456
36703.5045217348
36696.9012362751
36673.7561795664
36720.6860105413
36661.9248641462
36716.5389139039
36681.5844495463
36670.1954242406
36691.2970993337
36676.7599399173
36714.3459010483
36653.8973610554
36669.8943772442
36672.3883264792
36698.9784530949
36674.5958628331
36725.8811076512
36710.1863180339
36668.6074538608
36668.6700234425
36716.8532387881
36686.3968481313
36696.8500933027
36678.175916009
36666.110703437
36678.1705984495
36710.2888609181
36675.1423269722
36677.7148119531
36673.7582123099
36672.3265897776
36659.171643987
36676.4158485267
36678.0499514695
36663.9158385657
36718.2617767317
36701.1489634043
36674.6714155301
36684.1715575764
36659.1766809671
36680.1566616113
36693.6785972014
36695.0838733395
36679.9815596928
36676.5914337217
36663.3282866348
36668.3236256666
36668.9195864507
36664.0340651496
36683.0728480193
36672.9235384872
36670.1031863242
36698.9621432392
36673.7558281111
36716.1833680822
36657.4400161634
36673.4986970404
36677.3917220767
36723.7619500186
36708.0064334842
36667.5105301112
36685.2309086978
36670.3692263093
36719.3096833192
36706.7108739025
36684.7405270177
36709.42827639
36700.2241374009
36703.3800232848
36682.8178610432
36667.7568894089
36697.1942946574
36662.5745752007
36676.4164896096
36663.8071662745
36690.0649232955
36690.24345877
36723.8000836034
36668.6816097424
36660.5097315744
36684.710670724
36665.9914221308
36717.6787130679
36682.983748277
36685.0446339014
36688.336873337
36720.4628731059
36679.6195706606
36669.1611045605
36686.754125991
36666.5443106552
36681.6530351784
36676.5727235016
36668.8183918955
36663.1966671287
36665.2136238113
36671.5044124113
36648.8409071647
36668.9325866639
36667.3902095676
36697.7362924761
36703.6196126184
36680.1210024689
36665.2051966192
36675.9621145485
36675.7205429929
36703.4226313384
36674.0467607057
36709.9061275256
36674.6526889434
36702.9273616444
36724.5508627684
36738.8109654836
36680.9125821838
36673.7680372903
36663.5645601633
36702.1460241261
36661.3461159289
36643.8999566261
36682.3837140811
36670.3522984515
36652.7076253228
36688.517982943
36687.0906120869
36699.1007803738
36679.8299241243
36658.9145977936
36672.451008958
36694.7697193517
36718.13513382
36677.8518837933
36675.7080008145
36665.1253589441
36707.4607917589
36721.8920639044
36662.6235933479
36679.7054987908
36712.3961325713
36674.6214196907
36654.8833908398
36685.6678756238
36678.3102621006
36716.741650666
36676.498570159
36654.4062377917
36663.6420334935
36676.1523626335
36659.9208043322
36707.7810873419
36661.7796601191
36674.5568918039
36681.5609873052
36657.4082421783
36727.8892848559
36701.3620528135
36666.3309907585
36720.0192054665
36689.114280817
36668.0462214843
36727.6297621585
36686.8693674576
36721.6281689721
36700.0476802302
36691.770502569
36722.2668413841
36671.1791342609
36683.134552805
36731.1862057929
36666.4846412806
36705.3905316955
36671.5196488821
36683.6250394025
36713.3418959769
36724.9191667028
36702.5494270018
36690.1404545858
36660.566816106
36672.5093777883
36722.9862733471
36664.3240059415
36675.5741843772
36676.9433320714
36663.999538481
36681.2376561865
36685.9221204285
36726.4203309252
36707.2683503499
36675.2501961586
36676.3046034336
36701.3505442133
36660.3773263195
36686.5226189324
36687.3746335012
36692.2080124902
36723.6277048587
36676.9276103492
36725.2345516908
36668.9698267192
36717.2697392629
36671.4306369019
36657.0079166779
36659.6025968964
36688.6571530433
36710.9494220535
36667.5307520007
36710.9673425798
36675.4459632909
36695.1825755447
36660.5308792985
36706.4188439713
36699.1756896005
36656.9959605807
36681.2461204523
36664.8434434726
36706.4699197144
36672.5675335194
36671.9156006147
36680.9665532256
36678.1798756639
36658.5981718843
36699.3703004886
36702.7237921262
36701.4059990822
36673.9987136595
36666.0287434362
36725.4060325721
36695.6206966642
36670.0393909621
36683.0269420593
36673.992476702
36727.8192517659
36722.4185770207
36670.8172914204
36673.6184030284
36680.7734668581
36679.374279865
36652.5747999077
36719.9243496721
36682.7844702118
36672.4382225658
36718.8542067607
36697.612485841
36656.2171190125
36672.137770174
36671.0449525112
36699.622941799
36677.776567092
36681.7127683436
36685.6650383942
36665.5556388541
36699.9128330571
36665.7734814089
36669.6891547351
36701.421767633
36673.3284092283
36696.5089913822
36688.7890110255
36678.2686929736
36675.7582238223
36715.1227926587
36650.0989081678
36660.7579690246
36683.1800674693
36712.9260850897
36660.9856126646
36733.5046861226
36667.3044090939
36674.4676209576
36700.2557497155
36674.0138420978
36728.853655288
36734.0211612776
36662.3212614104
36673.1537391311
36720.3282299036
36665.3963755784
36659.8814828766
36669.7247232458
36684.2866398244
36669.7749321259
36664.1508587147
36656.2791498214
36667.0238321361
36670.0118105615
36708.7152532251
36693.3246900167
36654.6713854471
36684.5074945451
36727.6135047862
36691.8731685098
36700.0565433048
36728.5555680671
36675.9075078203
36723.9593056883
36664.3229838442
36680.045864299
36685.8886252263
36679.4501362749
36687.1909433557
36673.1941489431
36681.1571444134
36671.4505429196
36691.0643968402
36684.3776438391
36711.6123382022
36711.4968304948
36677.4613610472
36671.3965629836
36660.5092815082
36673.611853304
36678.0297074759
36670.5574935017
36686.2892613531
36666.6258250193
36665.535609709
36674.2604075505
36713.0014856394
36659.0746583905
36680.7639722863
36687.7502712462
36671.0482632166
36688.0156627989
36663.6472167525
36682.349977226
36669.4867301254
36728.0297579568
36718.0303780416
36677.0726662211
36649.156281048
36717.0134850206
36676.1210628498
36684.1184050651
36721.92157333
36658.9290543745
36691.8169316558
36709.2956035055
36687.3216690172
36653.3599980826
36664.2911034612
36739.4462628499
36661.0768827316
36686.9169163909
36699.0215080415
36675.8092957029
36719.27239666
36663.0858964509
36662.554577169
36732.9247761472
36724.8872749106
36672.7656566761
36666.7107716251
36679.4432283404
36682.4396676886
36697.714106366
36670.7326749881
36671.3805488443
36670.5819970321
36668.8646387581
36679.0514839098
36658.6975305351
36661.9884752697
36704.3646163051
36676.5664340568
36668.8776251394
36679.643723857
36669.247058092
36660.5204688717
36714.4777191967
36671.2865181774
36683.6818965268
36720.5782385416
36686.1668389332
36738.0034937734
36699.1410075706
36684.2512069378
36677.2751972611
36727.7376504369
36679.7154018422
36663.503829529
36705.6913991251
36689.7849116382
36717.1075677875
36717.0889721117
36663.432469887
36719.3634409649
36718.5718191035
36670.9579184417
36652.347667417
36670.0006332283
36689.8701826668
36663.0411085198
36690.3107664183
36662.3299191941
36680.5156572156
36667.4605446031
36726.6377043925
36725.2986201579
36684.8489368263
36656.3016485227
36685.0514883183
36682.0268974662
36696.6157926219
36735.5135207477
36687.3128209464
36717.7666792211
36720.277611023
36674.1679191517
36657.9949648583
36699.6831715604
36721.8119670795
36691.8990330891
36695.7464967848
36666.6661051954
36674.2992163869
36671.4908194589
36719.9652608957
36645.776650324
36747.6125033183
36686.9812029221
36702.3362972657
36675.3599463546
36728.7204639867
36675.721611651
36665.2938504579
36670.7236223329
36666.2203038266
36680.8507646841
36715.1912178338
36663.8953861736
36722.3025252746
36671.2551450775
36740.1232367951
36681.6365310846
36672.1458032806
36707.8329767162
36671.1066254512
36694.4982531999
36667.2528255978
36668.2628227523
36665.1011515307
36659.9035066486
36660.1826839046
36677.325002816
36712.4341801953
36705.6218369074
36731.0214332664
36668.1432177826
36718.4673156488
36707.3853370768
36692.5217053771
36661.6196630869
36719.6885563503
36664.5897025639
36706.0670204771
36670.1770985731
36686.9166535814
36715.0842811744
36667.1943589304
36676.0664722994
36656.2209298829
36679.9559268468
36664.8775361741
36681.2872522319
36685.5223512602
36670.7644579361
36674.539797235
36693.5698767278
36738.5072819978
36707.8016302616
36680.5572184671
36654.9453119938
36664.0612357261
36682.9414749247
36663.3053146378
36672.1182159523
36703.5702355248
36676.2182081452
36682.2633694094
36698.7881312226
36667.1802519791
36727.0688479052
36683.8880226628
36713.3273526346
36673.2550014167
36674.5248940772
36667.2738162352
36670.2019166547
36721.9754955116
36720.2913086025
36652.6802303914
36719.1130700361
36660.9283772811
36697.2959723052
36659.6602487495
36662.2465098105
36691.3874901272
36660.4514518965
36671.5646481689
36682.3328475388
36683.8661499458
36655.0716557843
36680.7888395746
36700.3292330235
36674.7665323381
36662.2854003512
36714.5393417213
36725.9642527228
36706.3200178051
36715.8089795271
36649.1146401656
36670.8998185634
36726.6717948967
36682.9330395021
36675.70205233
36711.2682064272
36725.7528666083
36674.5422092002
36696.6901887871
36664.7753508417
36677.4640871069
36692.2078129488
36718.3726472786
36679.094875714
36717.8034589847
36653.3210142832
36673.8565848443
36680.3116434563
36653.3963852929
36674.0184821793
36699.3395227516
36692.4381298906
36683.5235432995
36681.4347860292
36683.3124023751
36706.4010128632
36710.7106929549
36692.6896466872
36700.3013923674
36675.2558287369
36663.2579789923
36670.4921722624
36672.7716160877
36663.169455947
36708.7185623279
36717.4143588012
36664.2091802283
36712.7131259982
36723.6348597019
36728.0140319275
36706.253162443
36726.0432617693
36689.3481045469
36682.0029832914
36663.9341291752
36715.140329695
36648.425233574
36678.4430314119
36716.9602573711
36708.6443359443
36711.5509746714
36663.7536284788
36686.8406362292
36661.6902538325
36665.9714711639
36727.3101752119
36675.8268134722
36670.5916953273
36730.4236377943
36684.2282988288
36671.4441517039
36670.5960878951
36681.3080352807
36661.3994401981
36677.841438749
36681.7241297962
36687.5198063478
36714.0697355783
36724.812078933
36679.0703498422
36670.3315267898
36662.3262383309
36654.2238248703
36698.2099787671
36666.5029760237
36666.1243418582
36693.7682569422
36660.9637452443
36656.619886739
36671.1689710418
36716.5291493378
36684.7001616873
36728.292827705
36664.3205252783
36709.9982201549
36669.5108579924
36724.0073148874
36680.5695078123
36711.6078612821
36661.4517946922
36651.8029489467
36698.2635044291
36658.3122785803
36663.8776521294
36670.2455041985
36673.2494720245
36683.5408196046
36674.2476329479
36667.7910518246
36702.8363347452
36672.2437723588
36714.8828353159
36729.6417995272
36673.1586296503
36665.8284390324
36695.1258974797
36670.6556642251
36684.9923066865
36671.3378421052
36719.0784638429
36646.7872375843
36731.4497711376
36722.4574365424
36672.291154441
36740.7878324789
36664.5757236738
36681.3669780098
36690.4710513913
36671.7446750148
36677.9669010739
36673.3242480629
36680.0896473164
36712.3135130688
36669.5908611832
36673.616208458
36677.464696597
36678.4825367895
36680.6525461771
36656.0870577905
36679.9942286191
36680.1614556073
36663.6601575721
36653.7671948208
36703.1052051852
36723.4710931216
36690.3760125693
36719.0431859912
36676.067746551
36664.5878204315
36657.3625356654
36708.8538490662
36725.8039476625
36673.227397187
36731.9699329557
36699.7088559383
36728.6729780071
36652.5521483238
36665.7060557079
36671.2851998443
36679.6759970156
36662.831369012
36663.6490600018
36670.3162857539
36680.8347363701
36657.6368176795
36707.3684945761
36718.5213690738
36669.6023080771
36659.0518967506
36709.2025100527
36672.9965027392
36674.3128414102
36659.0575003962
36681.780210886
36738.0320244879
36670.2772419778
36715.770352205
36677.6002547069
36671.8392242363
36658.7598550739
36712.5857017093
36665.9983490536
36661.46114821
36681.7523190517
36710.5964689941
36715.9299934566
36712.0541020862
36664.8640069637
36661.4411054494
36670.7330814962
36677.4261462664
36659.5579093529
36696.8847038985
36658.8564370739
36702.6538601761
36661.0116643287
36681.5680886544
36724.3698063342
36707.6099861325
36702.6982458875
36666.963455604
36686.7085175404
36713.8911687486
36682.9499849165
36700.6511729163
36725.8197292201
36670.7232722693
36710.1594801777
36714.8171074589
36672.2955873452
36655.4021132017
36674.615642135
36677.6318275314
36656.8784208319
36685.9973096067
36677.6543538235
36667.0751342436
36690.9358263165
36697.751324021
36661.5958154937
36724.3404971245
36710.9496964484
36708.1948829064
36721.280317419
36684.5061405989
36708.6476407193
36676.7456960525
36685.8234703205
36697.1719225211
36723.9125369012
36723.733837294
36667.0262376241
36680.6737888122
36649.7275602633
36693.0434202462
36660.9977680225
36667.5693670779
36684.5572800902
36665.4164418096
36695.0603946978
36659.432342483
36694.5679277589
36661.2914628014
36662.5813459007
36665.6486052355
36677.207137234
36697.6704395319
36710.5670604979
36724.1903955514
36695.2465402867
36724.4530652219
36720.2588103086
36650.5221672508
36722.4321176669
36666.8996246659
36690.3242442511
36684.2961811743
36714.3617538104
36722.1791765673
36724.6081259816
36708.7509119122
36657.4848327391
36731.167534464
36688.9527790887
36678.162016469
36667.1726297009
36686.7020990669
36661.9374106703
36721.6452371523
36723.1604156927
36694.1960752715
36722.2248942528
36732.0034992924
36669.8163908741
36673.3733270966
36657.9333673088
36712.8863905858
36699.7550247152
36689.4984737144
36674.1089016285
36686.0465032941
36664.606889447
36721.7738169506
36688.3981048041
36694.0359360649
36724.1538134907
36667.210897885
36650.3333486905
36704.7974522194
36670.072512608
36667.9511918603
36703.6789248304
36663.258019386
36670.8663123788
36707.9290866142
36670.374337715
36700.0627760104
36703.6290158089
36665.7364539932
36670.5945791521
36720.7405805895
36668.5076299954
36701.2760918482
36662.7456331791
36715.44169907
36672.6437516569
36659.9474762919
36672.1441032111
