36659.8734797467
36706.4742660928
36676.6546939166
36691.0744370842
36724.61891939
36648.2723542301
36655.3758997971
36669.4513869258
36663.1033492176
36686.7033727148
36681.7372002212
36668.1740026575
36696.7675302239
36671.3253309158
36648.8845937038
36692.7974755608
36657.2107168128
36666.8459910557
36667.2490456419
36653.1153366749
36742.4509529356
36692.0525434224
36675.7233256706
36668.1787566142
36712.5758026103
36695.292304458
36696.1317251202
36713.9944302634
36661.0778170751
36698.0181532754
36693.17269639
36645.9855819743
36708.5186608362
36734.1182420761
36723.1998433805
36656.0822394652
36728.5434988605
36695.0943311915
36717.548683024
36692.2505217444
36668.1551545233
36699.9746882223
36699.1253090564
36656.7678743368
36718.6763082989
36661.2800800608
36699.0416601146
36680.5078180566
36662.0856718202
36695.068888543
36684.0541020804
36687.2914071732
36695.5549342993
36668.4551581405
36690.4839218086
36666.0156230898
36643.7429593761
36656.3316843901
36642.8697112565
36686.4771701967
36691.4474395601
36675.8593489372
36694.9862948659
36687.5387936721
36632.8667616038
36651.4859284225
36681.185068356
36718.8748757572
36687.4289077908
36655.3525087743
36689.8226717788
36707.8967834203
36726.8738640989
36717.5148806525
36659.9946728453
36689.7762187887
36732.7977680125
36684.5995706861
36722.4358259471
36650.8601702668
36705.4464750297
36676.258304428
36719.4935642454
36725.9743817572
36727.3314677716
36675.4447159506
36682.4866609864
36702.7854081625
36678.5729135934
36690.1791860818
36705.5547921075
36657.5365423082
36710.6481574348
36712.4680739049
36706.8756026355
36710.2498594752
36681.4527550572
36692.0392550285
36722.5760342197
36710.7044478119
36707.9446696453
36719.7676781984
36660.2465792362
36702.633922688
36689.6856027535
36674.853729568
36710.053239484
36673.5584175246
36702.9252245145
36693.9435392982
36654.0037381558
36673.4860927191
36701.939636901
36701.9512357822
36718.9332699564
36714.5191588712
36715.5329532402
36717.9334303133
36696.552075616
36680.9661561007
36713.5433867478
36725.5312965438
36722.2607813227
36671.7296748401
36721.3146254661
36680.3429213519
36680.7072669794
36697.5869128733
36671.6308908474
36688.5221867987
36669.5900215469
36706.1195032451
36702.5685318897
36688.008375674
36669.5619240395
36698.7969197871
36675.3380103985
36680.8487820043
36716.0105456958
36675.4398038964
36665.2513154032
36715.936985539
36650.1171605392
36654.353592683
36637.0042335524
36674.2850506565
36672.7173918434
36681.7391295834
36703.7115851164
36654.9005289963
36665.7234381894
36707.2281856147
36714.2561022709
36666.1545288222
36673.1405192231
36688.2031427233
36654.9995534446
36681.6033705686
36671.4693644416
36729.8925682749
36700.6880028853
36685.1427924567
36669.6325740346
36683.9793039208
36717.0688363269
36712.5369961899
36700.3609463422
36679.7974523956
36710.7045450922
36708.8088490539
36674.3919811441
36714.149969216
36674.7680031818
36715.7686110467
36706.8588730599
36713.5956650145
36709.7667069706
36672.6614254146
36671.6619438521
36688.5515289469
36672.6207881383
36700.1874422685
36709.5473364444
36712.3725980492
36652.5918144743
36710.7758285276
36717.6700931868
36691.7838507118
36660.7537476236
36685.189820199
36680.4789755896
36726.4445943522
36710.9765376717
36667.3106192743
36662.3609389892
36719.8877953215
36669.2384725982
36696.968713307
36665.6242802155
36692.0898439927
36678.7619205838
36738.3257726781
36708.2384496417
36690.4390369797
36717.3147225997
36657.0438322432
36658.5693033892
36696.1262591857
36708.9377423301
36690.4299464924
36687.1731456804
36687.4443806061
36677.2867004001
36678.0490239106
36680.1917713036
36684.7131555043
36671.010218738
36652.2531261695
36683.7828572999
36709.6430255114
36683.702041252
36666.8009617133
36655.5011613474
36671.1074579598
36700.3631097819
36645.5259333685
36676.292714881
36667.1080252837
36687.9820813462
36694.5241961413
36670.4723546904
36677.5689812316
36713.8038752836
36664.1039669021
36678.6554357355
36742.2560762781
36706.3211539118
36665.2832204094
36714.2223365811
36690.2225076144
36700.7103493232
36677.4073135416
36695.8326176964
36649.3441516057
36669.3058854553
36708.9784466362
36691.2232010269
36684.2057512814
36639.9028154362
36726.8201876581
36680.8577647171
36664.7643836405
36696.0212099165
36702.5113893743
36683.1856267047
36669.2498606756
36677.7634396504
36651.969988729
36690.9679064959
36702.3894946986
36674.0141212917
36750.079158922
36709.4309623878
36669.1343635583
36688.6124317766
36665.7750847218
36675.6801709064
36686.9488636973
36661.6872405521
36657.6254913529
36680.6323225572
36710.8723738448
36685.0818070021
36680.9270852006
36677.3029439602
36659.2492754147
36673.5541340676
36689.8019348155
36668.9544365258
36699.7563681935
36698.2762834046
36651.0665911778
36665.4648388635
36698.3326396292
36695.7606114402
36696.1667817563
36679.9007257598
36689.648339582
36667.9727680673
36666.169045011
36681.1399109227
36686.5958626669
36700.7562156415
36723.0596699466
36696.9501446534
36724.7245351556
36715.8659789149
36707.8234550687
36648.3546196285
36668.2406142738
36682.2874055195
36642.5098651138
36710.1905418443
36698.1549253325
36715.1215315153
36679.6772326741
36686.6541976142
36702.9404407665
36659.7967699491
36668.2537308339
36645.6832675158
36671.3024350979
36654.1839661705
36696.146281635
36670.7949165794
36703.7117291526
36692.9270282589
36683.0197201415
36678.9681741454
36682.1572799109
36663.8628954059
36697.0032229483
36667.6378123763
36655.8939343945
36652.0096396481
36645.0299748219
36668.1232774039
36676.9052471632
36648.882885728
36640.1857398466
36708.1203654029
36651.6530784525
36720.586535272
36735.2893611832
36719.9463398286
36661.5944206948
36698.2621155861
36687.4530232504
36678.5700043992
36675.0106483929
36666.4379603288
36680.3262795672
36708.9614468506
36674.9270529645
36712.451247409
36672.8420143237
36688.2153155128
36690.1815343722
36660.8279223489
36646.2611836603
36705.6065238203
36665.0801054442
36667.1132256611
36678.3344027877
36671.7351160698
36677.3248395029
36686.5126155496
36697.6333466943
36712.0020501751
36665.5323649081
36705.6547215605
36693.5605323059
36698.268502199
36694.1639161744
36692.7092387414
36675.4913683635
36745.1754728597
36721.9938962829
36710.0705662803
36698.5932435309
36659.520957221
36685.6111320135
36725.4980641443
36661.7246035362
36673.4656826121
36705.9106187659
36702.1076182177
36672.4810482277
36715.6285267869
36706.2732864621
36695.8514403453
36667.3315085928
36653.1604831823
36666.9696237968
36654.9849958323
36662.20632457
36669.9736855782
36661.7924263857
36667.5226774165
36696.6947138969
36696.5532520603
36663.4883943436
36681.3106789216
36659.847370731
36676.9248954043
36683.8660629708
36706.1492422367
36700.7714561058
36690.399269023
36668.5599056201
36717.9177966612
36693.6891126762
36697.9836692089
36664.4466147754
36672.2489491196
36721.3459839929
36697.9168739372
36699.2737240619
36652.7605039909
36674.2210399352
36701.9644288079
36704.7597722478
36651.5004404162
36669.2537933283
36708.6552982584
36665.4214593936
36673.6576857348
36665.0751353613
36686.2410379824
36697.8829527435
36681.3234871765
36673.432056013
36695.7360750824
36662.5793571434
36691.8590716514
36711.9116815815
36695.859530638
36661.2259227959
36709.5272286382
36691.359550877
36712.1077374608
36671.446047598
36648.0643439858
36649.9546170612
36701.5911448245
36703.0272769103
36669.2576640334
36656.9693629726
36700.5604087926
36679.7708693217
36686.9733645949
36653.8768085436
36679.1234453121
36727.5449002813
36664.7050272174
36713.3178990681
36645.0230266399
36653.7518820295
36704.9113257428
36709.1963411555
36649.0175463552
36704.3523899611
36693.6574238828
36691.1328918073
36725.9014233465
36692.0154985182
36703.2811956624
36704.2439741075
36708.3572477608
36655.7807205263
36702.6163327211
36669.2478829983
36720.3248218786
36708.9223063962
36705.5491155261
36687.8492845671
36707.9215614762
36703.9865091242
36680.5350103049
36686.4830501678
36690.5408681636
36652.0491350197
36671.1612809803
36687.4180557516
36673.6582449124
36651.6786089175
36636.3283281553
36692.2271636103
36648.4785382727
36675.4778840351
36688.6962490899
36716.9798584647
36710.1582229619
36679.9306796145
36685.4618185365
36729.3426143222
36685.899791434
36701.4288221426
36672.0480253243
36647.1936278777
36701.2810804162
36651.3656274241
36665.1791909261
36687.1156860682
36684.3519327399
36711.5758212416
36675.3277121065
36716.1490536969
36695.1690389595
36709.1764479553
36723.0702540954
36703.4031304786
36706.5410863443
36680.3785877498
36722.0780361971
36677.2384918114
36682.4757564606
36668.5918487823
36701.8493652393
36678.1933090304
36653.9771510781
36726.9025782354
36650.7087512663
36726.9419189254
36699.4045954798
36716.7489402435
36700.5999491895
36678.4207612089
36668.9052023895
36696.1225417277
36700.2530908065
36653.2132344224
36668.8699118882
36651.7432176671
36733.7452454749
36670.0028990282
36671.4390401218
36706.3299750151
36665.268742252
36673.0711469377
36701.4484291516
36697.959855893
36699.4868724689
36659.3017073887
36714.4256983331
36695.9043318711
36707.8709638802
36701.8860275779
36662.300285976
36684.2146757024
36638.9357733562
36649.9263313581
36675.0312203445
36667.99319951
36678.9376686824
36729.4728507422
36669.8226611834
36699.5914645031
36650.5477860491
36708.0741866897
36711.21121479
36691.1806813631
36713.4761434484
36698.8699394951
36681.7230230774
36692.6936412373
36657.3179309459
36705.3647923333
36689.1045468691
36664.0708441496
36714.9044775063
36693.1896591968
36665.665620817
36676.5939901367
36695.7061823403
36658.6319566912
36711.5652004241
36667.5676968411
36681.7968896264
36682.5121273988
36684.4903760039
36692.9349607135
36666.7204055024
36690.1950200162
36714.3555441739
36704.2860818489
36709.4941953306
36677.9213421547
36711.674036312
36665.2816581958
36697.5320932993
36639.4651629151
36691.0770390464
36656.6178343217
36674.7527524644
36707.305952819
36660.1717640251
36724.3637467742
36716.489115102
36722.7096828708
36685.1360561043
36688.2660387019
36696.8414037628
36704.7235056622
36667.2923196675
36688.5155362997
36721.869285246
36713.852891037
36720.9802406795
36699.2771195763
36671.4662693652
36672.6425900121
36676.4655236955
36707.4280077432
36718.0750799839
36700.7686922218
36679.3999563327
36714.4528056258
36688.2769341611
36695.3549486575
36691.2550244164
36683.1896383277
36660.6663901464
36681.9265610295
36692.7700566677
36702.5185596679
36705.8602378313
36714.732560454
36674.7487590807
36702.0852990534
36669.2457260985
36686.8208288542
36701.0329917284
36686.5166107575
36667.7880424705
36712.0453265373
36734.3913094877
36680.4048547462
36672.7279426041
36682.7191302924
36667.108311893
36700.218869806
36691.6326182241
36681.2957951122
36674.4508641765
36641.6311621998
36702.6209181888
36691.4407498522
36665.9779138141
36650.2580462366
36671.0834995153
36707.7854462236
36675.8590215772
36700.75496343
36695.4042238918
36712.1296552962
36661.9415926162
36694.5364205061
36717.0034145531
36666.0694156021
36653.4965374607
36677.1996292896
36711.6843050789
36685.3988699847
36668.5118393918
36659.9988594457
36684.3750221818
36658.7822144858
36653.4615584236
36661.8582498943
36657.4695816885
36691.9196514056
36698.2522197375
36678.1004299083
36708.7127312313
36702.6090132172
36715.8057492575
36643.5815968429
36689.3711090487
36701.2418161755
36703.6695415098
36672.9984198372
36699.3096389738
36702.1177182649
36663.9582173006
36668.808292064
36686.4283702241
36727.9366619843
36722.3557711761
36700.0694475307
36701.0982432903
36727.1413878834
36700.3272928421
36707.9629954076
36681.8465909502
36711.7268426587
36711.2035509154
36701.003774484
36662.679368987
36684.0995349708
36686.3248376937
36701.6938558271
36654.3895136618
36683.5096732578
36701.5166744861
36711.3570811257
36722.8580168533
36714.4117952205
36706.4006859343
36666.2461956429
36690.2824078868
36667.097360223
36680.0120744885
36683.1871469656
36705.0568996196
36656.6667377895
36666.9584646841
36654.6934068032
36659.1401028878
36719.9962785638
36668.4775224758
36678.3186493402
36650.3077796929
36714.2748343904
36674.8665560166
36672.9896979701
36682.2656890873
36679.8024285638
36699.1728026109
36655.7305926282
36705.3793352355
36699.2857202668
36681.9130028754
36701.821813064
36670.0870592303
36723.8109960029
36676.751556518
36676.8194267331
36695.4920730244
36661.3526763903
36701.1987721209
36730.8599355816
36681.2819251692
36655.0629862432
36701.9966320318
36697.5297932425
36705.1431068455
36646.4851459267
36668.833316718
36698.8883898765
36674.6627725093
36659.204609143
36703.6450360758
36670.8634799674
36684.703626415
36664.7903108708
36676.7168430213
36665.4561746739
36656.2555435375
36716.5997824123
36665.1019205731
36700.4811368729
36700.8209570788
36652.5750135486
36718.2250128688
36668.7884236226
36664.7474352117
36705.8053837901
36682.8184392566
36656.1645542383
36714.5943843148
36713.4134035597
36672.4513283485
36688.3210969934
36716.9198322947
36704.6061864783
36688.1102808222
36730.9367482835
36670.994325695
36686.4493481766
36665.7187140027
36669.2050982975
36664.8437923872
36677.6567829825
36669.4257762949
36661.9687357196
36723.7535279174
36673.2204999651
36648.5312321015
36696.0961444651
36694.9078726711
36665.136854595
36664.7594460385
36677.9322456668
36686.2618992017
36682.2431871393
36673.4035744168
36658.5017431315
36715.2016824256
36648.2835719491
36663.0842106416
36724.0142139043
36673.9640166833
36647.1672486569
36666.5469064204
36706.8206280449
36677.354089304
36652.2481192684
36661.807215234
36655.0604865711
36671.5111490827
36663.9062329434
36666.0308566156
36687.4829670948
36656.1617627423
36704.9129014639
36678.3691734017
36723.2410257121
36709.0189501573
36648.4421892236
36665.6525821262
36704.6316566059
36657.6603650193
36670.4795477354
36693.1702591347
36671.9115680602
36686.5731382449
36729.523084161
36703.0051614848
36665.9282557638
36697.6102588385
36681.2633017148
36669.8783611295
36682.9621190554
36719.2367592149
36708.6089108019
36656.3638535138
36648.4388176593
36639.0231151591
36686.930064093
36677.5974864166
36677.0033292728
36701.1947971163
36658.796320855
36695.7005573263
36627.4028465201
36653.5707933924
36682.8588749425
36710.9454129249
36681.6678476939
36678.6554982639
36656.1228860514
36653.938760896
36720.0879934497
36695.7372071526
36699.269511293
36702.0012777367
36720.5564538901
36669.1277494214
36692.6455252499
36672.5386452345
36701.1556889045
36710.0739363949
36711.8001932401
36645.5836158888
36706.100112799
36710.0875025622
36665.8233970662
36704.630138275
36653.0337037694
36713.5087976677
36707.183581212
36717.1978161542
36665.4649185964
36657.8154088864
36710.5863280331
36671.3589775112
36707.2824552461
36677.7361974331
36682.3539838719
36690.2159972078
36648.0380357711
36699.6928971386
36677.6902617334
36708.8331387547
36661.9139525144
36645.5688100288
36706.5103140945
36697.0313774348
36704.5789253469
36732.2103472773
36708.2230671076
36714.8734743726
36684.3616015339
36706.6596226615
36667.335341578
36708.2994168863
36664.3822064048
36646.6471382701
36649.7134689947
36699.5111317714
36670.617883597
36682.2442819066
36726.5467260772
36679.0798755793
36698.4996377223
36678.6542946131
36667.5848971153
36691.6933797341
36719.2282204309
36708.2069192072
36672.2535841484
36693.6871935366
36683.9939457921
36712.855174598
36670.501174143
36652.1304765165
36721.1988813276
36673.061909464
36679.4116218526
36708.0508956253
36680.3612951653
36673.5873614404
36685.2449025022
36657.2862275885
36640.8303619282
36709.1816933691
36697.5376615321
36671.1221102305
36675.695459605
36704.647065803
36688.6077576962
36646.9739666475
36699.8880872371
36719.3110901401
36659.7241847055
36680.1388885285
36661.0537844765
36698.5381231106
36675.0947526613
36664.582199548
36678.3379642784
36674.6428132457
36650.0546586134
36665.1425226627
36687.5036396736
36668.1396000744
36686.4151611387
36660.4249113575
36716.8856033692
36670.3725802529
36655.5935804839
36687.1795175807
36662.6705528833
36731.2981119302
36707.0799119866
36669.8445023762
36695.3703696788
36706.1510488652
36661.0640601609
36666.7706443696
36696.1044685185
36685.6185703861
36698.2922407275
36667.6824591909
36719.9767409533
36726.6704418507
36689.7944302243
36737.6929324244
36683.7091738109
36715.1419449729
36665.3209925804
36675.7631699365
36648.5276853497
36678.6219257541
36654.9388873737
36683.5617892858
36658.427988918
36659.1407759265
36660.4419072205
36687.9537751562
36663.7412312243
36690.1670372948
36679.179759469
36695.6387638467
36686.1440299473
36714.8595959033
36676.6964066978
36718.9054952414
36666.7762529387
36691.8876008165
36667.0503981199
36713.6586269136
36702.7602717881
36682.6919023439
36683.7909548656
36672.0733844382
36682.4970236689
36648.0833649368
36703.7059077831
36705.6655792013
36690.1197850034
36673.7493161182
36680.3132804533
36657.3245432195
36722.29795125
36674.0031039158
36699.7045070722
36667.2015075085
36672.9916222836
