36672.065814548
36676.0909290336
36679.2990994847
36674.9665860006
36682.2857546766
36678.9090135187
36681.226228921
36680.7109661338
36681.3315334466
36682.760621099
36681.5715823735
36685.7776101762
36686.5025267078
36673.5367546928
36685.0815814093
36683.1673685355
36686.0781354644
36681.4852725511
36680.6799493072
36681.1494224811
36684.2834844135
36683.8892886537
36682.6677005712
36678.3921954428
36681.0037965481
36683.1852188528
36675.9011971462
36677.1473157136
36677.3704481382
36680.0288538217
36680.2911400256
36682.3605436953
36681.3353204933
36689.1297261818
36679.3187272151
36675.7835837743
36686.0929171897
36681.0118176562
36724.9732172143
36709.3353707681
36676.8963352807
36675.1099025892
36677.6747918094
36682.8580230951
36669.7712348307
36677.4580026273
36681.2616807852
36676.8087820422
36671.1616945911
36673.5794993364
36683.1068384253
36669.7965609096
36687.1980703567
36689.2337704805
36680.2558604042
36684.8402533355
36682.1836170675
36677.1268061746
36673.5382663981
36676.7378683312
36683.7639072269
36676.9547492656
36671.2274600149
36674.5996810861
36677.587603749
36680.4784025836
36677.4759686243
36685.0935453066
36679.5443826403
36685.9882861605
36681.743033491
36675.7789805113
36730.9769195828
36680.1507695683
36704.7750009526
36672.4122469408
36681.9935661563
36738.4225329133
36678.9740351444
36680.412329905
36679.6598888182
36675.166144789
36676.1651453871
36728.3871206584
36681.8728939759
36681.7599593488
36678.1595114099
36685.7911065122
36678.2987992651
36684.9558172684
36681.3099761144
36678.2531291938
36733.481125242
36664.277238965
36674.7806900596
36682.2642181777
36716.6038376227
36680.6935053013
36681.1951849762
36681.1728543005
36676.2208097476
36682.2383212677
36679.762809798
36675.2823241176
36681.4647242038
36678.5030099733
36678.3123667929
36683.3963850125
36673.8672261403
36688.7314789701
36677.6756337121
36674.393265271
36672.8942438508
36680.0592634756
36685.3214467969
36679.7039997504
36681.0279831797
36673.9468572558
36683.2022044708
36684.0567877277
36676.4348887056
36681.5899221295
36668.0779491445
36678.3622334714
36680.6368395366
36685.4645528001
36680.2214211684
36677.2166500369
36684.7251977365
36680.1466322468
36686.9589725672
36729.6697597466
36682.41806309
36677.670715406
36674.9328227555
36675.3139931897
36680.7261259855
36691.8316386143
36679.4142417049
36678.9358468378
36679.3291855163
36679.5077029059
36685.8061118781
36682.2002589195
36730.1437637741
36685.4704141191
36676.659546624
36685.9154267035
36681.1620825503
36679.6675289491
36683.4432494219
36673.0302956627
36723.1708041184
36681.2338186698
36684.4762607623
36679.4769901646
36684.0977811276
36688.7173238399
36683.2854860106
36683.5684293046
36681.5861775383
36673.8796964095
36704.1716350452
36689.4045352911
36683.0986293201
36678.2526950629
36683.0199035752
36680.6058048761
36680.0592433728
36680.6316294502
36682.8952969236
36681.4723043011
36673.4953970251
36679.589785572
36684.189192906
36687.0670976282
36676.2183959686
36676.127631906
36679.2362701389
36679.4744219802
36680.9380685463
36674.9324260639
36674.7813917824
36685.6329883342
36681.1954638676
36675.0654102765
36677.6589721894
36683.9381501303
36677.7684281888
36678.3003028038
36683.948044619
36678.6045106543
36731.0269373775
36729.6922030018
36683.6731392433
36678.5008033784
36681.622059065
36682.2752749858
36680.0137550386
36678.2757598265
36679.6822964753
36678.0525812892
36676.6683827186
36677.6086117992
36683.3396015606
36681.2352072902
36680.6642053012
36679.8078653039
36682.4422671555
36681.1210197271
36679.8679754187
36677.0365369644
36671.3292741293
36726.6442801018
36680.5987247235
36689.410305427
36678.6667320903
36674.2215228291
36681.5621854585
36678.0698463591
36702.9855216665
36669.0842558879
36674.0897033508
36723.6254424497
36676.5967044887
36683.050766013
36680.0577232937
36677.6914587172
36679.4225781558
36676.7069080518
36686.7563749729
36676.1479160362
36681.8262381891
36676.9362509569
36674.8229559922
36681.9273781193
36680.5348737828
36685.9757674039
36679.8747660545
36677.7859705552
36729.8047264057
36679.663918655
36681.5043857365
36684.776214705
36673.6627120677
36682.8435816916
36723.0228555216
36682.5544658892
36676.6961301083
36681.3139616602
36671.3407919961
36674.2943809403
36682.4028135624
36681.6943739508
36677.5008544822
36679.8769200297
36677.3069527376
36681.8395524413
36673.7632577467
36679.6749973355
36680.2247257126
36676.1338015996
36683.6164306484
36730.1521684269
36688.0128476032
36678.8309866705
36682.0574573261
36676.3615336203
36686.8747454441
36679.2083308788
36678.2457263289
36682.054855203
36677.3962131674
36681.7615420241
36675.5985117066
36678.493846773
36680.4146187648
36684.377713303
36678.7239949907
36684.6177923993
36736.9807912523
36681.6832285301
36675.9906858708
36677.245376942
36682.8672560039
36682.8742578628
36728.5285641316
36679.7177986632
36681.1420979821
36682.3282909665
36685.1931711254
36676.9931275556
36681.0914788735
36677.3929049698
36684.2478547331
36678.4917725283
36682.7612507042
36679.011082996
36675.3963792556
36676.0653334505
36685.9763701038
36674.7257461932
36681.573526357
36678.1053654267
36677.2194301027
36676.09476515
36675.2478588266
36675.3123806706
36679.3005308134
36679.9896726064
36681.3227803046
36676.0405840105
36689.5321297404
36674.3276737978
36677.3087920727
36730.4727020143
36673.0410882158
36678.2296049973
36672.570855071
36674.911577696
36678.6235224149
36680.5809001504
36678.6012846961
36678.5432620092
36678.5097994081
36684.2304615105
36676.5458951719
36683.8733941373
36675.7410370344
36727.659583243
36681.6574005589
36690.6379256662
36679.4137224464
36678.9146036598
36718.0304680864
36677.8178101461
36682.3174122808
36672.6432010133
36680.8996962501
36677.1058148732
36688.0408282933
36685.534069711
36674.8484849756
36680.1398063263
36681.9180447975
36675.4187781798
36673.5855820713
36675.7601523889
36727.5654953413
36673.4524542994
36681.2090930672
36679.1323453248
36674.915087602
36683.5615488511
36724.4306784955
36681.8221929892
36724.2078150202
36684.4007795528
36669.5819051911
36675.8863337109
36683.2718954611
36681.159175745
36688.5926328142
36679.3678371007
36675.519677823
36684.6389012588
36676.3818197906
36682.1358077439
36687.1765379935
36680.1781979395
36679.4790578547
36679.6705718528
36689.0786879872
36680.7283352316
36674.7176416135
36674.6544257692
36726.399084133
36681.6084210483
36668.1830772897
36680.8449306483
36681.1304711711
36679.8985047389
36677.1671489608
36671.7671804574
36680.2298833058
36684.6880985326
36680.692626176
36675.1640410672
36685.9450493433
36680.9803743792
36674.9179155634
36684.5140018607
36677.3312993786
36682.2517178796
36680.5380103076
36681.050425512
36679.7312352595
36676.2016305272
36679.4071233902
36729.3140697049
36685.1565893538
36680.8715566885
36682.2500979477
36683.4302854046
36683.8461363408
36731.5909516256
36687.3290716216
36677.0875680052
36686.6259254466
36677.9490519114
36676.050161106
36680.2985223853
36678.5723650924
36682.2727739684
36683.6084605499
36725.3040392891
36681.2646480367
36681.7159782923
36680.2901791422
36682.3746859504
36686.3987326973
36677.1060478988
36679.502349649
36672.8084933899
36681.3891377472
36680.9521601221
36678.4402484006
36669.7849513195
36675.1889067494
36679.1005842716
36691.041340173
36679.0053993273
36684.9114583422
36684.905442915
36689.4693756333
36676.7134455526
36682.1263218855
36725.8143048958
36678.5331223579
36680.0557397818
36679.2281458082
36689.3620629873
36684.0664395508
36704.1463855324
36678.739872825
36680.868581532
36679.9001137984
36731.0322673977
36676.4178519248
36681.4719334525
36675.2164749893
36673.88558679
36674.143908385
36686.618085242
36681.3885206926
36682.3905625781
36682.6542855394
36679.4482342007
36679.7059483932
36669.2948818555
36675.0738044888
36691.962410885
36731.2770576035
36683.6229838112
36674.801198825
36677.8188945013
36682.7631947814
36684.4834676716
36680.4782786148
36687.021230768
36680.1646874939
36678.2305655758
36678.55085095
36672.1753562299
36681.457583103
36683.079710713
36679.733543191
36672.7845223127
36678.7418233262
36677.7079821723
36676.6883447374
36678.5812224738
36684.3370945336
36673.5076453762
36676.6866769594
36681.8238190908
36687.4066765556
36676.350404844
36678.081845726
36682.1176352379
36673.654957656
36680.6311502885
36676.7891041645
36684.1440856828
36685.586308236
36689.1653980839
36680.3392888822
36678.1039775217
36724.4812251961
36675.4198566854
36686.7520966327
36685.4680990462
36683.9967228202
36728.3296536402
36679.0321970735
36684.6151043161
36687.710038509
36683.6434859855
36676.7128280766
36680.5691102829
36681.343966028
36675.4627467696
36684.6710737415
36684.1465244809
36687.5104463534
36679.2214684
36678.1479077051
36676.6447052329
36688.6159441614
36680.9995475773
36683.9105008242
36678.3903553865
36731.0729801385
36675.3362266592
36679.4560874562
36685.7167570285
36683.4157025758
36674.6825553381
36673.2899459792
36729.4887921525
36676.7357906043
36685.186296509
36679.0969702953
36678.9015938645
36679.3249888563
36680.2119892212
36678.985103711
36691.2322023518
36675.2281084426
36679.3161134292
36676.1826611276
36681.0101220115
36685.226571016
36677.7377136999
36683.4692472106
36679.2925425131
36677.070790866
36681.4210986049
36687.3882810203
36685.3635928807
36677.8923453012
36679.8775188975
36684.6701330242
36676.7263222944
36681.386844976
36681.6352186129
36680.3655180855
36680.4885886499
36680.4499506579
36675.5170494517
36678.2764750121
36688.594087339
36679.696789631
36678.853522109
36676.7899343728
36685.645235802
36682.8463040412
36695.0209834012
36735.4507245259
36725.4430334213
36678.0293662803
36681.0110841804
36681.7630058371
36681.5201865113
36680.1502222699
36675.8973501868
36674.0569282173
36726.7312820078
36677.2825663244
36728.3805432891
36683.9395664174
36682.8380124152
36679.503420453
36676.5168396908
36723.7600846904
36679.1814836795
36682.7339212173
36685.4440201833
36684.1562050584
36681.7120768504
36678.3103750737
36675.9873895555
36683.9675465528
36673.5855190212
36682.6994395292
36686.0238863519
36683.3368503121
36677.0750842704
36685.6868955808
36682.1672782697
36682.3318177214
36678.0559457287
36683.2901088225
36681.3295288197
36678.7169806024
36678.8308802569
36673.3372691249
36681.1227249155
36671.0492626438
36677.2308887593
36682.3281779428
36689.6280793996
36683.8266594665
36685.8433308163
36683.9883440397
36682.919646429
36684.104844016
36682.6506357519
36685.7790372205
36677.1266666108
36676.0605151302
36678.9777092562
36680.8590393412
36683.5424584607
36687.327607427
36683.6031097413
36673.613659069
36681.0132945823
36705.6256876591
36676.9864727614
36679.7001394586
36729.8707304572
36671.9235770441
36682.4805731836
36678.3172021015
36680.3693628078
36674.9851149526
36676.7090141746
36680.3994402264
36672.4383344257
36679.9624899333
36679.4587194394
36678.2966201693
36680.9098255428
36679.6410186542
36677.2357380262
36679.9792046647
36677.8180495888
36677.5675650541
36693.0366549702
36690.3531320808
36676.7908633599
36679.569960257
36681.4668471661
36685.4441936779
36686.6483553067
36684.5297213686
36682.3117452638
36727.6239478771
36668.9756102155
36680.5745554119
36678.5736370282
36680.2038723117
36674.8568872015
36682.5651339947
36689.0389229884
36688.2796969312
36685.5681154365
36685.0340166518
36678.0525854785
36682.0405221851
36676.1138158094
36676.9320913712
36680.2569369083
36681.1482003556
36675.4659054211
36677.1439813329
36683.0325978196
36679.4153565086
36680.9468942017
36679.0669714035
36675.1830184542
36679.9992096745
36678.4830608411
36682.8970532424
36681.7575975527
36678.5308309926
36684.4388988559
36677.9497239189
36680.1555520521
36681.4430580389
36673.2207846501
36677.9193292525
36681.7803379357
36680.9347224771
36672.832048266
36686.2128285637
36689.4305383558
36680.9293541633
36680.9641085945
36683.5166614498
36677.5168285938
36678.5924559154
36680.1267172295
36673.8971413303
36681.9533700898
36675.8448854286
36676.2455441872
36674.5394257421
36688.2264935304
36686.313622501
36680.0931895382
36726.9840595049
36677.3955493837
36682.3759291196
36681.6855814234
36682.6428442979
36680.0299428298
36677.1509775994
36680.3459605675
36687.4670540413
36679.5964727534
36716.1931328032
36684.8776841883
36684.9446244527
36679.3774971143
36682.8129552093
36670.8170277995
36683.6404052921
36677.2979083995
36682.5737105293
36678.0204554305
36678.9761007536
36678.2557145637
36684.3446474085
36681.2329752778
36675.8179228636
36679.8388493976
36670.8475680743
36679.3247204146
36682.698358112
36671.6725462197
36676.5823768368
36679.2385707109
36677.3290654203
36682.0463282176
36683.8691742047
36675.3279971072
36682.8253746118
36677.9558059555
36680.4402433552
36674.8766207005
36682.9461645115
36674.0755109932
36681.1451741819
36684.3011732961
36676.6262275984
36682.5948624277
36681.3564255623
36676.8422347971
36676.8510857774
36676.4551555857
36681.9019607589
36676.9617058825
36687.5990342469
36678.3072118717
36685.4565419929
36675.2714520718
36733.7888138871
36679.2145360146
36681.7821545561
36683.2690563581
36679.4607710718
36681.1503469033
36687.4265657466
36686.2706016281
36684.2547234954
36671.6542041607
36681.5627521924
36686.1664718826
36687.9407529454
36680.9127795198
36680.7700721342
36676.8410410031
36680.4161061805
36675.1584609908
36682.9552445762
36681.3181909181
36675.565337749
36688.3567137575
36680.8189655946
36681.9107280946
36681.7169788502
36675.5068926347
36680.6432973257
36679.6292100297
36685.7494776328
36679.4805366975
36680.5086152958
36677.8231682698
36683.8442629231
36698.5998060738
36682.6095518499
36680.7922823284
36681.5571405109
36682.3106763479
36682.4662824681
36676.7587679189
36678.2044565254
36680.5073360412
36687.0445907516
36678.4520491096
36689.5916793616
36688.1387936778
36684.6070268107
36677.418909289
36680.4514691218
36681.4081449309
36682.4219514473
36683.3510013099
36684.0440729165
36669.8626881855
36679.1433435906
36681.3832071429
36729.6642992229
36670.4183619788
36677.8087892078
36676.3826269828
36687.9882839877
36678.2446777638
36672.3746345321
36678.3183678049
36677.7219481812
36678.289462393
36676.0598730983
36676.5418283221
36681.7021481398
36679.2503725125
36683.291278531
36676.0658164852
36678.0771801455
36678.6321395254
36680.0802591906
36687.4806064184
36677.017101044
36680.2262770286
36685.7173920419
36677.6054897052
36679.44331067
36675.5234404382
36685.5483553592
36670.8438382856
36684.9667564698
36680.2933813511
36683.9740319752
36683.7329657048
36687.7708742103
36730.1996256215
36684.1968234009
36681.4215103388
36681.4597220779
36681.315283822
36682.5097463043
36676.3829235903
36681.3874079906
36696.8074163379
36682.8764599797
36686.3310107845
36677.7064940968
36679.0947937924
36679.8594351323
36679.6843085975
36674.2295471655
36680.2834481665
36673.5646024842
36677.4751650233
36680.4582433519
36672.7960224051
36727.168728517
36675.0207292421
36670.2044409329
36686.2007786215
36682.598817712
36678.482942122
36681.3550749681
36678.0839666374
36682.4531861591
36683.6573071983
36683.3025920834
36677.7450274604
36681.4582395448
36674.1858538872
36681.4842415988
36681.4543623369
36726.4915943929
36681.1198582124
36677.9953791576
36682.3027404856
36682.401758664
36682.3146180222
36676.6350049645
36681.9393646362
36681.4279865453
36690.8663999511
36677.883361368
36676.3637437354
36681.1943334829
36682.091682538
36684.825195318
36678.0721615724
36678.8477299123
36676.9706907466
36725.7500362391
36679.6532896875
36681.9157101704
36676.5608692439
36673.7359003386
36684.0876278283
36677.1258360669
36683.5004751671
36676.7004265249
36678.2924449628
36679.4045466253
36682.2915559207
36683.7065297901
36677.0416527419
36678.5645520672
36685.3642358836
36683.5164886133
36682.4738602257
36679.7266186686
36677.5197076266
36680.9956143473
36679.1207087271
36676.2246017511
36681.8457177592
36681.6653532376
36680.4107176616
36679.5083342954
36679.2690645709
36677.1212871742
36683.8881611984
36680.4120768952
36672.4246101257
36673.0713422695
36670.6513111058
36676.0598782544
36679.1597199049
36678.1129874493
36675.4186397225
36685.8430480971
36675.167721539
36675.5278222813
36687.0860869297
36676.0897291407
36683.2166102378
36679.3517182364
36678.8519791455
36691.5352616047
36692.0117060443
36684.7792550909
36724.7088168607
36673.5806984982
36683.8087867484
36679.0319367464
36688.4213601655
36681.188785012
36683.0251668659
36670.7934364531
36688.2255833385
36684.6260341888
36684.401136541
36672.5828689438
36678.2111925929
36678.6591372778
36675.4642510597
36679.9889423004
36675.0855507454
36678.2674340923
36677.5264613093
36678.778753424
36683.5728702695
36679.9719552379
36705.5349054956
36683.3518872134
36681.550156732
36682.4642330044
36672.971858883
36732.0777238151
36682.6339824567
36680.8788792407
36673.9424538168
36679.2526763897
36682.5601364878
36680.6194521107
36682.0791472926
36683.7958919541
36684.1945231254
36740.0374120273
36683.8950949774
