36631.2171260884
36674.5211130649
36721.3444565826
36692.840947763
36645.4640062879
36703.4172013709
36689.1589606793
36633.9432483859
36655.3582339112
36734.1824395149
36650.0720855139
36654.2364080526
36676.6593819662
36658.1278042854
36650.828553509
36683.0915179192
36683.954030894
36682.3063287557
36634.3952361024
36686.5857218891
36669.2915041081
36705.1825129596
36649.7548852837
36703.2126240518
36708.5875889677
36652.4123243295
36618.3831036602
36655.3314697749
36685.9375133907
36702.3951758971
36648.4699495348
36617.5140053222
36704.7289834747
36694.2654667333
36674.1161553063
36665.822210769
36663.2795146162
36668.5760957204
36673.1470768872
36674.978418722
36642.1925066393
36702.4951795532
36668.0412155776
36645.9978936788
36674.1578179814
36688.8200178782
36693.757088059
36685.8375442717
36748.0301580017
36720.7975603157
36687.1110083935
36666.55509775
36665.8174608972
36667.1796018511
36670.0673036849
36641.0929061303
36722.0760272745
36708.2346026963
36668.3345627177
36704.1924502595
36720.2952227565
36653.8496326319
36690.0459718022
36647.1508991068
36715.0765699244
36650.2334230399
36702.5912076609
36678.3547106818
36649.681553681
36685.4720886125
36649.4906268908
36664.6973849908
36655.2658405885
36681.789658387
36624.1823661149
36693.2016973537
36649.7694845592
36702.6992720677
36670.2965069599
36677.9227272954
36683.7284465278
36663.471953095
36679.950368431
36647.5492582758
36734.0836439002
36672.1959182771
36707.5146269207
36660.155913617
36682.2779931197
36652.8103067255
36713.5786434329
36672.9722432645
36720.655251632
36691.2857903906
36713.9622912575
36661.8453705746
36706.3598913671
36675.8046859124
36693.6714832431
36697.4831711379
36654.120924049
36674.3870219958
36692.2604577972
36714.4043586335
36682.5653474545
36639.2040623988
36663.5702142271
36660.4990886603
36691.9964923971
36677.1706716283
36689.5140006577
36650.293865685
36700.4713664862
36738.4846591299
36658.6156497952
36645.7182799055
36685.9845471652
36681.1688587244
36686.6483796882
36666.1542976625
36680.1521865548
36665.9390728893
36690.0533117167
36700.4619080981
36708.3713926907
36663.9877760881
36640.060648217
36650.1694104496
36690.6144679876
36668.7130077637
36663.3262038939
36695.9995104058
36711.0804515848
36649.8138210457
36687.6597043295
36678.7330009859
36698.8017378186
36651.4840790985
36677.3401790386
36632.6675985594
36695.4159267292
36708.1397355775
36616.1800663762
36654.8996742016
36683.5448766075
36706.0318453366
36638.236870455
36675.9276012405
36698.728773527
36691.9668742476
36690.4124042725
36723.184875649
36666.936948043
36629.6842176187
36689.1758929505
36642.5817721147
36680.7383687003
36673.062825091
36703.8673384587
36702.4031729464
36688.4132127113
36718.1520517952
36705.0464441203
36704.9435255291
36679.4732673343
36671.8366062228
36675.6108844595
36699.0825544686
36668.6593156068
36742.755884818
36706.9170414946
36665.6155798248
36692.1778239189
36698.1601175959
36713.1063185208
36686.9129654475
36696.6661461435
36649.6633918962
36669.558350735
36667.5137118402
36628.6608292494
36623.903220262
36675.428799514
36683.2355732556
36590.7707504545
36654.2678550883
36662.8166222627
36616.3563184603
36667.5742254855
36669.7639307155
36631.2825366685
36700.0242669229
36690.0151511927
36698.5913596663
36676.6830471277
36681.2288529994
36659.1700566988
36680.4531547383
36706.4691400475
36620.1611684605
36684.0834678213
36714.2933852826
36685.5393722824
36653.5167150571
36672.7025694251
36645.3221373077
36669.3196355864
36636.4703521794
36700.6555887546
36679.7515077815
36655.6433314272
36663.0977518726
36698.1117286953
36693.5762891492
36693.089090948
36693.0086947957
36638.594574476
36725.7147505774
36689.3000517713
36639.7083883467
36653.8626497244
36679.517085915
36674.0250648748
36680.7650532724
36643.3911670134
36692.321435962
36673.9225791218
36664.3883240848
36679.9218577746
36658.6581584432
36712.779302178
36701.2258627745
36667.5518372854
36641.1340020666
36701.8376409924
36704.1085628542
36747.3674735396
36691.2969599513
36661.8674329378
36646.8305375604
36673.6843169066
36694.8540843943
36613.0263835363
36651.5934599488
36688.7399292485
36675.5052351457
36647.6243206107
36703.162364298
36709.7814409751
36650.4590492047
36698.9504774192
36692.5985703028
36660.3671374829
36647.623839293
36663.738593116
36662.2171014903
36656.2424268684
36682.5547487975
36624.7342238755
36680.3619987893
36648.203541484
36658.2237365903
36654.0374273197
36691.203988163
36672.4909825921
36639.3635920885
36649.8957609924
36700.3901090938
36653.7636150579
36653.3261612724
36696.0556445364
36679.8622833656
36680.6797176815
36684.1271279191
36681.1784655385
36697.9921084941
36697.9601048829
36682.5266167559
36672.2382839065
36665.5463470754
36678.5707697398
36651.0775680192
36653.1995982133
36693.7189399568
36675.6197512444
36704.4584993142
36695.6383482946
36686.8557182425
36668.4781339183
36700.8600564751
36666.7333348015
36634.0703385813
36648.862617749
36652.9101426604
36692.6827035001
36681.3587140096
36721.0203792528
36657.069643545
36734.155887271
36644.7143882832
36702.9115170544
36639.0193285507
36673.4981051878
36667.8314217938
36651.1146134181
36712.520152761
36676.3677718719
36635.1444145447
36678.3240343881
36699.3217944848
36694.0114983224
36648.4853373617
36695.8922186474
36701.3601858047
36735.8107413588
36695.5152225422
36680.8983788652
36702.2370496704
36690.6590105469
36706.2580955442
36695.3525301476
36670.0377688024
36661.8719239311
36665.5882035111
36656.9373825833
36671.1620805816
36665.4199545223
36646.8020251922
36667.3088299191
36732.2108916438
36659.1789394054
36651.4584600043
36716.7794773548
36662.8500317553
36630.889214381
36696.0906053481
36635.2855771689
36722.9051805955
36702.9383871524
36638.7480492597
36694.7950051879
36643.3021368691
36660.6880496156
36651.8710666344
36674.50269185
36748.0806628699
36705.0763413553
36631.8533317224
36663.5294849499
36720.3371734607
36663.0563648728
36630.9451619714
36732.961782763
36694.0189972717
36691.5250939576
36663.1709167614
36686.3692955199
36705.9167637877
36677.9509756269
36654.6033329294
36655.5871043264
36668.4595288947
36632.9909923789
36660.5290293173
36664.5882375404
36619.1354331637
36676.5839547198
36683.7079482078
36617.1963286149
36664.6913592319
36718.3913363814
36724.1765796553
36650.992242782
36699.8433174501
36627.814404417
36665.4838524829
36661.3389705764
36622.0599033724
36660.7760608372
36702.4544302983
36675.687154004
36675.3948667529
36639.3065887073
36688.0382827349
36654.8576512784
36681.5970414171
36652.6284505293
36723.7216122479
36717.5004179415
36657.9409965417
36627.4412540416
36644.3441997789
36629.8340224062
36615.8264218933
36685.4260924136
36682.3469723526
36662.8393041663
36673.0877050604
36716.0005313423
36655.5221915379
36664.6789319239
36697.3023790631
36693.9605196412
36654.9414430994
36684.0036500097
36665.1073648788
36660.7515269971
36652.1126498141
36651.7603277832
36634.9806211864
36639.0648803808
36714.4445763884
36640.1914291947
36679.9219931742
36662.1303496078
36657.5993579887
36656.0709271738
36649.6508174777
36680.3723631651
36661.6190207872
36708.2801941066
36654.9461522048
36716.1584569023
36623.2951611189
36643.0259337964
36704.0124275286
36697.5897863108
36667.9245021485
36630.486923996
36691.0046243813
36664.9363051811
36683.9305276149
36712.8876970956
36619.8051461657
36706.2561372054
36679.2899090387
36702.3278127544
36710.7984936655
36682.5732771418
36662.2631262163
36708.8237065466
36708.993514055
36745.5009596093
36685.4953912744
36658.8827756079
36649.5591620496
36628.4444793223
36675.2735739837
36692.6731883213
36680.1358958417
36733.0648825393
36675.1872477284
36685.4648940659
36617.9690628684
36680.3575842113
36620.8099857781
36690.1709773972
36685.3616394068
36705.5954878095
36653.5594237747
36683.4494424498
36684.012454119
36686.9702722108
36669.0007495678
36640.7094287906
36648.0911707727
36652.4390684082
36629.7582522934
36633.2793728939
36658.7973433539
36691.847744031
36638.8131655374
36634.7194868334
36679.840828642
36704.7969710416
36702.5856560035
36621.1907873401
36646.9214402746
36641.1456248788
36689.9379851604
36678.8119086714
36725.0526768304
36694.3552753786
36701.7379518063
36667.3834870471
36737.4350046884
36700.1463781753
36672.5072382418
36619.1712391313
36711.1001790528
36631.1680059747
36719.3703189268
36670.425591089
36655.1079917428
36661.1400791681
36657.6496587427
36633.0419933384
36685.1072869123
36715.4462087968
36686.262311279
36693.7074273971
36675.1013578486
36677.8361263897
36679.8436239216
36611.9166756733
36655.0653379933
36723.1088480556
36665.2514897064
36644.1042541075
36656.7778376466
36655.1050073743
36686.6022876192
36687.4767187336
36671.8211361454
36683.1908513023
36664.6001503906
36685.7030018984
36641.9910529539
36615.529074753
36667.0208252017
36675.9261655776
36640.5362255089
36727.356790058
36606.4534056446
36667.5224015983
36624.6060877915
36691.3707080808
36680.5175028482
36691.1635772341
36629.4129184995
36607.1523138002
36701.4374594111
36644.816290586
36619.0019554704
36712.4449188754
36639.3852414586
36680.5419894281
36617.5764460627
36716.5274671483
36703.141172182
36656.1677221156
36677.9677675138
36623.8907376349
36654.8407855654
36667.0453268918
36684.2863667947
36665.8999396188
36737.1978580465
36681.7017352771
36678.0468059323
36685.0238599925
36650.1209930823
36641.5987450501
36713.8304135888
36670.0708272044
36650.5070270247
36623.2467713026
36605.1948809858
36683.3382325243
36727.5992754343
36711.927727531
36695.7946867769
36659.006386392
36714.0636531773
36677.9462583091
36661.4290632664
36690.9743486211
36699.8820471274
36690.7777086644
36691.0967845524
36663.5278961357
36660.780586712
36672.8139668208
36697.4946921904
36666.5721570159
36644.2972742597
36702.2153862959
36668.8342431436
36745.3693292114
36660.254465786
36649.6005540552
36733.2920536644
36683.5389684572
36689.9573795533
36672.4207502987
36668.3082179282
36686.5986986924
36665.291751116
36629.4984215264
36655.5269003346
36626.2583140032
36711.3912076508
36693.7866633405
36725.7506591871
36739.6206435557
36662.9154187037
36669.972090508
36705.8629550154
36648.9522642807
36644.4932183494
36657.9981424582
36679.6047999406
36631.5783498396
36710.2787824017
36675.1547672261
36651.5604662934
36686.0457930991
36679.8575550191
36675.8397903011
36699.5685199511
36714.8995093053
36661.9519022024
36654.0274890323
36692.01005287
36648.7916904254
36647.7445967637
36727.0853694391
36659.9057922474
36677.3498015177
36637.0380413782
36645.8324984101
36700.0047702871
36653.4715482468
36700.9995761051
36678.0711169299
36661.8987328978
36681.9630146482
36683.3021323805
36655.8399855809
36664.4424796811
36730.1702095284
36676.0269077125
36692.336861835
36704.4942888097
36663.5957964756
36666.3480623523
36654.8292491839
36694.1976079049
36690.0450426127
36702.8925496889
36676.5223961089
36636.4213203764
36670.5268527007
36653.6723629439
36666.4796727494
36662.6701908537
36688.2204539929
36675.0017155112
36663.9511600968
36723.0025562155
36696.5276634035
36672.1403649183
36655.7704964424
36645.0688036747
36665.7068750664
36689.1012824689
36687.3070851192
36746.5683407501
36720.3741718806
36684.9538026824
36711.5322883757
36680.7654725007
36726.1386101323
36675.5694146262
36679.8824110837
36637.1191522639
36724.7036426432
36687.3809925084
36665.8510655887
36673.7752253998
36708.1339632853
36670.61514207
36683.5024162698
36647.1078354389
36643.6560408753
36697.1964790211
36668.9032123925
36686.8228869386
36646.8053757386
36684.0586976772
36672.5248180424
36660.6482513716
36694.0542476619
36702.8411870665
36706.8712531505
36686.9849360647
36680.1736326477
36731.2179973668
36667.7057086519
36697.2285978166
36662.6529473809
36627.4141009376
36706.7227205678
36641.9373691978
36678.4235169876
36660.906754412
36658.8118442621
36722.3043639921
36645.8346225472
36665.7989627643
36651.6319230464
36654.3657457532
36710.6140760937
36629.2283857308
36713.4486246325
36688.1695378222
36679.8468344762
36698.7995978277
36686.6709232213
36680.8977604327
36680.9139966029
36677.4222846867
36632.7973409091
36675.2370019098
36711.4001352173
36723.0217235527
36650.4530175733
36621.807456996
36679.8796165929
36733.9873763971
36683.7571079317
36655.236055345
36681.7946633836
36686.4916483917
36665.6119476452
36621.945539523
36674.3989800784
36687.8009840996
36648.5827315998
36738.1349029349
36678.062263866
36710.1638045099
36655.4399251853
36703.3362773933
36679.2828775303
36672.0203270321
36693.3340027597
36685.2105642646
36601.218965829
36679.3499278792
36620.3493304705
36683.8623723744
36707.9858036617
36690.859544556
36699.3710483759
36673.5615160784
36641.4567708115
36711.9852120465
36689.2553036244
36645.3150605363
36705.175545415
36696.1866744635
36648.2469642842
36701.9479483612
36657.0566009656
36717.8933045755
36697.6557879828
36676.5623993922
36644.9063786148
36715.117710758
36654.2185728748
36757.9791772357
36623.9143056599
36612.3767186195
36642.7009684303
36710.9488188099
36724.1916826057
36646.0179674186
36680.1617684908
36681.665351819
36634.2976821771
36661.6991481491
36682.32610288
36667.1180448959
36664.2202214032
36639.8620127544
36677.7627797619
36667.320649186
36643.7138581554
36679.8284107713
36661.5782146637
36644.9529244987
36632.5089205782
36623.8524379141
36652.561202187
36654.9634812463
36697.9800972781
36683.573466177
36663.3676916483
36663.6499694152
36653.7698590781
36679.423985931
36685.2772362324
36689.2613242754
36669.3358224166
36682.3918812724
36675.1677470822
36703.3603458063
36702.1641963795
36676.1259944112
36677.0165913788
36696.149470437
36632.6019993315
36668.2354357603
36600.3621730603
36692.0583826486
36651.7999982636
36728.4096467626
36656.2090202505
36663.5686865632
36629.2631543992
36700.9121270595
36700.1241615546
36714.0232104301
36605.6841224806
36671.0134788051
36665.0415457914
36684.7466697596
36648.0498617464
36637.6349918472
36689.3295788615
36669.8704797088
36651.6168518022
36682.3613120849
36638.6203617236
36642.7187631073
36655.4378746856
36731.1161251805
36657.9098913832
36608.0833689275
36687.0929679206
36700.8085975987
36649.0076079738
36688.5461224437
36739.808213747
36689.77765326
36612.7340567481
36696.5737168282
36706.0271631944
36663.8656390819
36712.5285036615
36668.1038182972
36665.0230203239
36703.4002954669
36687.2593587385
36690.9398088458
36695.7256490075
36650.043218492
36678.2485425362
36679.5398939477
36649.898072932
36699.5106064945
36667.6924120497
36724.9226724771
36628.6805336202
36652.3994094631
36721.8668891688
36671.4394932146
36642.6850132996
36641.7732919185
36696.0707658554
36697.369277108
36637.9964278589
36673.5823826824
36721.3137885235
36684.249374009
36664.2133140664
36699.5932356482
36658.9358820098
36707.95914219
36696.2592034983
36688.8649807303
36690.0439309302
36654.0592129382
36680.1708290061
36680.6894109465
36636.9701510648
36681.0227463448
36713.9335802216
36652.0797846686
36658.6495583716
36614.4934194704
36638.4789689319
36639.9148901627
36647.0629871775
36690.6229675142
36656.1841310998
36665.1870939813
36664.3947930995
36662.6175378569
36665.3996319099
36705.3808704476
36689.181134367
36650.3757772007
36674.2735875298
36682.7796926679
36673.3961026273
36706.9298109074
36629.4317346637
36642.8598456156
36686.8192742867
36672.8569546404
36636.9392044774
36669.3166773094
36688.449642119
36682.5290619505
36657.0504282533
36668.57055399
36680.3474970915
36701.1644534631
36634.4104752542
36753.4725627628
36672.0883241257
36666.4512094446
36726.3683508488
36702.7304419537
36630.7995105307
36693.1073376227
36695.5682258431
36736.4106173745
36736.1724725898
36690.1155235983
36663.6997468361
36694.3512558451
36685.647333672
36671.1090888508
36693.5822671319
36710.1215930528
36665.8081631337
36687.9474758128
36655.7284113697
36682.7629593089
36654.9503472546
36659.4149621907
36702.8728315123
36654.072759525
36678.8733735434
36714.3293648563
36673.5694027357
36702.0670888616
36723.2985878595
36685.3827223261
36673.7750063414
36696.0444205708
36697.9806573896
36643.3526932845
36673.1976771248
36659.0636407451
36732.3616457018
36632.8641847985
36701.2403842155
36673.5622047477
36614.8385594924
36666.5425550293
36652.2684981739
36667.2198391635
36654.5345304047
36659.3296799784
36691.4975324959
36705.3905555335
36641.508226859
36642.7277699575
36661.9183766519
36638.3439084556
36660.4390094853
36627.2082403461
36712.7541420157
36655.0000775482
36696.3312400428
36688.2059784252
36664.6891288131
36679.7672882599
36678.0424491009
36667.3458598064
36677.2959772921
36692.9942102727
36660.1692013795
36732.513181683
36637.7515774673
36588.3761268611
36692.3914655689
36666.4851096739
36686.6786749586
36645.1339201041
36735.9771126535
36690.3550813057
36648.5601426086
36698.6310629711
36646.6117533181
36640.1057563427
36683.7455461138
36696.4023977115
36667.0124235528
36651.9859588989
36668.1940700756
36651.723935754
36667.4848586315
36663.511052527
36683.2477489311
36666.9804424361
