36653.4585107767
36667.1497106521
36701.5176658128
36632.7868615191
36682.7910508111
36701.3383970349
36669.0820110838
36644.7303400903
36704.3256073507
36648.2597371974
36632.6678809312
36670.9208174449
36651.7336829528
36706.1826754052
36628.3172358943
36657.6362358557
36666.985848442
36685.1205133724
36683.5830562799
36660.538956166
36644.0797191641
36667.7486373157
36639.5488582058
36663.0346443204
36625.4804808331
36690.441499463
36650.7122651134
36702.4861645943
36684.5561885646
36697.8224105186
36670.5948446511
36651.4672431042
36702.511506562
36650.8647840162
36642.8720064396
36667.7599584815
36668.0339193146
36673.2253004823
36671.0767774996
36665.4547380207
36731.2402598927
36623.3190315375
36677.2697208491
36639.0016314228
36677.3664350291
36667.0239133683
36663.0550245482
36665.1442678925
36674.9782458676
36690.8218701681
36711.8462310521
36695.5112682962
36649.282338323
36680.8725413613
36683.4243374
36689.5592654305
36639.7840948198
36646.3026077701
36669.6984524169
36659.3207353816
36650.4124013831
36688.3432396757
36675.76562377
36671.2168057617
36654.6066428651
36708.8377151772
36715.5913004292
36629.4103785369
36677.6185324251
36687.513608784
36629.4807782226
36660.9730021106
36698.9691797978
36666.3055337259
36661.7221383311
36685.2911658004
36652.7475066989
36679.9868260507
36641.4745867596
36652.2547928694
36666.7188468598
36690.5128630334
36681.9485087261
36707.4291104787
36695.7702141785
36691.2249512164
36679.0160739099
36697.4460601168
36652.7548317613
36669.9230455891
36698.4533291439
36641.1822785043
36678.0236419392
36665.7931740611
36670.7034693138
36680.2127196076
36656.7670083152
36688.4302969843
36638.6944550132
36644.0755696256
36661.0008920127
36671.5003874282
36673.0361294342
36689.4025187805
36676.11353569
36703.1176709235
36703.1669035338
36696.312042868
36634.6511572373
36678.5145127975
36669.3069838578
36671.5744126943
36606.214596042
36663.1584306323
36700.7797757797
36682.4011250403
36710.1360276043
36711.7895047904
36703.6603361994
36660.6979729654
36674.3774692575
36655.6222272872
36639.179957699
36690.2191995389
36692.8941552929
36671.7547199812
36686.6418129479
36662.0253078645
36655.2828984253
36690.0233733519
36673.5172868491
36687.667735694
36684.7648022807
36679.5680982508
36677.6681227481
36710.2036693968
36666.4874441882
36653.766684464
36712.8013242153
36661.7250005276
36649.2076523974
36700.485799119
36684.3178676347
36664.8470161462
36702.3868058377
36700.9211360761
36670.6571915497
36689.6010815013
36712.9784049288
36658.8827230301
36629.7033992705
36658.3687504643
36639.0829189174
36686.9453110525
36668.0544247266
36646.1222496129
36663.7389051783
36653.3075320912
36683.6317804408
36694.0865548349
36664.6881423179
36704.7406190925
36682.8982606044
36703.5240799663
36679.8822048321
36662.2561388949
36723.6017132024
36647.286898145
36639.1420183406
36660.6452561201
36672.3092297892
36669.7108091167
36668.6603129769
36698.7510151466
36717.1818310141
36625.7672775877
36649.2691929167
36678.4344219976
36662.1761776967
36665.8651457292
36673.6464846254
36702.1754861405
36685.4460298651
36691.1569752783
36654.0791510839
36662.9440000242
36687.2150428545
36662.9729635646
36626.9881534044
36674.3440487533
36635.6593097648
36695.6999447565
36658.9493154812
36717.6810325313
36692.7367878208
36689.5875651126
36654.7881210279
36694.3744546145
36669.3543391997
36649.9482781908
36690.8118871325
36694.25046894
36651.1674166751
36656.3259816488
36661.2069557633
36671.3774455964
36701.5456844868
36650.2559650188
36647.451398131
36726.8687499991
36690.4125772937
36683.4538478005
36629.6130794268
36645.2521819981
36671.6905403356
36684.9853036939
36644.9174003088
36689.3646315506
36654.3372680122
36669.5826873908
36674.2399975677
36620.0460399184
36660.3198891012
36638.1981016415
36670.3433796468
36696.8635823369
36670.2910458058
36712.6051038221
36676.1555746122
36669.320435418
36674.4196831461
36680.269465034
36687.7306699385
36716.2102980563
36642.4280837914
36636.4458518778
36643.9795538478
36658.8855705483
36641.7830516255
36691.6468853311
36647.7002606076
36718.1442710983
36692.0628708798
36678.4573090846
36686.5120336479
36662.5947443654
36660.3661397636
36680.8726457253
36648.5562555571
36655.589648894
36644.0537198701
36634.3054117457
36670.3153408339
36634.54570033
36660.3483316671
36638.9170693186
36671.8073909392
36654.3114277781
36702.2804802124
36692.8046198775
36709.3997375407
36688.354127455
36631.748022691
36671.4741739908
36670.1587561089
36679.2203185849
36631.0757202165
36683.5008958018
36670.176321802
36653.7879320821
36658.1239677281
36629.4544452194
36694.2262302633
36662.6262311596
36649.7307649995
36647.6661157745
36650.4847559528
36680.6976252604
36685.4424561332
36657.9208096813
36667.9595226551
36693.2681229156
36637.1727068869
36654.0450335447
36654.8269682692
36706.9995788794
36692.3775132698
36663.2523100026
36656.3601005851
36619.2533947156
36643.522293879
36652.4604784207
36687.7743014783
36646.8751247514
36659.0877385792
36661.4959144845
36654.2469072335
36678.2926196948
36667.5867159562
36657.861003399
36669.639704959
36710.8939655998
36678.2445333866
36677.7255396417
36667.4183664962
36642.6616247484
36679.5932563236
36653.1616213105
36670.8014038968
36677.7094363539
36642.9186350607
36654.0609207462
36644.5904151767
36646.8106353724
36716.6906601109
36684.184700048
36710.0314989515
36684.9041043531
36621.5934863372
36654.1557902017
36680.1019220567
36689.8312168891
36679.0015966864
36684.5379936908
36691.453413515
36682.8534506614
36692.640355722
36637.2576564409
36697.0610992624
36675.3353632159
36649.9035528345
36674.4555091042
36702.6541881795
36722.0302096883
36639.9045565936
36700.7119357476
36721.1158503691
36674.0092923883
36685.9419657587
36647.9745316437
36711.4483561478
36657.5039794513
36662.5228100197
36696.7900630599
36628.5283338758
36673.7826428046
36643.0950440758
36630.2852909513
36643.1674765202
36708.0716008019
36687.3720722188
36716.5558313107
36624.4920684511
36711.954298315
36708.3697682116
36691.9033703265
36665.1179858983
36681.5755025198
36673.1047107179
36621.8334244305
36694.7918692051
36702.2900269367
36689.3299759452
36697.9893124779
36690.4960515362
36658.6360943542
36701.8060591009
36639.116651468
36708.5189877578
36654.4415405116
36619.5079001921
36706.7614041689
36691.9148561655
36686.3442198185
36703.50234671
36673.8456034326
36652.6280280398
36687.9304107853
36665.1512844717
36698.7755903542
36718.9553546985
36668.8673865614
36694.3545795873
36665.8286318227
36631.6179621991
36703.9164381777
36655.8357502375
36678.3700066881
36653.4005785423
36669.0086087198
36603.5604332719
36708.0729616927
36676.9695383309
36655.4572708958
36646.3074678505
36672.6851888447
36652.1425357238
36663.6227388845
36656.1027047073
36686.6677624395
36675.1891962477
36662.0293827459
36625.9205507778
36691.9424568166
36685.6433960298
36720.25297106
36665.0284487185
36653.5872550301
36674.6926677581
36649.954763458
36647.5904114456
36667.1577463893
36620.932216918
36666.6682092384
36670.0185808106
36623.7610602469
36689.6918547198
36632.9428539302
36665.7965817392
36694.4248453169
36700.857751236
36732.1966855637
36641.279469182
36710.8019451483
36667.2746823566
36667.2789601502
36667.7549660421
36661.6459414197
36681.5839515911
36724.7248743552
36715.6051082673
36689.8086165297
36647.4075062807
36687.7853647634
36657.0353061778
36649.8975450405
36713.9193325039
36641.1252609543
36637.3919586711
36670.2215800518
36677.7464345868
36666.1555222214
36647.8543613696
36665.088470263
36655.1426639918
36649.6370896129
36691.5275411871
36654.8117087069
36660.3138285563
36665.8851763275
36683.1709771374
36667.1169119574
36697.0667308638
36684.3604019966
36685.4833100273
36652.4371294449
36679.7753292266
36655.4697241057
36679.8629081391
36640.9612742868
36708.7230061812
36655.4718220093
36670.1843452241
36641.3381621048
36638.9101888245
36665.5548010423
36686.5019984346
36696.2527500254
36656.8530380458
36660.2019143558
36671.8946219084
36640.9880148267
36646.0153152714
36690.2505736389
36716.2721719485
36694.9293452092
36690.8972913144
36631.5248972546
36679.5936127461
36662.6324188605
36644.0307185776
36648.2911702263
36656.6752230825
36646.3113590714
36657.7653207832
36643.1663869173
36655.8298187899
36670.4677182114
36655.0925195843
36689.0835022456
36717.8132933653
36660.6614647163
36646.3022242964
36676.1883674663
36684.3899527123
36685.2602835007
36683.5192019538
36628.7461170018
36697.2383340519
36621.4467261317
36683.8157527048
36644.9922409585
36675.3346994352
36640.2065583314
36655.9881119902
36694.7983079362
36699.2897324989
36691.7968984891
36690.3229470793
36692.4570500426
36669.2242875979
36693.3495925886
36658.1539600615
36608.692100022
36643.2955368067
36688.8043357676
36657.8046303563
36690.9668935742
36675.484283178
36688.7433338066
36637.1037689211
36658.1566845926
36681.6065178565
36665.7889381293
36721.7163168331
36675.0455367549
36684.5749256224
36682.5660279078
36684.1599371967
36632.0513713817
36701.5367484477
36677.4417795607
36673.9229558524
36646.802001947
36663.1132098655
36688.3932443022
36660.78092924
36670.6292753398
36642.099389113
36685.8748064876
36692.2507779834
36682.4143806477
36669.831335363
36664.9718713528
36704.7362974787
36645.1087386657
36677.6154869302
36687.9689298752
36652.2932709045
36663.9501217399
36684.2716888492
36641.9199141627
36679.0079078826
36671.0550774747
36648.5870842336
36674.7868451359
36672.1023797054
36629.3733302917
36664.8708187523
36624.3598707759
36673.7493383019
36654.839838059
36674.6934201698
36628.9289920987
36671.3576748434
36715.4651888332
36653.4182686481
36628.8203494489
36705.0299092476
36671.7756422457
36673.3208453101
36710.9432643213
36650.3115860494
36683.7955384131
36723.1042951053
36655.2924629069
36631.5899044914
36648.1045755053
36688.0774863696
36667.5062790151
36671.4808264948
36645.4211705751
36654.4217742731
36630.6147277435
36698.3268726595
36658.2171898133
36643.2000229344
36685.6859477354
36649.5783812321
36691.1604179902
36658.5290900325
36661.6415053555
36621.5913974786
36710.4097192386
36652.0511176541
36700.0310956459
36676.4626214974
36673.466511859
36688.7832910733
36675.3927311943
36630.7995238855
36650.3314046424
36649.6642434125
36653.2191049473
36653.8967872256
36692.7810284976
36679.3976753692
36672.2314421968
36653.3149609821
36642.0761341692
36646.7053166345
36662.9683000169
36700.4148179392
36720.2777161159
36689.0328727009
36675.4004510873
36708.3335446541
36712.2772958174
36667.0667579832
36667.4943052015
36705.2710712617
36676.8381467752
36660.0508046062
36648.2822100032
36666.5561091821
36656.8334452718
36620.9994233986
36622.066399367
36700.2229504088
36657.0203015552
36623.7464207784
36703.6470031862
36666.2186976796
36661.4259631247
36645.0844459464
36675.3856161873
36674.4837459451
36712.341650894
36639.3569732142
36642.0684371364
36702.4368530412
36664.4207757241
36704.9596359177
36646.5505272946
36651.1831459365
36681.1998855242
36671.8951880238
36662.0860801815
36716.2865373846
36668.5097098244
36630.0256696873
36686.1925387115
36671.8122507563
36705.8392570656
36632.534670858
36656.9828824492
36691.7810073786
36675.7368885542
36702.1023463074
36633.7283971165
36688.653990844
36654.9357157057
36669.5469294831
36645.8375566778
36651.4591981895
36710.350441892
36663.995314885
36691.9143408479
36687.226969004
36614.9844838492
36704.0166828871
36670.4593018678
36651.7091540334
36672.6531057304
36683.3970015366
36660.0105701811
36661.3997821071
36677.9277031866
36670.571846963
36686.0536469037
36608.7954008832
36648.0520522816
36697.7831418938
36650.8315013583
36637.3181616254
36681.6616971538
36672.0337755952
36681.2994161537
36665.9342711687
36641.9679964729
36712.0710340118
36648.6730698528
36631.6845249916
36647.9869016275
36670.5135018053
36625.9436033801
36652.896026187
36710.1362570929
36646.2832236776
36649.5875884402
36688.2882793312
36631.3397314831
36630.1221974858
36656.3326669709
36687.2968758742
36712.8855869222
36675.8009676987
36659.8109661157
36654.7293522528
36656.4900955217
36671.7056675678
36631.0406688325
36712.7401878107
36621.4226160479
36656.2001111241
36683.4643319898
36680.8117595752
36718.7145865485
36635.9392658965
36661.1162429153
36664.2354209715
36636.599996577
36685.7325767536
36650.7830330212
36668.6132203852
36633.1651765219
36651.8845574501
36662.561467014
36666.0772062073
36667.3367570247
36671.7791322657
36701.5034783734
36644.6346349746
36698.9838253424
36639.6785139374
36652.8366623575
36664.3797508295
36649.22959525
36696.9746949745
36660.7682104574
36680.760796457
36731.3287209163
36721.0886934793
36639.141998913
36684.1768324895
36688.9414798022
36682.0953720563
36630.2876196713
36703.461005085
36664.6104829327
36687.7097071068
36684.5942207615
36694.0131410528
36643.5290458664
36697.6529447318
36672.7120360533
36644.2111579842
36706.3110072834
36665.0204889492
36620.5983204723
36629.2184619243
36661.9686978337
36693.5352966297
36672.4723463107
36671.1541494755
36642.7974796426
36719.8576532134
36672.2660284453
36696.4180499623
36659.4436536498
36703.3789486139
36672.3791739478
36671.5880848721
36695.2911858131
36665.9169456419
36662.540475215
36714.8885280896
36665.7258283005
36680.8232541378
36656.3967420733
36663.4681616426
36689.3798708472
36677.1389092714
36653.2597008592
36671.3751933634
36659.8658293121
36698.6487130491
36690.9031545602
36645.5250222075
36667.1835011568
36640.0855154171
36714.9806590592
36624.3208034306
36660.8906483783
36696.158541341
36678.9805077294
36672.7323349627
36665.5425068971
36660.0679476792
36670.2625313161
36664.4556826819
36660.5591455066
36665.6022768869
36611.7436134
36721.3504830706
36666.7251620153
36658.5121467655
36650.76234964
36723.4033954651
36665.7442466331
36663.2823598448
36636.4453205077
36643.6870914578
36665.0479644653
36670.5032712283
36620.0794649314
36644.4636458094
36637.5813128484
36704.8341979266
36696.703920641
36642.5651808526
36671.7052513278
36680.5084348427
36671.9151876372
36684.2670289149
36661.9675986988
36706.2016162157
36644.0994171437
36635.5295015848
36615.1882208822
36695.5766156128
36633.6521302107
36645.2508825697
36652.9952665833
36686.5804551844
36667.4860390752
36683.5556633576
36633.2437416357
36637.5871805973
36699.2836963447
36626.8093115876
36647.5060003723
36654.5588119235
36682.087750548
36703.4428307584
36674.8434393379
36691.8015076863
36657.6517395312
36689.5569454439
36663.044756765
36677.683669214
36655.2393177564
36690.2175586433
36672.7290159314
36706.3720747967
36648.7287497511
36706.3145066748
36617.6909401775
36685.8062489017
36659.9512376513
36670.9249246956
36706.0319724487
36692.733716513
36663.23215509
36686.4299529182
36709.3615867658
36665.8011655116
36649.6310156381
36669.5810496141
36670.1113516571
36666.9544062474
36708.7184897288
36703.4332406543
36714.0682307808
36662.0029981765
36675.849767979
36654.8647157283
36648.3025049639
36630.2938656918
36637.5095304514
36658.9674013168
36659.3638242691
36653.029517322
36680.6621652388
36648.1948209545
36680.711571426
36645.0725104438
36655.6799048501
36689.2889723097
36675.6414025808
36658.3849068794
36643.1966729845
36625.2717388823
36679.5556459631
36711.0418426689
36652.3137265968
36619.3120910034
36661.7712257852
36649.0872965187
36661.6681005409
36732.2359753846
36648.825830747
36641.0197917831
36650.2484407062
36703.2996776119
36674.1419690744
36671.7798241957
36652.9179939554
36679.6916671956
36686.9422589273
36683.0009598794
36663.5142621951
36675.0428913887
36624.7384314368
36646.6292809899
36657.0980214628
36692.3233934357
36686.688680346
36690.0481314001
36654.2915520773
36659.4149529376
36676.3864422705
36660.4903475477
36658.3539626542
36644.2605705181
36683.1504986953
36684.3253064473
36685.0056103031
36631.7482557451
36675.4030743895
36668.0861472314
36689.5892670145
36683.9808968919
36683.2444185981
36640.5144347587
36685.6110452053
36655.4501783947
36660.4066444201
36669.2705345403
36697.1089678404
36715.6042068704
36675.3107965929
36693.3260490311
36671.9368529394
36707.2310610561
36703.7316332616
36665.2555821421
36642.2144749274
36634.3510892227
36668.8747236225
36699.7125812218
36668.8762328694
36711.7259558248
36676.5167450459
36703.7856505078
36663.2132553931
36671.6690424341
36714.9658428754
36671.9859716318
36685.1314881367
36613.8133949722
36659.0493953704
36686.1545076633
36665.6943593102
36651.2433547202
36706.8393965178
36694.3260316218
36702.3769337309
36667.7213505145
36673.6966473737
36658.3516268278
36659.5961598569
36706.7328703659
36670.0285883391
36682.3878707973
36681.6159053958
36602.4801420371
36682.7050531797
36658.4772182644
36649.4076775142
36716.9871528796
36658.5221196629
36679.5322096556
36688.2273794327
36671.8935834827
36723.9079571795
36653.5527360929
36647.3135514208
36680.7639087268
36673.0357902394
36662.128017008
36701.475004303
36686.1047906308
36715.1702305513
36711.5685539376
36661.3771081698
36644.5148371048
36645.7482160258
36639.1234377732
36722.6159401842
