36666.571025388
36687.3783706862
36691.4648173456
36677.0112628242
36701.8054613202
36684.0595009911
36679.1928466835
36681.6873958017
36678.4862063151
36718.3175468881
36668.2796692817
36674.0881593109
36672.559567342
36671.9301220008
36688.6695669349
36681.6819302544
36673.6882967995
36698.2230447695
36663.9696492155
36682.1791279204
36679.7200977901
36671.9536608569
36697.8009679849
36676.8390862046
36674.0001474535
36678.9617957542
36670.8689289824
36670.6851346682
36683.6387391559
36674.3865232886
36671.1439128122
36727.6567626284
36672.7363859266
36675.0448388443
36687.2649017104
36677.2549748183
36664.8056735131
36672.4323881539
36697.2075954559
36676.7357554792
36672.8175559103
36729.3097179993
36679.1305247011
36672.6654402702
36731.3752083343
36677.7395856171
36672.0359068973
36669.6011983704
36675.9993952034
36669.7912473119
36686.2921076848
36709.9818546819
36675.109358733
36672.3040559266
36670.0074292613
36689.7462478582
36693.2546379689
36682.2345711634
36673.4765761626
36685.6484005113
36678.8057929729
36671.0630018397
36722.8264373651
36685.8557768603
36667.4482648
36675.5561754966
36669.9339653055
36682.3179677043
36697.6933741002
36710.6590057563
36672.4335389305
36683.1741376098
36668.5085199989
36672.6111333776
36680.5944008836
36720.2694653619
36670.7940208296
36676.0255963144
36675.2730706544
36679.7084410882
36681.5739311719
36675.4037267638
36677.9752673749
36677.9187041167
36676.8880357589
36677.4984376039
36675.5740230196
36671.0479926747
36682.9944802484
36679.8654680827
36676.4596048722
36708.0900739703
36673.8600875112
36659.5066233459
36670.741742591
36678.4584927766
36729.6318030328
36677.2349129329
36723.7688865303
36683.357401352
36679.0484463859
36681.8754032701
36677.0392427694
36717.2273896721
36676.6329562197
36697.24638077
36684.1855941018
36677.6324763185
36674.6628443702
36678.5397860657
36666.0721503378
36677.8571796204
36681.5353820407
36674.787443626
36670.9714252346
36673.0913097881
36674.0615046306
36676.4113552356
36673.3837450827
36672.2120030609
36725.2701019455
36691.1388742366
36727.7586408947
36681.6654974424
36681.6627740514
36675.892254919
36671.1869772727
36670.0276499164
36682.8560576214
36670.3794742892
36675.4794496129
36668.8182374371
36680.7726908342
36676.5802679963
36674.6715174654
36676.5760591472
36675.0069179796
36673.7707326759
36675.6922589441
36675.5840643186
36686.5672885233
36724.0836686536
36670.7409457166
36674.1313214672
36669.5989831989
36668.962327009
36706.5571530378
36732.387988055
36684.4504852877
36710.3083360296
36723.848889473
36675.3880086453
36686.1126806464
36678.0477600358
36732.5755289337
36668.0047045789
36688.1688011489
36684.7573977704
36674.5411310728
36677.0048304382
36676.9918566499
36677.1868997141
36680.8229920799
36673.5687235411
36685.6866612576
36687.1775687863
36673.0266746444
36696.7218764406
36685.2973371764
36704.4832340523
36674.9901007925
36730.3546518429
36734.2130277912
36690.3877310041
36673.7968889035
36727.9238651755
36723.1457465201
36657.2716040956
36681.3448849469
36727.2524531769
36680.0103190944
36727.0959466601
36679.346995624
36688.4968468793
36667.702771843
36719.7858948051
36691.6688547533
36678.8613322488
36677.816512503
36685.539102411
36720.723630893
36722.2295422754
36671.5962188126
36685.4772338643
36725.2646453543
36655.5532790327
36723.7350674777
36737.9089349773
36670.9341434754
36686.3550926386
36722.390891674
36678.5592986177
36665.6662955072
36687.0121112999
36683.3716874612
36699.9996304128
36686.8490316154
36681.654499809
36681.9404971366
36715.0071601325
36668.8825582376
36690.6080669375
36672.726689379
36672.5869066529
36674.0719565968
36683.9895356386
36674.9487530196
36675.5853192789
36679.242042978
36669.330988634
36680.9614262907
36686.1302221291
36682.991192958
36683.4168159448
36675.5141405583
36674.9511196981
36678.7785389903
36668.1799985232
36664.7520444469
36688.2812014979
36676.0135894396
36685.7352681277
36720.0475356839
36683.2101258517
36674.7180820466
36675.2151564346
36681.181230091
36673.2355287337
36683.9498470427
36685.7208628415
36686.9348129611
36668.5234331746
36672.1612424789
36669.6317867343
36679.1279379774
36674.2744287567
36676.0857019767
36671.9100897119
36692.2841839575
36675.1968427297
36667.5088896184
36675.2915494172
36677.1898391389
36675.6243275387
36672.4172195737
36699.5375686492
36684.9152525389
36676.8804214389
36688.7907125739
36676.8682627512
36730.3634725933
36680.8969485753
36679.8360418345
36682.847195282
36696.3872022417
36673.4600060227
36680.1347090473
36668.7597989686
36678.5252600645
36671.0784824954
36675.8008127836
36686.3939390941
36677.23993684
36676.2285186257
36684.5695649991
36725.7061783846
36681.0182909142
36685.3885155972
36666.1756112318
36673.1437882657
36680.226700528
36674.7780536237
36672.7146287368
36726.3852550857
36683.9816886825
36680.0607448639
36684.1131887655
36679.3554097312
36672.4054365407
36725.6678596316
36664.8867460917
36681.2490808532
36669.1860203095
36682.0137679289
36679.6846614569
36689.0714345885
36681.7633063596
36688.7641188809
36679.2777202792
36674.5122914101
36668.7599084735
36731.7483980536
36677.4856236168
36675.829153197
36678.7962074758
36669.2841344102
36672.8012407782
36670.9774882455
36674.5082544668
36677.138486615
36693.0885568505
36664.9105495071
36670.2273149136
36688.6943099305
36684.2638487523
36734.0661621288
36676.1052720738
36665.2934060468
36674.0239261868
36687.6149004092
36689.897200354
36680.3660969303
36707.4756131586
36677.2405209427
36669.5837167075
36664.1075731601
36682.7548935304
36683.5848479919
36667.6818224542
36674.3705986041
36682.6096491717
36675.4289151222
36664.4582997605
36696.2977220655
36672.4553990603
36681.1048442792
36724.59799186
36681.3075407334
36683.8409815418
36675.3202158296
36679.5578423254
36676.7865497475
36716.2081523111
36707.677040832
36670.269099582
36678.5881263839
36664.4592333317
36669.4968648523
36675.6261048702
36670.3136552976
36686.2630431306
36683.8008636855
36665.7183878873
36683.5004073252
36674.7999154877
36683.9086432212
36673.9563686816
36682.8371229723
36673.2995215546
36666.5008507667
36679.424262441
36669.5425773917
36676.6104224136
36666.6614742464
36726.0567247091
36680.577191355
36685.9788538882
36725.8647845185
36666.1102087585
36732.8721187512
36675.8199458636
36697.0674395845
36675.8053388038
36683.7001101992
36714.6997352684
36676.852180324
36672.619025658
36676.9440398151
36688.9110666285
36690.2465620282
36673.53612026
36721.219416845
36684.5689153628
36676.4338407038
36684.9670850777
36680.8208726563
36666.5303887142
36678.6668181668
36672.7793682105
36683.9410938709
36675.7770230904
36673.7922961221
36669.484108684
36674.5230463431
36678.4322409775
36678.8440358762
36717.5436945756
36727.2947590491
36666.0417899182
36675.2649125059
36722.098778273
36672.6119670948
36686.702516239
36682.4030911533
36661.6130176161
36683.4286168952
36677.6994796688
36682.5448391661
36722.7275846345
36681.683248857
36678.8054512676
36674.6032575935
36678.0160423845
36678.9381594283
36684.6189479918
36666.319163487
36666.5734082531
36678.9176329407
36667.655941258
36678.4766139299
36677.1225848963
36707.9178882057
36683.4746022576
36675.0721161595
36673.4849846269
36671.671876025
36666.6776768776
36682.2377348296
36680.5504975887
36669.7166596725
36670.8202681623
36679.8690830726
36677.0358754747
36681.0847593579
36686.1941363123
36672.1960261314
36685.2548305229
36674.0796174966
36731.2026254833
36668.6023842427
36665.4326430874
36677.2161517732
36681.2964513858
36689.179907806
36669.6556819962
36727.2767234819
36691.4455519643
36679.4315995087
36684.7894284765
36680.1012410881
36674.6935630487
36674.0392464042
36677.8180011939
36675.8917574556
36677.3967692302
36676.2843673649
36674.8960870126
36671.9942347684
36681.3574695567
36669.8004027195
36678.6002467401
36676.626878021
36682.8722812479
36702.771372493
36721.6889282463
36728.9780863162
36679.9813188667
36678.20862264
36685.4055416886
36674.1674625871
36663.2599345579
36675.5767338637
36682.1611654084
36675.4835698714
36726.9437806611
36672.4568651429
36698.0837740173
36670.2792595252
36718.4058914235
36674.1745498673
36679.7631472097
36734.8898140142
36682.5996246598
36730.7899501007
36673.9438595136
36685.5376094282
36673.4029298182
36680.7863969761
36722.2267430282
36722.947033722
36666.7070571594
36670.4335450639
36710.8703315733
36669.7609290191
36737.0108052218
36722.1562445843
36678.2377258008
36679.6210896711
36687.7048693513
36671.3457009247
36674.4375693377
36675.5556256641
36679.5519340168
36675.865191236
36675.6881334331
36702.4275879748
36687.4203448156
36683.6903130531
36671.1946154068
36664.2361234091
36679.0811950569
36660.9794447708
36671.8464836706
36733.12044192
36676.1668265728
36674.741751471
36686.0817961605
36683.0522823058
36678.2864269251
36687.0604509287
36685.6344237772
36676.1141708794
36666.4434110725
36687.5131787821
36676.8032933832
36665.617631735
36729.8553425347
36667.0565635848
36725.6312509313
36677.2945549929
36662.586532636
36671.4231041926
36672.1030291426
36674.839846487
36681.0244100222
36723.0623745707
36670.3905648963
36678.9176267292
36670.7701863377
36672.2028548383
36670.053605684
36680.5481360764
36676.7219055488
36668.1918889879
36679.6512084573
36664.6245941977
36678.0311803587
36677.0222827157
36723.831916564
36673.9406754051
36677.0646696371
36684.3107340254
36676.9925139445
36674.9899908849
36685.7940982342
36675.8195721419
36703.8226669644
36718.6895811759
36673.6794492822
36676.424404272
36674.8851577029
36677.0427510187
36669.0286933225
36670.6370377358
36677.7436477786
36676.0855905391
36657.8770038301
36674.9738005388
36682.7457357428
36683.9006420393
36677.1202428738
36685.4300069963
36676.4813243841
36667.0092796139
36723.4885413125
36681.7349596578
36723.6374673522
36675.8176019085
36733.7259840884
36687.773830167
36683.8688406324
36724.9558658277
36677.7814747349
36671.0530415136
36668.9205432297
36678.3387376909
36679.130203714
36677.9065311812
36674.0584495756
36680.310237398
36734.503889835
36675.594345532
36682.7537855603
36662.1856753551
36677.0840968288
36684.7946429
36724.7878345868
36670.4764065842
36678.1133853188
36684.1873173924
36667.8294603675
36677.2775289635
36681.0717912002
36687.1014522543
36680.3516848908
36681.864876464
36705.824814175
36714.8504031173
36726.6036097933
36679.3598724582
36721.6206529827
36673.6155073753
36668.0111798474
36684.4147697575
36674.5014656896
36697.4283869974
36689.2689457571
36689.1902651495
36726.0252277718
36681.8141145579
36673.347712471
36683.134810562
36728.9429169469
36725.8845231933
36672.0487871689
36680.9073065416
36676.5524906899
36686.4025017056
36661.5948224713
36681.1707118304
36735.9176734454
36671.5860036763
36668.5679263114
36672.3161052899
36674.3115563754
36731.8919771608
36680.8789528742
36677.1657742569
36670.1028094307
36683.6601946797
36667.9526538444
36674.5187025181
36675.1392385396
36677.2306817798
36686.913479073
36669.3230206052
36672.764224078
36703.7306741026
36680.5313304015
36663.6507212479
36691.8548571689
36676.435233521
36676.2014947571
36688.824614179
36723.0105595588
36681.593941294
36679.8301043366
36717.259202308
36688.2971135552
36684.0587019861
36673.8405980043
36688.4671495213
36671.1609144942
36730.1871968294
36683.0270969437
36673.9329516618
36675.0897843906
36679.3757169618
36678.9516621215
36662.7794579414
36683.4461402331
36729.6658488357
36698.7636066993
36677.7699737068
36678.685397487
36670.2099057811
36675.4935776225
36686.7970400507
36666.8471287972
36721.3435024221
36679.9870097575
36718.1923026767
36677.6914988719
36681.2667186754
36713.6132036901
36676.8563128393
36673.1145013841
36681.6986028472
36722.240219089
36681.0001627447
36721.8437768493
36679.7980194498
36675.9690404539
36679.1807117732
36681.5653227422
36677.4244879273
36681.8596234947
36677.7843192067
36676.0134866098
36678.3475053049
36672.507693638
36733.4690068419
36715.3347489751
36671.8529588069
36686.9230774893
36662.3834484666
36694.6662616502
36676.1989315051
36685.8172408907
36681.6309229985
36673.9981099688
36684.0485072769
36677.6876967775
36681.0437546863
36673.2673282597
36672.2143730248
36663.4782867074
36715.2828151156
36680.7952574084
36678.5293582684
36681.8770359247
36690.0445556562
36678.6463093234
36671.5988350166
36720.6867545076
36732.1074320146
36727.1382506686
36692.8146407714
36680.9133491348
36681.8386537236
36679.9090632097
36679.9202826564
36678.8609621478
36675.4378909957
36686.8971932301
36727.293371765
36669.7277885226
36677.4600135543
36681.6753946477
36684.9556200165
36681.782875706
36673.7413369965
36686.114205381
36674.2795493737
36680.5537514303
36677.0024253238
36721.2738249551
36682.8988236391
36722.7621739929
36668.5069844823
36674.3226957457
36679.6182312107
36681.857156097
36684.598983996
36688.595039096
36684.575478956
36669.7591994541
36677.2353126318
36687.2800106755
36678.9524325604
36680.3645291549
36735.1950578526
36675.9661626844
36678.9910516447
36692.8372265361
36675.3885401879
36720.7853464915
36681.4218130143
36679.5846511217
36729.1418161864
36677.9905448354
36709.1334665249
36679.6196623971
36681.9998126828
36692.85802938
36731.1563566912
36674.4930211224
36673.3461137826
36716.7233337127
36669.1837806643
36673.0394833302
36728.664782232
36668.580383391
36721.0151035322
36706.2789889478
36689.5499482075
36677.116070649
36672.0911224876
36674.9454729459
36677.1510724262
36683.8910627624
36680.6297655154
36671.9009156708
36716.6869751468
36672.609514551
36665.1388235396
36679.3822907734
36674.1195392642
36678.6829022844
36679.5091970707
36681.8563029011
36671.5655597899
36714.2534980631
36683.301128557
36678.275580268
36680.568736564
36682.526789342
36675.9220300993
36667.6590574396
36681.8405393848
36726.3338390827
36676.1399672207
36667.6232106347
36683.533739161
36682.7314518538
36719.2567126749
36683.39678532
36679.7792924882
36680.0770712165
36683.7371688779
36684.6737481375
36660.8553105531
36673.959228312
36691.4013439958
36675.9214413724
36731.54952343
36677.6068000952
36668.1722571783
36676.3443006174
36726.106614759
36671.715004169
36691.1140238394
36683.3076587067
36680.9487859882
36673.9686421748
36669.6164885585
36731.4855796348
36699.9909314761
36693.2784277783
36678.5687251039
36727.3019076956
36674.1114888192
36677.3497426675
36677.0845574868
36674.0383103871
36668.2262722674
36673.3996952734
36679.1625563549
36677.2269380066
36678.7615922317
36676.5182343477
36677.7408269467
36673.4815692
36682.1927477503
36679.2106103691
36679.2798875104
36672.7451874901
36737.3800539372
36707.9221507408
36675.757184167
36676.6996733992
36682.398384021
36680.0053977895
36686.0958978892
36684.3540113353
36670.3333532491
36678.8756849316
36736.0452224188
36727.0971697933
36730.9659440966
36731.403557327
36685.7147826972
36683.3376078786
36729.2980335094
36667.6285569685
36677.7628732791
36670.0885369669
36684.0763919458
36681.0906081889
36700.5751823564
36669.0749992663
36677.0350131235
36688.8982351691
36667.1955144009
36702.7613389991
36727.8697336488
36683.3826242198
36667.208505279
36683.6525761453
36683.0142738379
36663.3714798554
36669.3561082914
36680.3690873355
36659.5399407582
36732.0194189916
36692.8530509457
36681.7103967011
36682.9037686892
36674.5695684379
36677.6912613907
36669.4941622797
36680.8188454359
36730.5410344355
36681.5445182325
36674.7183217645
36680.6630508766
36675.5489927335
36689.5213441011
36679.9501252115
36682.2589369945
36662.0112961452
36684.0795692188
36689.4536584627
36727.8800691427
36669.5822302211
36680.176337043
36678.5122281678
36679.7684257112
36677.9441017758
36680.6755817843
36673.8218931188
36682.8835313485
36693.6417749155
36698.8337191137
36669.8213593677
36693.8765379883
36670.533477335
36678.1735734495
36688.2879097059
36679.604996713
36677.4665510667
36673.5376334085
36728.4978844809
36672.4247562373
36698.5753727939
36676.9540037071
36666.8529039487
36681.420814103
36682.4998482576
36677.9179976778
36729.9462664934
36674.4166298009
36675.0553477515
36681.3608367714
36678.453986946
36679.3852478893
36677.8376551065
36672.3398339787
36676.4494298084
36680.6161101223
36673.9137291998
36669.3728060354
36686.5566574414
36684.3585727393
36669.8241678551
36682.5199727289
36675.8668093183
36671.8948380544
36673.6306661823
36678.3619103901
36684.3872880082
36674.3146603172
36685.5659154931
36669.692110465
36679.184180464
36675.0146111382
36670.0920958417
36681.6524351242
36688.7837336977
36686.0959728706
36725.8961008539
36678.8434204295
36663.0949809649
36682.1826553802
36672.9596706984
36677.8752341256
36681.2478786474
36675.8766872473
36677.8476128039
36677.813947173
36679.66719787
36672.2957736783
36720.4944154834
36667.6964980108
36665.857479757
36679.8953504167
36668.9424200506
36670.8113350183
36674.0471238695
36681.6317719882
36664.0498816392
36676.3235328869
36677.7906989488
36672.1092085654
36678.4479166676
36681.5299677915
36685.3086705018
36669.7425109443
36669.6486580433
36672.8835722927
