36657.5386368262
36611.0976971558
36652.4600860909
36657.6930888386
36664.6539417519
36658.5545941239
36653.587525552
36719.1200466161
36692.2679657538
36716.8083874332
36682.1617140759
36686.4066134493
36637.8761195486
36665.5458888504
36739.0368155581
36618.9555452471
36675.9215532332
36668.6728698532
36671.6935502729
36634.490284389
36686.4770151218
36666.4419042288
36636.683028618
36646.3705834047
36679.5252480708
36672.6856369723
36655.5677790307
36658.2910832806
36618.9854507351
36664.9201332749
36635.9397402501
36613.4087094741
36645.0026293723
36663.2736115519
36665.598934937
36647.3853690362
36614.8169244022
36675.1804776158
36615.2079296382
36627.8640717217
36637.8124177445
36651.7091996492
36680.4333774557
36700.9165432341
36664.3458934373
36674.6104039766
36652.31645694
36669.2020895458
36658.4409560421
36604.7580145571
36671.628469068
36664.88538355
36671.825306648
36711.5477367129
36689.0822295822
36642.6093092418
36667.3543274592
36652.5529209227
36689.6984411702
36681.4356819128
36627.5445812141
36659.9275743382
36666.0885057863
36653.5125533523
36632.1840592096
36675.0146010906
36605.1932974913
36655.8299513872
36673.2647524662
36679.1005935677
36615.2106796551
36643.7150276353
36685.1838021806
36634.0176979416
36682.7601424133
36652.6526348391
36679.47483204
36685.7492226805
36701.4726560959
36635.5581344003
36612.5143661725
36677.5683452227
36669.0434322764
36654.2292671746
36630.5457317084
36638.3212288614
36662.2334260387
36676.5214259766
36653.2219409509
36671.3641465784
36662.6169129589
36647.3016382759
36695.8689306481
36660.0517942019
36659.2708528252
36675.4790917759
36646.412211567
36629.1464929337
36639.4003441885
36711.0417670482
36672.799731837
36675.0638375963
36657.7213997646
36657.7614665909
36686.8898975425
36671.4087443197
36630.7055594213
36626.1878866456
36603.8135313621
36658.6220458945
36680.6041490949
36693.0757991705
36695.9318683798
36650.1861478388
36645.4104963693
36626.7990232876
36630.1484939508
36669.6484478206
36617.1564117398
36667.1996302355
36681.0130011736
36653.3268143863
36631.3129639286
36641.5728995628
36674.443307355
36636.8026215486
36655.6743086488
36720.0080825396
36671.7123602857
36626.4727764837
36633.120493352
36660.7855304664
36674.2111808561
36667.3338199288
36613.0136934886
36684.1870602784
36678.7478205632
36663.5667617329
36666.0319338008
36700.9077434333
36659.6579071032
36594.1212974592
36694.6825817855
36663.9210615419
36647.9597515609
36695.8754211022
36671.7676601673
36656.5094259031
36628.838574935
36684.210961063
36664.2429384584
36661.4700329815
36634.4093927003
36643.542108369
36645.9529421827
36676.0093947873
36661.9431400275
36703.1384372502
36643.5034366417
36664.2669526841
36715.0882326315
36675.4417012051
36674.0009596177
36661.93786069
36678.4828330762
36625.1545932979
36672.1549842054
36637.2732406444
36655.258582044
36646.260785983
36684.9010995331
36646.8617904856
36619.2271294925
36691.9296514562
36699.9686899654
36700.341531662
36641.9224344524
36648.4712915082
36688.7169013108
36675.5504289455
36652.9395597531
36635.6687699637
36667.2162840903
36649.7250815954
36661.8243974468
36655.8722674999
36635.5581206482
36680.2246945027
36669.6616368539
36683.6624194971
36605.4033005984
36634.9776134722
36650.4626759994
36648.0814963525
36653.1766007479
36673.987273699
36651.966520052
36679.0394608275
36671.8203925671
36631.671842101
36659.7358629664
36647.2025051837
36683.3104543799
36674.549226602
36640.8661077799
36703.3075227957
36665.3589637946
36720.3124658882
36694.6580819282
36595.1025073229
36632.4627357441
36670.4146124943
36643.783513674
36680.2849717342
36648.7039569803
36658.6843541782
36637.5372175186
36623.39106219
36646.1834251177
36631.5264880158
36678.8380639707
36656.1790643701
36686.3126864406
36691.4446663583
36721.2139035112
36709.8660660742
36699.3628159739
36672.1643626341
36669.9840175555
36632.1874122112
36700.6456633976
36682.0674490973
36677.8403127449
36667.1447962066
36659.2586213255
36684.7063837393
36659.8993786764
36648.9482258517
36711.456133039
36694.4697036172
36680.7905434744
36687.3443289112
36668.7802903219
36652.1097482583
36679.4339215442
36632.875690402
36654.6632407651
36640.8373638089
36658.7186210225
36685.4874902855
36662.3372662322
36660.9359346486
36632.3665125776
36652.2747269713
36656.0025138005
36679.6448229549
36705.0942927297
36655.1733087128
36671.6518896176
36664.6538943913
36674.8830499706
36680.5593258141
36676.7899311986
36657.5293615786
36643.5030494662
36592.1806108159
36693.5994136405
36670.4691757378
36646.844441545
36629.6562892042
36646.2939938931
36616.4177063218
36715.4929941844
36650.3348472968
36620.2473990799
36620.7020882764
36647.7541209281
36672.5122698401
36678.3624132838
36686.0049718453
36677.0775306865
36691.8299423025
36684.1169961993
36687.9940311324
36703.3878730296
36633.491355849
36651.9295123156
36686.6907087266
36667.2173937237
36641.0959483454
36658.2950032269
36699.8855339464
36629.3227649368
36692.4902541873
36677.8685440897
36706.1277767857
36675.9759221348
36639.2203383734
36618.8413411195
36678.7460016482
36664.8551461027
36701.1524135443
36647.3237690452
36638.9658744627
36653.9841963472
36681.3501952407
36684.5450951933
36680.0461545169
36630.9596361289
36696.4810613553
36659.810604054
36619.3064988259
36673.7468958451
36651.4012698325
36657.2892618127
36670.1655783333
36668.0673275675
36628.594950014
36691.8762808106
36659.0156807221
36705.6256753803
36679.1663803448
36639.7044059593
36604.3761850147
36640.9341001853
36651.9846734169
36600.3390394567
36646.9352943734
36691.9113206145
36683.7538576185
36670.5895196158
36645.2852054491
36690.6424377382
36695.4060198527
36634.0150226025
36661.7322176644
36696.724915118
36701.2858063161
36641.6881083855
36676.2992883008
36695.2031458978
36626.9230549891
36647.9611078177
36629.8967711681
36682.9282789394
36618.5867014719
36636.8690219502
36651.2398557289
36705.7885296676
36660.605767927
36660.1059157468
36654.6259805905
36628.6826116675
36635.5296475541
36621.4061802074
36643.4416979672
36685.8753062135
36693.9060367207
36636.687011732
36675.920297162
36642.8896748898
36678.0615907509
36635.0251851127
36676.5035032968
36680.9421067696
36723.5825879727
36670.7850015852
36635.8274247252
36610.9783300226
36670.9451136667
36665.5887910466
36711.4686604654
36653.6102777571
36650.6256317297
36681.6437809404
36665.1907181887
36687.3151300349
36655.1609685927
36676.0788490817
36695.3856586981
36677.0959889695
36671.4288526792
36685.0574228254
36634.5861135311
36627.2080817489
36667.4685974896
36622.9318573502
36696.9746422448
36730.6000741214
36691.8624511518
36690.7657581915
36620.1820711517
36673.6646485283
36650.9471889266
36624.2082986958
36637.7209445112
36673.2996090161
36662.489435163
36715.7989553505
36644.0897563117
36636.5490118815
36654.2612394953
36696.109793829
36620.933368742
36653.637762204
36683.9804008443
36660.4542623719
36670.3541823026
36678.4148017763
36641.0550749852
36635.3559719621
36676.3765775007
36678.6463893288
36664.5409187408
36668.2097212844
36614.3626077326
36674.9450079135
36660.7951588782
36682.7567484906
36670.8964513468
36640.7078075567
36616.6472114401
36681.7137470476
36623.0959701982
36659.8729786272
36679.8815489268
36607.983438812
36689.5501921066
36646.4469813162
36638.5549594069
36643.0480036594
36668.6111049396
36673.6708010176
36712.736204927
36637.2884008857
36731.174468642
36678.9646882521
36685.5374122827
36648.7348080466
36630.126525678
36650.6363592831
36666.2549481191
36675.7089884064
36621.2437580097
36665.0014072247
36730.4714571815
36651.1006867862
36664.8127414988
36598.5977006915
36665.266094311
36680.7730514781
36613.2711387032
36652.6450852851
36658.2107845718
36657.9360035303
36675.5356712952
36653.0573228134
36676.9200215599
36666.3491797978
36638.4360000415
36665.468514099
36671.3278011457
36663.1114915271
36653.1477293601
36642.3421081552
36675.1196283904
36688.1074928421
36669.7890797808
36656.1182267732
36627.9916955678
36668.5680129109
36699.8382056767
36691.6761445646
36638.50668138
36688.3164005822
36679.188084027
36683.7329343811
36672.0799000095
36646.3858668563
36685.0040127131
36646.2298795206
36664.9791016716
36689.3526934897
36637.953777134
36676.0138375471
36697.9363413952
36655.6678193696
36620.2877034695
36711.1821884054
36682.2102170202
36613.6691787243
36704.2358556942
36661.4830032021
36631.261265397
36669.8231132535
36660.8802167169
36705.6225097681
36573.7542951921
36650.9951067304
36614.3551130249
36662.9894598767
36650.8726773328
36628.9677915306
36627.0233535636
36683.9569281661
36679.3454120811
36703.191370232
36646.9722418031
36689.7193399307
36693.7479693622
36652.6408920047
36690.2108160415
36605.9068608269
36657.5273237821
36594.9613971747
36670.6469721242
36693.0358745066
36651.3107619623
36667.6446640868
36633.3390831572
36689.7582614729
36657.5176168226
36702.1242441098
36660.1304393941
36679.7095211007
36684.7003487177
36661.2655763726
36680.409671123
36609.4509266085
36637.8636987576
36656.1431313434
36696.6596836184
36653.2858075533
36650.5068169951
36640.3527132251
36648.3881810582
36690.8473657239
36655.6340627279
36675.9477508953
36660.3733298106
36680.0198972101
36656.1284679568
36660.7505919446
36613.2861036706
36636.5561678918
36671.3965107599
36695.9089651862
36617.7403069991
36669.4528889831
36659.588993628
36667.2137396732
36697.6859647341
36688.7481512185
36700.7905785261
36666.828696027
36687.0034621732
36683.8035317728
36695.3976854259
36650.8979849547
36670.5778922289
36677.7411279561
36679.5260912299
36648.2309143917
36678.9963646715
36671.7383429778
36636.0242949348
36667.5350143531
36696.0979754639
36649.1824777852
36638.6411486565
36637.1694357764
36698.7942407354
36673.9585969983
36680.4645369376
36654.438878427
36643.2782003715
36688.258581857
36645.6845224999
36693.2121724636
36623.1006152296
36674.0526757848
36603.9096324775
36682.6151108131
36660.0413208089
36601.7813568683
36683.1525654548
36661.8528382592
36650.6060818614
36670.9393048447
36666.7003036418
36638.4781307829
36674.4129933558
36672.3862972842
36642.3954205382
36624.3694907572
36599.7762355397
36670.5116411744
36719.5054748771
36693.2283186963
36650.5162912006
36718.1110551891
36710.4545532492
36666.761378148
36647.3662838028
36673.9759745367
36621.3340175447
36653.5528090635
36695.142922406
36647.6184431858
36691.6317098145
36670.0798644583
36672.7545413441
36695.3922716022
36647.1936771135
36632.2756285536
36711.1956769285
36677.5311361881
36631.4583637116
36677.7158147796
36636.52263624
36676.477788601
36731.8559482278
36665.9501641148
36664.6137873202
36680.2501025661
36636.3853653747
36650.1161775896
36668.4017865391
36609.7822878725
36667.8577409672
36694.3904758398
36670.9608899925
36675.3126123116
36676.2448953108
36702.7527258454
36628.7967064813
36684.2367918851
36649.776753466
36652.4838601809
36630.4458232077
36597.8835838133
36662.1053600617
36683.1512519195
36657.2551850885
36678.0753422062
36621.8870631888
36645.3774693432
36607.3145924561
36642.4543327575
36698.3636089793
36650.4678089956
36674.3663779971
36654.0301003235
36666.7577411971
36718.9355622327
36660.0311757974
36609.2375354758
36691.8535850458
36661.3336025375
36657.4510265346
36668.1991106043
36682.0449532822
36664.9139220599
36674.1186013456
36680.5068384575
36703.8648967991
36632.5194772156
36673.2495289016
36667.0433283316
36652.848736984
36680.9855115439
36659.5117042791
36682.2543212638
36692.5997912173
36683.464402333
36634.2017276912
36735.9298005336
36642.2341301625
36676.3368085627
36654.970515199
36665.875985935
36658.3774381904
36679.9042247185
36674.1858568759
36685.2963278922
36647.1802580159
36678.1639971952
36669.8557785011
36635.8646174301
36663.2081919658
36651.0686331711
36685.8233757762
36670.6152767928
36671.2989019359
36659.8917728521
36666.8264809179
36724.3096393373
36603.9622200131
36699.4342341597
36673.2631053862
36645.8143210688
36643.0915171233
36658.4345604292
36704.2775036304
36700.2620828189
36660.8017936656
36662.7797163045
36645.8826564074
36638.3392525631
36655.5694603156
36690.1793836798
36704.2383872225
36629.1143709228
36665.2751675989
36652.4514523394
36653.7318966295
36674.4683081677
36674.0044753254
36636.1303553605
36652.827447228
36641.5029780782
36674.2940022754
36639.8409375073
36645.4775980151
36661.8452730837
36638.4612264413
36727.3132192797
36634.4817547753
36637.6554817231
36653.7674298721
36618.3622497397
36677.4335600862
36637.6683405873
36644.1505945981
36617.4625541368
36660.409984629
36680.6482908278
36686.5290763554
36626.6185050171
36654.0982628967
36682.2191906871
36669.6706586543
36634.6765291581
36637.4384334106
36656.0873291324
36669.3826203615
36601.7317464967
36673.0065499441
36646.1862111458
36621.3356463481
36679.6237141443
36648.9801434567
36672.987658079
36630.5716041717
36660.4964924036
36686.9309841475
36626.0840262353
36644.6836389612
36696.6176332281
36640.1792851896
36651.4003791658
36674.0198384348
36616.4362508987
36663.8211173193
36617.2094593141
36604.2687525587
36691.2044488289
36651.9442034001
36636.0212762576
36637.2532035869
36628.5278611879
36692.6637988453
36674.9065667193
36651.5149695901
36655.887982675
36683.3619768565
36635.0131576963
36651.4130680379
36609.2441397696
36593.9086725782
36657.1565050607
36662.300599417
36682.1719164339
36619.4978146235
36625.6100788872
36693.1629336105
36663.854136127
36689.7035014216
36726.0640482843
36683.3725154473
36641.7995457487
36654.8171557962
36641.1822841167
36709.897832935
36618.717426154
36627.3054950184
36671.6790761162
36688.8407376215
36650.3695354499
36700.5464037384
36622.9725465109
36641.5206648226
36661.3879054842
36634.9979687014
36669.8407778278
36689.2807526762
36634.3073797729
36654.0245158846
36680.625561542
36639.4283920856
36637.3220874521
36678.5094196201
36630.3187266259
36665.131836101
36671.6543877685
36691.3677388383
36672.1721843524
36668.0664423935
36633.0927780053
36663.7038697487
36683.430093755
36669.5493728479
36680.3166284514
36648.7085655104
36669.8420982724
36691.1609568578
36652.9364735962
36683.717383248
36652.7618586704
36657.480777457
36659.4213112955
36639.2848595371
36670.3533313613
36686.8326607314
36696.4608955963
36668.6580262146
36675.8713548905
36630.1115619613
36596.2371904278
36652.2601212896
36636.5554026403
36677.5712537037
36649.4909667298
36629.5189262565
36668.0228544901
36653.5931724886
36694.7328858977
36639.9763660222
36679.1760921072
36720.9417438479
36665.9353235441
36700.7776540277
36660.4055401404
36629.3869506647
36673.2544591468
36646.5066955573
36599.6260497082
36655.8170456725
36644.532623628
36715.7558361499
36673.2385148046
36637.3276039993
36698.835447993
36651.8112866462
36637.1906882897
36678.3572204647
36653.8747919329
36698.7848769335
36670.7406258179
36662.2692673212
36676.8174084676
36664.6483554316
36647.8567957653
36629.31183096
36643.9419969202
36660.8237990383
36672.404165945
36660.494970078
36688.4777127132
36698.1717810015
36655.7413577313
36665.6234379962
36666.3411089952
36637.8992045993
36669.2404341036
36652.7711231899
36648.7079755561
36658.7887930473
36648.8487462304
36619.6449530681
36593.7666047753
36612.1270940957
36644.7594689445
36671.6866956499
36682.0892820709
36658.2454811889
36630.7266533551
36710.1443166156
36678.9042958783
36634.6063663204
36625.8219230852
36625.9254148286
36672.3504892182
36655.9816168527
36662.76787221
36685.2519830586
36675.9403004938
36656.4274805033
36650.4823797938
36677.2385925146
36679.8947307451
36688.0844926182
36671.2336676178
36638.7523476387
36662.1211767884
36659.5398002145
36632.3589065656
36676.4269442379
36680.2020987958
36675.3537639603
36662.0881382137
36667.0393505705
36623.5959452381
36630.1698191642
36672.9201485073
36690.1285395598
36686.4315948381
36630.3025628038
36673.8827461458
36617.8311524475
36665.3697060647
36649.2045817379
36608.0517117503
36649.7931428856
36660.5118443071
36684.5464310664
36638.6279524854
36636.526651325
36671.3578010013
36704.476566066
36664.7296527541
36640.5331884285
36664.1457520008
36656.9015795724
36643.4769531494
36650.5511003165
36638.785210251
36662.0380519323
36649.5364788735
36662.3275381911
36633.5400844023
36665.1256673878
36668.0592234405
36657.4153477377
36627.230861865
36657.1988981782
36654.206685618
36663.6337026723
36676.9922710142
36678.5963305414
36671.301277819
36664.6717031964
36608.0781665437
36633.8804201277
36661.7621767739
36661.1117248244
36664.0801905516
36661.8055411479
36675.2184838717
36695.9629173846
36616.8774867125
36663.0901124412
36654.8953056082
36666.2850667824
36719.3324449379
36662.3998952718
36636.7803176028
36673.675736077
36659.0152653805
36693.0691944812
36669.7117280644
36616.0205695526
36660.1957197516
36696.9733850033
36707.0958891846
36696.3470595404
36684.8472355695
36648.4927976413
36652.0371447185
36671.8892526222
36632.8760095541
36696.6254988471
36642.2034086681
36654.405224602
36657.2920957136
36665.9004571251
36634.2906152766
36673.1324482286
36696.7959745715
36678.9318126436
