36661.5627827163
36641.8234979425
36630.9780205891
36620.0116001476
36634.3863310506
36644.451952955
36639.7759380933
36599.006266444
36697.8519874022
36646.9601843799
36663.3077789826
36640.1166919178
36714.1688701218
36668.8143349211
36655.7896873389
36653.975833492
36686.1659813222
36669.2298089173
36615.9451181289
36675.9468724798
36686.0322880435
36682.3694406523
36686.8518913271
36641.0837461402
36656.5570566438
36650.8113358264
36682.2623219634
36683.3698281112
36631.8448934339
36675.7752561997
36630.3113015283
36651.4202315786
36642.4748049776
36640.2337615237
36619.3294916535
36691.7218239883
36649.4301467205
36651.350313292
36624.8770327219
36654.8287601713
36662.557398206
36684.1731986556
36666.8696365768
36635.2397578984
36637.1965418028
36683.803672578
36646.9460820244
36676.6979709459
36691.8477283214
36683.1101099501
36649.2142044544
36638.5931011601
36635.420831225
36669.9743606166
36672.7734911452
36635.7362586288
36649.7822540936
36692.0270166859
36608.6879267289
36635.5292478689
36668.3419858829
36674.9422345179
36637.5605505469
36641.5988839197
36661.8718287432
36650.7079900196
36661.1983688312
36629.9215934212
36689.1560986727
36696.5599748176
36631.8688093177
36680.9912420651
36682.9673233186
36683.3720351687
36641.2299647371
36656.1396260361
36676.7723730009
36681.4003858532
36658.5524054299
36619.2959624683
36649.1599354881
36660.8976564191
36728.3539123487
36658.3283141429
36646.0641950382
36642.2160557963
36648.6752267729
36687.3280272769
36674.6992677041
36666.3972669204
36673.6273477135
36694.5060773263
36666.1855590984
36642.0638395017
36635.4415872177
36683.2498773993
36628.5613768577
36679.4170457982
36674.6958508584
36654.2371641101
36683.6062793057
36699.1947245959
36658.0202492657
36649.550818874
36700.993409764
36689.8657888168
36716.6526528923
36727.0339641212
36644.6206464789
36678.8726044414
36647.485505799
36663.1706787668
36670.8922250987
36681.6599073903
36654.813283212
36690.97963872
36650.3327085313
36638.2990761061
36708.2901954044
36663.6242020292
36657.5195372796
36640.4771564953
36646.6458562316
36599.5737454332
36659.0437050567
36700.5845390616
36659.6528241291
36639.5375838157
36669.4633326189
36671.2555515426
36651.7066964256
36640.6789061637
36632.3443122649
36676.9298145558
36685.4760241905
36731.4000712244
36640.8740074044
36676.710845838
36684.4594627344
36683.7014420282
36646.6361984769
36635.0932028631
36670.7846985898
36643.3940318946
36659.4019447743
36705.218351745
36658.4051355432
36649.7060452113
36635.9467169907
36698.1905413321
36626.6124499515
36632.8062882188
36670.4852582587
36633.5073346919
36637.4220802563
36661.8433879943
36653.8107636081
36619.5114620676
36660.4929621071
36698.7851608114
36625.8356843909
36590.7499568829
36648.7531976869
36698.4490637228
36691.3476665163
36639.7428227379
36652.2008981569
36644.9744282132
36693.681989678
36629.8568744809
36664.1464698343
36653.338025009
36651.4921868814
36647.0647601525
36671.2461175665
36660.1359342673
36659.1766029728
36672.4961871423
36709.9771449588
36639.4593607731
36669.3626683865
36623.5973496203
36678.5998061299
36678.1023389013
36667.392263025
36675.320702481
36661.4427610897
36648.1754817713
36664.908589236
36659.1208739124
36612.2240872255
36683.5155617578
36660.8993521214
36688.1349145366
36657.316900106
36642.504013277
36645.8596349523
36651.7237467798
36642.5595409624
36653.1120215516
36625.6442481398
36675.0425867255
36656.7181881669
36696.7842219623
36647.9975739082
36708.3684892412
36700.4235280599
36655.0976024609
36667.6617337652
36636.3753476009
36676.1745262696
36635.3967612694
36622.7814863531
36673.9373715868
36656.0814691931
36670.5697975696
36667.571256564
36679.0472482744
36654.5184539514
36662.3988940804
36672.5643151858
36695.8988897751
36671.7783694241
36652.4331131848
36667.516883609
36658.3928120189
36634.1699461689
36653.4625772654
36651.4049828965
36662.5844923809
36680.0876570788
36617.2890987594
36665.3816959766
36657.6007740426
36668.9085454029
36699.1275547873
36654.3476282818
36691.7610254273
36624.6958983834
36676.7893339696
36653.7486061608
36638.7553369493
36685.8146119858
36681.4309342792
36647.8461920372
36675.7720638077
36639.7851651409
36701.0826236503
36692.6508880417
36664.1842332999
36716.6873450781
36651.267462636
36682.1047938495
36660.0119057312
36712.9740529773
36704.4403830244
36654.2273027899
36663.4759771092
36682.4392652909
36617.0374653577
36728.5822213763
36634.2940904129
36657.6567478723
36666.5574724974
36673.1186617864
36645.6080838905
36653.7603398032
36629.6256713752
36661.1059047109
36665.2692062644
36658.5630269368
36638.0365269455
36677.711606305
36670.529385323
36700.605493721
36628.2252168624
36678.8934398892
36640.7128793239
36657.4849964324
36645.5823820617
36658.4292743366
36673.1145443874
36603.0981287317
36678.5654944061
36632.0354720244
36647.3581082524
36684.9515315812
36631.6090706644
36608.117238033
36666.6345126686
36640.5178938485
36682.5302136865
36661.8117814607
36705.4067695788
36657.0364705978
36688.6418991271
36659.8253471399
36666.8505070263
36637.9901314721
36707.1232326076
36622.4202606059
36654.9008546217
36700.0256892704
36668.6380886615
36663.1244820028
36688.9075679264
36637.8618221998
36639.8641666891
36641.121850926
36684.917732419
36683.0044763592
36693.682766587
36698.15464511
36691.8141065273
36686.1813339086
36690.3643873626
36674.6514385703
36673.8741933131
36695.4126338047
36664.4782344544
36659.252244772
36698.3526097199
36628.4701301005
36681.3016758613
36658.9818674908
36651.2872596135
36655.5860827756
36652.1823717854
36634.9633329004
36650.6874705561
36642.7277218616
36657.7605589419
36626.3681403422
36649.2547992468
36626.5572473591
36646.5952439457
36666.0190653555
36597.9183541854
36697.6826171693
36638.5420620933
36661.5398765551
36668.6868460693
36620.9893394074
36738.6510925764
36674.7598330102
36631.5417975131
36662.360336778
36648.3573850759
36638.1727649722
36664.0800707601
36667.1675900285
36669.1107728719
36612.9382597476
36646.7794437701
36643.7894719705
36683.5817848429
36650.1820016915
36621.8964620506
36657.1612490733
36698.5073211727
36644.3924547067
36670.5627294562
36645.4932819848
36653.3302815923
36676.4686604325
36602.2778259157
36714.7102508032
36652.7074138658
36661.9911041217
36645.3355652434
36628.8037999639
36637.4040117878
36679.1339012281
36681.4841339792
36650.6561730329
36722.5612558352
36613.6419674398
36685.3097306131
36639.5156095894
36676.3409253293
36612.5700073724
36627.3519245565
36684.313635474
36645.2737350912
36647.1216540743
36674.6629329289
36670.5826465559
36656.1466339335
36669.8036094524
36631.6442698562
36606.3444229279
36661.1132639169
36673.5859771921
36620.5227823989
36653.1461047586
36659.3395294542
36671.1830361893
36666.4187082414
36676.2668439464
36710.6638026318
36669.8906102548
36663.9739513325
36711.3962488576
36657.0651120216
36670.0456075246
36712.3019641905
36642.7956500905
36699.339302799
36673.3937897114
36701.3426026167
36667.5140104001
36655.2311714838
36660.7885153498
36679.0758578297
36717.3860866493
36655.1891067753
36645.5412574106
36670.4871030354
36652.0493263546
36683.0078178065
36626.4826363468
36669.9330892071
36660.9391463666
36671.3677019002
36667.1451438296
36678.6104261409
36629.041171074
36639.0397010584
36602.2307345908
36638.9059237736
36654.4719919362
36645.6389247939
36665.7111085224
36634.3963869362
36659.9366784497
36669.5243898245
36699.5031815066
36614.3865204366
36649.2627605548
36675.1001509976
36620.6015984287
36678.1835639258
36613.5423975758
36657.125713977
36658.5351524406
36650.9296515025
36560.7289864077
36613.7719207918
36664.149495423
36590.6364357908
36693.7314223352
36699.6716862451
36674.9483578015
36682.417332742
36693.373552213
36663.7935474578
36688.5851038636
36661.5479368569
36675.0474487296
36638.7922396599
36688.9847423987
36666.5247673581
36671.7462568219
36646.3249101349
36666.8559942935
36660.1684793549
36664.5301692962
36665.6799421478
36683.7094405297
36695.8889027429
36642.1060414059
36681.9228249147
36660.2920454027
36637.0330699664
36636.9270915347
36674.0091327142
36621.988786739
36647.5016968156
36622.016590126
36638.4245171588
36687.0398242095
36683.8453627384
36640.3480838189
36697.5452191178
36691.4462397286
36693.9008677412
36624.1774391712
36696.8903051058
36633.2899876953
36650.0015472302
36641.3795140139
36672.9999848846
36661.4532343447
36642.9643484041
36643.3108967011
36705.6893079345
36622.0914810051
36698.0943582008
36658.6234539149
36621.229288186
36680.5993032128
36620.6235757907
36626.7131149812
36648.3187521426
36638.1500341049
36643.3772921412
36637.7195726851
36656.6252815007
36700.6972347102
36679.2894919013
36694.9241085809
36651.766563414
36694.3328549718
36644.874901106
36671.0573270991
36670.1263465529
36664.1565994836
36648.0962947364
36602.8265296783
36642.4136437447
36624.1947025657
36640.8964389827
36684.0991203221
36643.5159297324
36602.8202990783
36659.456139558
36675.3162721923
36695.5229565414
36645.1447026374
36655.3107236626
36678.0488659007
36646.252330763
36703.8494844366
36666.1483515183
36665.3963132394
36672.9768199541
36636.1604821569
36662.9741705977
36700.777897295
36667.4364985405
36738.4966127689
36666.7721132797
36641.3015116179
36618.4506131859
36641.4409253516
36661.9774000805
36662.5313682035
36629.033054035
36681.0835790986
36653.9760829333
36673.0862845325
36678.0359008739
36692.0537339121
36625.928247467
36646.0677586349
36663.0777079125
36660.7617026239
36635.8219008427
36652.0651532949
36652.1982779598
36690.2103538395
36632.3172946754
36646.2723158719
36622.0623697942
36660.5713049471
36670.0452217881
36633.5053718554
36659.3090650702
36631.3399305641
36666.4639281002
36681.4482666358
36665.6458407475
36670.652651162
36671.8067707982
36658.8963976519
36667.9784404241
36682.7985364121
36644.0396207716
36610.6567591868
36673.9191119403
36667.8722573889
36686.2637107584
36652.9721339472
36626.6129097024
36660.3619292048
36690.7141376745
36622.107545107
36679.0638924296
36694.5820894228
36635.6085250515
36686.218397765
36656.0300281627
36694.1773378965
36678.0097366866
36641.7869943544
36652.202501198
36634.0109986266
36673.256443226
36703.7585359397
36655.467490398
36619.9238409302
36695.1334547378
36642.6792816038
36678.33426478
36600.8750015381
36699.1660574848
36654.3836747691
36673.5117566125
36663.3780860437
36698.0000941513
36630.994732768
36582.1678166494
36641.6693201837
36710.7710796055
36620.9816781981
36677.8935034026
36694.9668985594
36621.8339853918
36700.096073688
36708.8873039669
36647.5119049533
36625.3476316871
36664.9565362974
36674.2604968252
36667.1615746294
36659.0415444127
36600.988776571
36675.6092813311
36659.1878550728
36672.6492780595
36657.3927737148
36715.1668027295
36625.9678190804
36675.8490030386
36703.6500811965
36646.6356833518
36640.0178715207
36656.8662767208
36678.1574103032
36657.9886788211
36680.867320879
36697.489724527
36636.1823952075
36665.6664511339
36676.8171420721
36669.4262713431
36713.1046513007
36697.7626264325
36678.6022615549
36685.1968240634
36672.8450383365
36663.4052480569
36651.6717098098
36673.7071259511
36663.1797470816
36633.9350475216
36639.8657762998
36676.5325504812
36682.6334015908
36698.0190353817
36657.6842665449
36619.2835836178
36675.7732571418
36674.477075104
36629.3161520364
36689.853530658
36637.3209165008
36698.2842428239
36630.8495659512
36664.2540758819
36629.5858369137
36609.6418879124
36690.2039177922
36654.8784676622
36663.0853757621
36649.2084796383
36629.2735972144
36644.0488326781
36620.4751296869
36641.8160704858
36705.1423310922
36679.4679247589
36704.6578110339
36654.6718164766
36662.9594612949
36647.2819362082
36676.7413324879
36643.507841562
36627.9260806514
36662.9487010379
36684.7571472274
36675.4897567279
36632.0896245883
36672.4693942408
36667.1145598118
36700.3329914521
36700.1760885012
36666.7534462027
36622.0371446008
36664.3823528175
36637.1049137234
36619.7378469454
36672.6914598458
36634.9412405402
36646.4828990093
36656.2467729676
36705.2077701988
36679.3458280954
36671.681376825
36653.343569377
36665.614625092
36672.6561927915
36670.9170162353
36662.222643332
36688.193611214
36654.3037955807
36670.9625698661
36655.2591815772
36692.1234034483
36648.0236787354
36620.6678448819
36684.3374115497
36655.6779803004
36636.178133653
36636.3787864235
36671.3070267363
36646.8196198682
36631.6422718615
36617.4512638636
36675.4527147663
36643.5940624933
36606.7172059936
36634.7860054761
36702.3443672835
36638.3358518982
36676.5516634271
36650.6881207963
36684.2344866765
36674.974125029
36645.1805292936
36666.6342976267
36657.6582710386
36669.277944071
36652.8618266843
36673.9956357349
36662.277645368
36658.102030468
36658.209522066
36660.2701279404
36674.8086325821
36667.6553202927
36625.7418381927
36680.9348975763
36679.7531945992
36655.2745964536
36680.5873222268
36668.6334223981
36674.5304993363
36687.8219202266
36637.3132744109
36622.8807047649
36695.8585502126
36610.0837960498
36647.627349492
36655.0338080266
36654.7324951336
36705.1609304124
36649.1122671499
36665.6535412175
36617.3428693031
36658.3657610081
36655.0606917308
36683.3105364895
36649.5328367057
36617.0801626594
36651.4934489277
36682.666474195
36672.7265218554
36651.205002308
36704.091153815
36655.3635119282
36716.8423741972
36648.3863081765
36674.7392460162
36653.984041423
36639.719573567
36687.0875444239
36677.7002165385
36667.3005966041
36631.733428992
36684.2440634635
36626.9276679524
36641.0543906119
36679.1552708823
36620.4451518517
36675.7485180096
36676.1902511636
36671.584609561
36640.2303222541
36635.2823552156
36664.3402477747
36653.4734961741
36681.6351842662
36650.5681820065
36657.9612386212
36632.3305732118
36642.924735802
36659.9195895098
36628.0704038624
36623.9832483044
36602.8939597518
36689.1437936176
36576.3467255622
36661.8987354744
36674.5196910826
36620.4978456169
36724.7707156194
36642.9378692294
36670.6397953851
36684.5336649104
36648.1377818019
36675.1089642243
36641.9591707361
36680.3176714255
36659.174525611
36625.4620565274
36664.9378318278
36675.9257948562
36683.612146604
36613.4034283437
36619.637187286
36645.5565769431
36655.0301096977
36653.7875969234
36727.4589163387
36664.0423671481
36644.3923882465
36637.123786344
36673.5660725834
36656.4903092695
36650.6886591077
36698.8162287135
36661.8237502266
36720.4410766033
36644.9323140703
36642.7928707711
36715.6905766287
36663.6803702676
36660.0794330925
36663.6088725965
36653.5249094256
36669.5374112907
36605.0780162449
36646.8771284519
36668.0828885776
36619.7460958757
36639.4216368801
36712.1960140944
36682.2573901765
36686.9258986624
36668.1292605533
36656.0769419602
36641.234266332
36667.0195688813
36631.9233822046
36702.3906870796
36651.4879661473
36642.7955336428
36625.4052957154
36660.5301637138
36672.598073581
36600.273389108
36669.0324678418
36657.5388909277
36579.1979062611
36649.7758728993
36651.0775418426
36693.9693051626
36639.0243486903
36671.0492629777
36632.9240321049
36607.5967636239
36636.9398302311
36687.7988802557
36650.8684483004
36631.529808967
36646.3152787776
36659.1955422325
36632.3242084732
36712.5100347385
36657.6806445302
36695.8200045182
36673.5412309217
36606.8431768004
36634.6342951756
36664.5104781662
36676.7289286252
36684.8904448449
36673.8363910652
36613.7613413814
36702.4876431269
36647.7301515456
36631.9199501958
36683.2895494089
36639.6423056721
36662.1782094456
36682.0785572837
36629.7398266796
36673.9192535966
36645.1442096329
36704.5139273583
36576.0449751449
36679.9016622794
36673.5763458288
36635.3005440873
36678.4190652799
36703.0131567481
36688.3913155137
36646.5177066869
36661.2582506429
36646.8855967762
36688.8182282512
36656.2470970029
36682.7247277901
36678.1945662134
36621.1754911746
36641.5881720968
36626.0515056687
36652.0665416653
36671.7257597113
36659.5738211352
36711.7768188938
36634.7679056438
36618.4782216617
36649.0563596522
36701.425666454
36670.0028757228
36669.5600528039
36680.5466171305
36729.1650597316
36652.0767524889
36642.3083810531
36667.5905821366
36662.266431302
36664.3957152194
36676.8097559945
36641.7496292494
36652.1815434841
36620.9187327492
36693.3861646509
36686.8358997871
36667.5892923339
36648.8966722383
36648.1872198104
36698.5580305142
36650.6541675245
36671.7952339834
36686.170920604
36628.2753993324
36682.9511169288
36673.1080419025
36636.7460518669
36720.6921981998
36661.4488504507
36699.0857548413
36636.652033757
36699.2339379422
36652.0420379039
36641.5592839962
36644.7924080251
36650.5080006083
36643.8993984998
36653.1721048923
36670.9606931079
36686.4705839747
36637.9072394689
36667.7672027623
36662.6006310612
36668.9492608977
36649.4467217568
36654.2946149614
36662.0375464526
36658.0674208741
36646.893882181
36697.3218800296
36629.8540303218
36696.7088494305
36647.3556117197
36714.147786976
36657.8252502598
36681.1249907949
36651.4813684287
36618.2908814106
36660.5670070978
36681.9366563428
36655.8863497682
36658.8872191632
36694.1758350435
36659.8281815811
36650.2874233328
