36663.8119313019
36720.7190265528
36727.7912410802
36670.1210854936
36658.8482759959
36704.9722415792
36679.2930901459
36671.6426542268
36683.015041536
36665.3985063136
36670.1089417442
36665.6897395012
36677.0482739536
36726.21450542
36706.5713482676
36701.8177259332
36693.4087318079
36704.1651354367
36683.3093082447
36690.8883477559
36722.255914374
36674.4130534977
36702.0300107066
36681.2910724889
36679.3284096397
36734.5906591263
36730.3643192738
36676.4646133351
36683.006831881
36668.2647481431
36679.025957719
36685.659379571
36681.4653075216
36679.9948145741
36704.458009392
36668.5349289446
36670.2916456943
36706.7956956677
36649.8795067789
36725.8319191662
36716.4884523179
36683.7234339081
36668.522018003
36681.5832240287
36671.7397006512
36668.9543120045
36660.9584629179
36674.5771274472
36680.597747535
36701.5930280881
36692.5118513188
36676.0824160764
36715.5360910318
36665.6260381113
36671.308131716
36666.897296208
36681.5945805542
36669.5018196367
36662.9440227734
36668.7454030015
36676.1469364163
36724.9247265088
36665.4175482717
36668.6116309525
36675.3452036151
36688.1477116675
36663.2669167667
36670.8112174369
36684.683440017
36673.8133673631
36673.5071316132
36674.4673248011
36726.9819560344
36685.9241449798
36671.2774371681
36724.8351429964
36721.3115012142
36677.1578593074
36671.0459274903
36676.7442129073
36674.4564355661
36666.3787621245
36668.201622428
36663.1831596789
36660.6036244254
36670.358417747
36681.4185572171
36723.2435145053
36684.3611981026
36726.084672323
36679.5712045971
36662.3291190265
36724.1713518449
36681.5929351727
36732.3360763022
36682.2301192673
36668.3481091577
36675.0073997706
36693.4549966995
36665.9611049055
36683.6233119217
36708.60927757
36667.9443467282
36668.1911945812
36667.3165331901
36675.7436064424
36678.8884964862
36677.9949713188
36673.7528050693
36676.860950473
36686.608014417
36676.3146048189
36724.3221634175
36671.3319351463
36673.2115696094
36678.0619287262
36731.7449246713
36676.7078802511
36672.0969309028
36696.8855400474
36672.4603292564
36666.7515170366
36708.4528886665
36711.6711501453
36689.491117919
36667.2467884621
36673.6530054683
36721.9217293084
36722.6121766897
36717.7418815687
36678.108569759
36672.5468963479
36675.8265108428
36677.4347737696
36668.9017022535
36685.6857014957
36683.9694886795
36668.3961456914
36672.4844060766
36660.8121931854
36668.5993876981
36669.1679511858
36662.5145070731
36671.8239977285
36729.7383329232
36679.1023224613
36668.9095933972
36661.2610119862
36673.099514765
36681.4043912621
36725.6090015258
36716.642380006
36693.4156035579
36680.9182233892
36697.5145920752
36674.9471146778
36714.9157909759
36678.3254294041
36660.9182249923
36655.8884089076
36672.1814395751
36676.9594181461
36673.456704449
36674.8271451456
36682.0483354775
36690.3773461862
36677.6773493791
36719.5859032735
36722.4904846734
36726.1681625042
36668.7721320821
36681.3699700522
36676.132529226
36672.8170750104
36686.4302992951
36689.6959587275
36670.7636067969
36693.3129450076
36670.4491417138
36672.1575909793
36678.8282904227
36671.6291210081
36685.7641167972
36713.7438686774
36668.200316129
36667.5065048343
36686.0705381868
36673.766211388
36677.7603606365
36671.3906130295
36681.3348201933
36675.4559792507
36673.1389267623
36710.1668020129
36720.1123216546
36651.6313820905
36666.2043581659
36684.5745599289
36686.3741425804
36690.1455044973
36691.9942705451
36723.42565324
36672.4417411895
36669.5833809888
36671.8332493529
36678.5925997403
36689.413116215
36687.0755912638
36679.5046033789
36717.246842357
36668.4467925207
36664.2965247657
36680.5681546092
36730.7532589456
36649.9301698014
36669.2751515055
36679.8680165435
36676.0939994762
36696.7885802532
36661.7141809314
36665.8210616034
36681.4624529935
36687.5632081804
36733.3784491065
36737.3091025934
36680.6023892749
36671.7044446384
36664.8567892419
36693.1466824642
36724.3473050526
36669.4336594368
36676.8387953813
36676.1600330823
36692.2966903357
36716.094982814
36712.8345118113
36684.3705381062
36674.5605495435
36737.2759432934
36678.1319468436
36678.1722295643
36670.896392004
36673.1682448809
36671.1494391212
36667.6097333418
36684.6347119115
36691.5003137597
36682.2720337058
36665.357966273
36663.7599359276
36666.1924849972
36670.4920303229
36667.464834127
36669.6520681441
36669.2347553978
36721.5847276861
36680.4467770924
36692.4336907539
36682.8656960278
36674.6989366774
36721.2075472915
36669.0135900523
36692.5463068049
36661.3993266574
36687.5231484754
36669.4561619126
36671.0071311389
36670.0027235818
36684.703712472
36718.2169328377
36684.6130170899
36681.2555647618
36687.0098626154
36708.3808534491
36685.7691372432
36672.3363118927
36718.3942942793
36661.9441680283
36666.4387854815
36675.5768036713
36697.6276187807
36668.7867211638
36736.7279048648
36679.7764400421
36681.0873419715
36689.5434811288
36685.8395402109
36674.6612124041
36678.15834198
36671.9174701417
36668.701864847
36720.4028761337
36668.5465175865
36664.9023254856
36720.6246747872
36676.6711054446
36720.1847249993
36692.4630590851
36722.8497556397
36675.7787660074
36683.9525375772
36716.8704691082
36666.9676809691
36673.2473377294
36670.1589347371
36665.5447617533
36670.5950569475
36727.9842529702
36671.4803600872
36676.6362464717
36714.0172436514
36669.1420434479
36717.2995565631
36672.1766947808
36674.5381421219
36663.7076777972
36672.4616370161
36718.7058992087
36684.465757537
36683.5129079489
36687.8217104548
36668.2432185788
36693.2709855159
36730.5231743169
36678.822019708
36716.0736340153
36656.5506964455
36671.51373686
36671.6726038023
36672.2003612576
36651.0899144357
36681.0507250011
36721.7756317749
36670.3716506526
36666.6896102505
36686.0718750291
36682.2702857502
36672.9120807158
36662.1850969784
36671.2465704663
36666.6143593883
36718.7038865757
36671.2626449821
36678.3792930742
36660.9255541506
36673.4800559654
36673.2812157641
36691.9747197005
36667.837936712
36685.4732499081
36734.1432532217
36674.9828109473
36693.3096016962
36672.6694915904
36666.9275717898
36680.9636512951
36706.2217228288
36669.313226946
36683.2661899629
36681.3028839351
36717.7393285108
36670.9791478335
36728.6114964018
36667.2467177135
36663.6462778346
36661.8159442655
36669.1319304225
36665.345915031
36717.3286391185
36664.1542625369
36684.5022126775
36684.5558517802
36716.5003343764
36672.0274768163
36675.9564158943
36709.6033439477
36704.5040737098
36727.2809912822
36672.7689085118
36677.7876209883
36665.6898040562
36676.3727855966
36679.8317925089
36668.3701921718
36671.0151781575
36686.6615464913
36689.2511765128
36699.9903245855
36668.3454489779
36666.5345871368
36664.0921415117
36677.709113101
36680.9116741037
36663.6979603532
36684.9811093737
36691.9495752402
36680.7009683704
36666.2878656775
36712.3832386803
36664.8016227745
36672.7557727525
36672.6906741146
36669.7726528575
36686.6588611761
36701.2378940811
36675.8231216968
36685.7412939964
36675.7457728188
36664.1526635046
36666.7434653757
36668.9648776184
36699.4744469805
36732.2526522538
36670.7622618333
36677.4200342645
36707.2681747271
36708.8099519206
36670.7330604624
36688.2944154489
36664.3951507252
36679.3796285112
36680.5817457981
36682.4821191896
36664.5055477658
36681.5907123437
36706.2913976971
36664.7644367703
36682.7669750872
36686.3541267199
36680.2012212748
36720.6289406415
36681.7097153327
36661.3581668384
36692.64161798
36677.1691595725
36715.1014652089
36687.491785814
36662.6649603081
36659.6728549048
36679.0400653752
36675.345646898
36673.6854719767
36673.1188876196
36706.0610273744
36735.4825491089
36677.5869038493
36679.7111504936
36682.1636597914
36685.7611922588
36661.1585251745
36677.0157291371
36671.0854684631
36661.1966234309
36719.0751014708
36716.8034586313
36725.8084451385
36690.7798581414
36659.6444630824
36712.2571704643
36668.2544178404
36667.2548358241
36703.0378098013
36668.3312755499
36671.5616556499
36672.5570205536
36723.4807973123
36697.4492644809
36673.7019664148
36725.3287485088
36715.8286247111
36722.0305500242
36724.9752749682
36662.3799954396
36671.6046820625
36671.554760573
36694.3509625623
36696.0302800405
36674.2317008211
36655.8266471961
36677.9156894528
36659.322220885
36730.2969011636
36687.5102793868
36717.8673323727
36665.6901073275
36677.4228800707
36676.3941478172
36663.6846210577
36702.1457398288
36719.2432989577
36693.6706166958
36698.9267980301
36666.931020514
36729.1646525571
36683.315166378
36679.7479874045
36671.1646831721
36668.1118192188
36668.1305792415
36665.396605752
36663.3913454714
36693.0581081129
36677.430621888
36674.2307913021
36654.5504227995
36681.4391555407
36675.0173843824
36679.9668957541
36684.3694261944
36695.592859054
36673.0634749166
36737.5818228933
36679.6249112299
36685.3429430826
36650.0635748089
36710.0228425935
36674.03919815
36667.3035383232
36668.2321884698
36682.6267655864
36671.4062014489
36695.9822389231
36708.4749606659
36681.2942031691
36675.6081604631
36684.4649952331
36663.5645471583
36667.4358374275
36670.2875278297
36730.0646445826
36707.2572933872
36734.6452512871
36712.1337888415
36679.476288364
36675.6261925921
36724.7411992352
36676.5695375682
36733.8474301959
36663.4431317474
36679.7681094898
36714.1850076985
36671.4225732012
36719.785831409
36725.4411053079
36679.1167082287
36736.2316615339
36656.6705303237
36691.6625725892
36669.8333011644
36673.2277751769
36666.0909570393
36665.9920468709
36675.084261391
36668.364869623
36712.7061366448
36675.8760949813
36684.3266342615
36684.398064338
36683.991205766
36711.1244056896
36667.6272665507
36664.8335537001
36662.4286746691
36671.2394413793
36698.0336900072
36692.1374531898
36676.287461082
36682.6470362636
36712.8248591806
36665.7036876653
36678.2173997644
36674.8091376833
36674.6396304369
36681.807337662
36726.659849484
36723.6444428117
36702.7401653485
36688.4017395707
36668.2767053653
36696.9599022052
36711.0823974848
36670.0720285186
36719.5297189014
36689.8721696466
36684.0667021061
36682.7543894688
36681.319189885
36669.2571902035
36671.3277483823
36671.6061846746
36668.2632799813
36660.2026876399
36730.5436967678
36671.5297959853
36677.4800557684
36674.3876746952
36724.8781894381
36673.2035290615
36717.0378777267
36718.4514194915
36664.7007882826
36672.3943851491
36706.4237061333
36664.3802921273
36666.9284381411
36673.5977600384
36671.8656505853
36736.6186987257
36679.2677694952
36674.3098297324
36682.3420812786
36662.1887555075
36679.2870131505
36680.9032596603
36685.9182437993
36685.1163186965
36678.2972137121
36709.9397504798
36661.6858089985
36675.1199987695
36673.9533396401
36671.8239959284
36726.7524128964
36665.582356368
36674.4391018439
36676.7838101073
36711.7993905008
36680.9719543907
36678.4654797613
36681.7925128436
36657.0149461202
36688.4110846059
36660.9202779848
36714.4106202375
36692.2960008895
36678.7242204316
36681.3145672211
36682.1954923038
36669.3529137689
36681.6131826995
36670.3789214675
36680.9864128709
36688.2837126796
36680.4823183011
36682.8505925799
36718.7084552754
36706.6810332048
36677.596838301
36680.4626466674
36691.4054417722
36703.5786551201
36684.6816310943
36722.6423693587
36672.1293167308
36678.7541507346
36690.0066525132
36688.2791264944
36684.2324816124
36683.9417285318
36712.4412183913
36684.7779144753
36670.8977994562
36686.0537798018
36677.59486178
36671.5139871359
36667.1184370548
36705.2751428626
36669.0013512105
36683.7485252134
36650.31046397
36677.4921789916
36683.9316230913
36726.6409761596
36658.1033080018
36721.8583967966
36708.2952776569
36675.5247591929
36678.9452816231
36731.9002017628
36691.5409091065
36677.7579943466
36680.0521981715
36692.754451093
36665.9691528239
36670.911168686
36660.4384282024
36715.9663360074
36727.0888410641
36717.4286288336
36681.8413455527
36697.972986488
36707.832115056
36695.8451340131
36670.7365205482
36707.2095560092
36669.8032072815
36672.4268999844
36677.3922917897
36656.665786589
36664.730762094
36677.4491148041
36704.7318730324
36667.9019035038
36726.7861778215
36678.6645029643
36672.0518864206
36657.3459706827
36715.6130443809
36687.236519391
36678.8175746551
36668.8889871333
36672.9723205563
36670.3888040595
36686.5823919066
36662.6608543857
36669.7803861971
36707.6959515672
36675.961448507
36688.7749672517
36734.678590546
36686.4301149699
36681.0536063432
36681.4145299336
36685.7749202017
36672.2534010192
36676.8166400319
36688.7393552962
36687.116979544
36727.4896584053
36665.2684243385
36724.377886337
36676.3785840201
36680.876159611
36682.3665976329
36709.9508750913
36731.423424823
36690.8238239358
36667.5083451178
36673.1147848294
36672.0681470027
36667.8342433086
36678.6720362982
36670.753094595
36677.3987667363
36667.0499752634
36673.1911887687
36684.7955878577
36674.7488270292
36696.9046940526
36727.6332727431
36672.3564725868
36677.6345097324
36673.3999978292
36683.8475753634
36667.9701957833
36660.7153915814
36695.0799789294
36702.1453969497
36685.9862889067
36686.2579638984
36687.0161654835
36681.8891724491
36670.5256858417
36686.3220772523
36663.5734959421
36661.0496921139
36682.1250067247
36690.4251648062
36667.2628891425
36667.7874895967
36692.8002247515
36676.2632639657
36672.3515760573
36682.6461906908
36671.7053950681
36689.4994065199
36716.9814521733
36674.9243996599
36723.9112937508
36685.3567364375
36685.9110709921
36662.9195512532
36697.3047966768
36682.3584426671
36690.0250632179
36724.1496915629
36714.5887146458
36687.8423506052
36653.6924512229
36727.0340694398
36675.11777152
36711.6163041709
36672.870047449
36670.1341978621
36663.0747613163
36677.6162521346
36663.5259271113
36660.8873658513
36679.2435001304
36659.0261780337
36718.9091675322
36672.7486168556
36657.2295704853
36716.8207101593
36678.8767709486
36710.6122675135
36715.9685369108
36697.5467982089
36689.4846503768
36695.7866617382
36676.6467888127
36677.5263600271
36670.5359113978
36674.004651131
36681.022843401
36719.3866482449
36670.1613144038
36663.2842351809
36679.930122162
36720.8679384061
36672.9555839922
36672.2645871575
36721.400432428
36670.5507701369
36710.872945056
36677.532189843
36685.4871192617
36722.610708081
36694.8491550328
36688.770770781
36722.7791729715
36696.2821724837
36672.9160695025
36688.8631536587
36686.5763776072
36670.0773971805
36724.1647849564
36687.2286421549
36670.0745239537
36683.5445179842
36725.0240152213
36659.5087259892
36731.8148848078
36679.9353968957
36676.957172053
36724.3981885786
36704.8127958089
36715.6652475287
36709.2469673436
36663.5197720212
36679.8678823624
36664.3253626093
36674.6981055823
36678.6442334926
36681.6070515006
36683.9227243007
36691.7000197222
36667.7955700682
36671.5491382689
36669.2632556696
36675.3963514479
36684.3456565134
36678.0135298751
36666.3363571688
36683.5008134564
36728.8917532288
36670.3974882726
36690.7102099666
36674.1921455852
36683.4736626851
36680.9127999252
36676.7273878036
36675.1874409352
36681.3019949963
36720.2745637926
36702.2598236347
36671.8022894277
36702.1258330118
36673.0061524409
36681.1072607078
36681.5449270213
36737.1638308744
36668.4806665792
36668.2103028696
36677.2726127697
36667.3834300874
36678.8318228916
36683.5495785171
36717.5418964264
36669.1361190388
36671.0700209301
36675.6675824058
36678.6134201373
36674.4958564847
36660.1262556315
36701.87962297
36672.9544274025
36665.4812644512
36690.2946823091
36671.773666632
36682.2519807366
36664.3978293762
36689.3657173767
36728.7710038345
36674.6549739984
36674.9564434838
36682.0958069704
36675.5867378545
36688.5196614465
36681.8964912985
36687.5423076481
36672.8145213315
36681.3297582961
36672.0039917068
36684.005291258
36675.7535497702
36681.8277817511
36678.0091617926
36669.3658288309
36728.1884116812
36683.9360442801
36732.7404804749
36671.9441971489
36682.2963644339
36666.1356984221
36675.0056578162
36683.1430532285
36672.4068947904
36696.3049576667
36684.2921954648
36712.030838362
36707.7549436859
36708.4218846138
36677.7100098
36676.9309261005
36673.8833060387
36675.3618878083
36675.4780442427
36726.1990625989
36662.4490518724
36665.1818655933
36668.1725440017
36667.3368655995
36704.6999051642
36667.4342439773
36668.9427591536
36704.4741689073
36660.0950817406
36691.7579457488
36687.1459797782
36670.3719966113
36666.977691308
36668.7385950248
36665.9395916209
36715.9031258538
36684.1447998606
36673.4216288016
36679.1906122653
36673.2119192093
36662.5907961199
36718.3313525024
36720.9231357849
36674.469072486
36678.0812711451
36725.1793335782
36714.8883554632
36671.1235306235
36670.3250105745
36723.0439335184
36720.5692876687
36665.3124696584
36663.8855411275
36678.421172033
36724.6764005176
36720.2371837611
36696.491657308
36674.1616891711
36671.9534836916
36678.4838180345
36681.6054663383
36723.1082663201
36711.4129480113
36664.0667934116
36680.0493920284
36680.5902912103
36667.5951578315
36696.6251785248
36680.4091604149
36666.3844566393
36702.35958453
36682.6153107752
36670.6593469079
36719.8530055027
36658.7564748496
36676.624504094
36669.3295744455
36682.595812977
36677.4013317113
36692.8846979843
36708.7607652321
