36820.3777687237
36800.3123307422
36826.297012857
36842.2987657781
36793.4752861752
36861.6256932241
36820.5814804609
36822.2142191286
36771.9632969902
36824.8134184947
36679.7874127636
36854.8009915249
36851.5531555732
36800.5563314017
36792.2871342282
36898.2272063781
36724.879634339
36848.857295653
36821.0004215197
36820.0116089048
36725.0797976657
36770.7177393051
36754.0114730361
36888.960852439
36851.0038821368
36872.2011940516
36796.1869613155
36831.3231102629
36786.2212309925
36844.4506738774
36849.6356044152
36767.1012914871
36810.9102091036
36775.0448085504
36835.0117680427
36714.5395523086
36802.3543962265
36733.8923673297
36765.1562098622
36822.5889032491
36816.6438688145
36785.7202466801
36827.0939911618
36788.31068952
36788.7460905988
36760.6972912488
36776.5947748498
36728.4133465403
36881.7714544401
36759.2641193911
36843.1487162595
36756.9596238771
36849.7769670984
36727.5795671365
36880.0806078348
36811.0542736169
36818.360297347
36695.4926414557
36762.894568752
36715.0153051122
36773.276189599
36776.749234395
36894.2072694892
36879.9991881638
36755.2965878939
36739.2676236291
36771.0040709734
36758.9064298902
36840.816011403
36816.3794832587
36838.9524209349
36692.0862218969
36797.5810393037
36770.3389804258
36764.4960337744
36766.0848093027
36737.6319729531
36814.6815635811
36795.9845320893
36865.7740671138
36774.4682592943
36880.4648112654
36771.6109841286
36965.6614549268
36760.5130343181
36782.0460789472
36740.5278710664
36815.3835701955
36747.6196274756
36833.7511305413
36840.0811149021
36694.276503672
36831.4899305936
36809.9444221281
36888.5670153733
36761.2351445132
36801.5763281871
36735.0836664061
36833.2474322734
36733.4873194673
36758.9554941682
36841.2120048839
36808.5532698344
36756.110058777
36720.2094683203
36831.6961064392
36764.9097617938
36793.5599067169
36828.8672435842
36831.1644980497
36870.4666189766
36776.1076865512
36815.5116378002
36796.5020166456
36865.4961413107
36759.8713177905
36839.1621684038
36775.1892524559
36853.5069186985
36848.397562038
36842.777954735
36905.4578877261
36722.6955449839
36919.4792104894
36773.0738798511
36846.9653293315
36816.5013949695
36837.7685999923
36764.8495970126
36797.0007506812
36839.5940081027
36801.5071520228
36784.3551813226
36772.4900332979
36797.0871600384
36836.9331516617
36835.7252302294
36825.1231373129
36815.0188775636
36828.7361381268
36821.9052024801
36798.7378335087
36908.8774788006
36776.1748357916
36776.817648032
36815.0894703682
36790.0507754931
36879.3934347003
36888.2536738699
36728.9049102232
36818.1101265783
36776.0423134827
36748.2990230359
36844.4001818434
36801.0943606124
36759.0990142701
36767.9034059896
36859.314749769
36834.3197581044
36856.6993184706
36813.2523256088
36798.7801511335
36861.0910294254
36836.3395391013
36837.6123997529
36843.1561645917
36799.8133629648
36744.9144428919
36802.9281566355
36822.0416591776
36930.9750353089
36870.645642848
36815.8203504259
36932.1770383419
36714.2429309667
36790.4579802425
36800.9107634799
36780.0139147412
36808.4775857772
36824.735896397
36879.6129051091
36778.3024752095
36787.2999609815
36804.2085035128
36845.0426879447
36790.8309379094
36767.1234254426
36745.6821024099
36789.6471493905
36899.6489456426
36766.1313823158
36756.8618255052
36802.4462167988
36786.6575204107
36792.5311210115
36751.9434857597
36763.6364091674
36818.8737539155
36898.3004950039
36793.0468122427
36751.0836632079
36833.6568094752
36844.6647487367
36924.1402879069
36867.1785374304
36818.3637615196
36843.0314741557
36779.4564092717
36865.8823869758
36786.0920412389
36808.233359865
36868.0403332569
36799.5908225023
36779.2921771627
36769.1191860037
36819.1283848545
36798.3746237518
36851.2614769942
36801.2293069861
36805.9688837813
36867.5629365824
36863.1939870841
36803.0101940601
36821.8249982212
36881.3196936956
36804.7710915464
36794.4639346736
36828.9558528779
36885.0773060636
36788.0294501003
36813.9467381397
36758.7249006688
36798.2668530406
36876.7252472087
36817.3505103831
36782.5822613786
36746.1540667837
36905.876747501
36772.0060564701
36793.2138257592
36842.1617034047
36854.8006046559
36806.1692852796
36751.5656210028
36838.3419300814
36842.5644405555
36763.7538131819
36806.8616912661
36932.2605516946
36767.5643340457
36830.3769833296
36768.2029304252
36794.6414573073
36817.4975432826
36803.2135750911
36754.1846105059
36853.2852352115
36765.8992568184
36732.7889925698
36810.6911851896
36824.8800391292
36789.3771412812
36744.6709390612
36895.1745725625
36791.1353671107
36740.9869040831
36762.4866212099
36887.5162770944
36689.7129887067
36876.8336481246
36786.2526810643
36933.3655387703
36773.2632985676
36784.5868795133
36756.4130257064
36842.1970551302
36798.8023715283
36765.1971556668
36829.0309110653
36736.3194127079
36823.5980710231
36750.1137944684
36850.2381773555
36729.8711694172
36825.7870644011
36827.9748958449
36822.9027027067
36766.0168481498
36923.9404690099
36801.1266422567
36741.1174587619
36864.105041784
36811.2422656652
36825.5627797976
36680.3906935564
36801.79952012
36793.7843115273
36752.2640178181
36858.5637964585
36777.7121311603
36736.0771941016
36820.8630864859
36800.817866177
36802.1755846997
36735.5288642337
36733.2690786338
36897.1769546306
36822.3018136122
36765.7851362425
36771.5646372546
36753.4654972326
36810.8176157281
36821.4507457269
36764.2444875613
36743.2652097932
36842.4865816351
36768.427136503
36792.485656016
36831.3528572749
36780.5503674817
36851.4820230914
36814.6855087023
36778.4931964972
36766.2089788724
36954.9398999044
36874.8355412086
36875.5100320483
36950.9370486266
36809.2124855901
36775.1616757991
36857.0587345843
36755.4764986908
36810.0543586405
36793.1545044288
36771.2141190288
36769.7605662971
36763.646085338
36842.986608389
36874.9354402853
36854.3589447332
36859.4833797826
36769.4889485172
36793.5083747616
36813.3839147335
36749.1386103995
36778.2353277732
36904.4859668118
36882.2518886811
36771.4244382462
36786.4764055134
36794.6889312087
36736.0075061773
36800.4870095448
36876.1664670443
36762.0320911086
36730.6761866188
36856.826170401
36793.9544858346
36812.9727078218
36808.2138952228
36753.5391007597
36842.4696276962
36783.2686406456
36832.462088378
36762.47678499
36837.5882161309
36748.0004749202
36838.0170884922
36798.3884633816
36754.7118228411
36895.1718103673
36779.7080808124
36795.8513641051
36852.6725646597
36778.988545584
36841.7145982077
36789.9864282578
36835.7500635962
36772.3665419572
36863.7265385833
36847.7914250327
36735.8907634822
36748.8751404544
36918.557022767
36792.5649828349
36937.7657495319
36722.6869493698
36791.0585686689
36843.8695939584
36814.1675609942
36861.7445289784
36820.965664363
36729.5043577337
36881.5101344572
36707.7530755294
36770.4153348487
36772.9558912888
36835.8870031022
36804.2190895648
36805.5462834155
36749.7386518933
36759.5748648535
36821.7491727999
36776.0126192117
36872.8124885424
36756.0256001947
36869.8463807491
36901.5741364858
36846.7456659907
36868.6360424435
36778.0019341619
36768.063347831
36774.8495806178
36838.7061598924
36781.5224687529
36845.507475073
36813.295696754
36739.0287731557
36817.0712462421
36867.64039813
36866.0771189325
36857.3825846586
36802.5445642439
36805.771449373
36780.3794433329
36702.2400264643
36848.7154539532
36767.4458275016
36810.1036599066
36802.714541196
36819.6866575398
36779.1194600785
36811.8408952341
36792.3201246767
36920.7761237595
36827.4704242757
36877.1424798857
36809.4647159229
36765.5803851097
36840.6088913951
36803.0555074411
36809.741344365
36749.9510187374
36767.8007670736
36779.3005069385
36802.8762124182
36717.1144228236
36739.227601251
36783.806976729
36803.6234143914
36755.9364950679
36869.6324443595
36766.3117611337
36912.3363947747
36756.758046211
36781.1953329301
36896.7369531752
36892.1722354218
36755.2220336646
36790.6765793068
36733.8508459108
36746.8598488821
36751.4150625086
36864.6270088962
36769.5500581577
36875.6033041002
36819.2526044297
36771.2628597086
36760.7341838374
36887.5307412321
36699.0375265631
36784.0795513747
36875.6698969384
36861.5913576714
36820.8551231426
36851.5095411015
36687.3085740232
36787.9988133567
36787.4879270058
36755.9713960953
36783.6258238648
36757.1524395031
36804.0726348015
36817.9873521267
36813.4473494592
36808.0943668879
36879.0117894568
36954.3747199204
36920.7054978546
36804.1834728117
36745.8302717884
36668.5483833952
36793.345855049
36730.9346759578
36959.2151275233
36780.9713828983
36771.775323254
36858.7484844591
36781.5576271793
36745.2098738865
36862.3637367071
36950.1238229512
36799.9540694421
36837.2599923628
36812.9191679527
36896.5229638731
36770.2289601571
36771.5607791016
36925.9589895162
36840.3599075868
36792.8764304
36814.8514846216
36663.1542105991
36731.8090000083
36782.5250342286
36771.4945049256
36744.6659349549
36795.0905505924
36886.6622623204
36789.4679937374
36758.5910502246
36780.3012905093
36867.740586745
36718.025868169
36823.395136852
36757.2997546513
36705.6188674111
36817.8676943367
36891.0610165822
36741.5882555737
36788.1407080074
36771.4855886147
36757.5906971346
36795.0716164216
36770.0520791148
36926.5021077511
36839.5545780255
36843.4539202233
36757.635233771
36764.9278998597
36849.1080625136
36861.7472571487
36725.4048254016
36802.792061359
36788.8311939029
36841.0745720364
36798.8338984313
36789.6738047222
36947.7635635071
36775.0235188798
36834.4156638945
36759.406659633
36863.5655568768
36792.0809795523
36781.1727790728
36773.6925010534
36767.2914661313
36787.5179641246
36761.2193817188
36761.5119983757
36801.9261079037
36842.8139789543
36802.7909321602
36734.4639279058
36818.4957017752
36786.3174219973
36808.5495547999
36751.7912216243
36999.2345390345
36759.0592915129
36794.2546502539
36826.5717195873
36822.3119516766
36785.0937572664
36803.8768207475
36866.1529067921
36904.1221023
36632.6369923553
36872.7749172597
36875.303824152
36775.6331930918
36850.9497623587
36738.9622145842
36867.946137091
36851.5003364977
36796.0721416286
36819.24779097
36908.686513455
36785.1150397298
36832.3649103962
36837.5533030187
36786.3202088364
36747.3386938957
36799.201394121
36759.171207946
36816.3741090433
36878.677432811
36879.4566408165
36717.5546946459
36823.6151766722
36786.1762320181
36785.8489329927
36789.2918404021
36802.9799938058
36859.6118062735
36811.3220589252
36781.4394223882
36790.8940173312
36825.0023411542
36860.7310073456
36744.3789691475
36817.3203632652
36765.5465645777
36723.2248261474
36758.6145385642
36743.3399831249
36796.9642857281
36819.2603056186
36851.5387169588
36800.4281760282
36862.9678413033
36734.2204749494
36755.4161807345
36766.185698259
36787.5207145937
36744.6241997879
36749.7386815653
36831.1875869786
36842.8668373007
36799.9708068787
36799.3657705126
36836.1509096379
36793.6774105376
36762.2899433221
36674.9166994509
36824.5114997639
36785.522570682
36685.2526432913
36717.5332567792
36864.9157011419
36868.4118152698
36814.2331215912
36842.8046961717
36786.9920206527
36787.0139006423
36778.5299619927
36867.9589777157
36853.5148448009
36793.5600011208
36867.4546784379
36794.2910707661
36892.1605480823
36765.3696078757
36872.4625537615
36795.9024810314
36819.313066556
36876.0027092679
36806.9002210643
36851.9337410808
36775.0217565118
36860.4016740554
36878.8619299121
36824.3356673052
36670.3289195671
36960.6588272384
36817.4409609228
36767.5089974075
36805.6952854717
36839.560408281
36870.7851250499
36937.9597522435
36769.430358363
36804.9898293401
36738.363643491
36795.0663569471
36632.6060074573
36767.9670836831
36730.5289773124
36938.4590915163
36793.7990103391
36852.6495601467
36790.0372033969
36885.0520923316
36709.2347636257
36773.4732117822
36843.5367305244
36795.3920319485
36789.8492472341
36872.0692859992
36801.5789544755
36773.5941814659
36808.2039330936
36801.7198238378
36776.2941149995
36789.2741729217
36802.4791786191
36840.9332447251
36726.1254041397
36769.0183241111
36757.597454635
36807.3113311414
36761.2584957569
36816.7020962529
36803.1932443626
36714.3874781238
36899.6511749999
36723.3665565584
36791.7674332425
36786.8779147326
36760.8004231446
36786.1740371802
36771.3102456332
36779.7096096387
36726.7672051913
36782.0448076332
36843.1133708832
36815.4079330487
36892.9866079853
36824.3261529004
36837.1031780647
36812.7148483543
36841.554683145
36856.762589655
36811.5480021498
36826.6871358379
36905.5932819439
36775.4018308361
36746.5477278196
36744.1859672611
36819.7555781973
36786.3026455024
36855.9058775445
36764.9211020921
36816.0641111165
36839.5370190231
36812.1790766954
36779.8209172393
36906.5010125417
36834.791779979
36729.4609265409
36782.3778729435
36769.9468344983
36740.0534083442
36882.3046105986
36734.0887033511
36815.8980195824
36842.4847271458
36686.6577852628
36903.8947409923
36797.4120855842
36900.3020425725
36729.6444156007
36868.2986093396
36839.3762480124
36826.6723205341
36795.5591746896
36777.7293242932
36786.701510914
36746.1847798774
36774.7048735019
36813.5463576811
36715.7908836047
36827.2729694257
36860.4675399939
36831.112670677
36826.1151114843
36774.1589155677
36749.3012059435
36851.7563211234
36790.5791667347
36873.9448206393
36800.8376904703
36782.0645617643
36778.6372718173
36790.8737405411
36909.9297936079
36879.0082016692
36816.4340356844
36899.1320336444
36785.9614262726
36824.8016496777
36792.9157502253
36781.7720279339
36831.7022993716
36842.6478929153
36792.7787614566
36813.6079518822
36899.078931248
36741.0169840463
36753.0341282582
36820.2951213018
36859.33839298
36941.3451940435
36906.5879171501
36758.0917852987
36700.8298654551
36827.1002703461
36847.5971610178
36915.2298788906
36777.4143851297
36860.2208713829
36769.8975029157
36783.6643919788
36795.9530760024
36786.5436615275
36829.2536024555
36799.6412473868
36762.0574106487
36798.4225724451
36800.0512754553
36922.0484417018
36816.0209070183
36928.7710944022
36848.5482813249
36764.9005186262
36769.3756119216
36866.5697754592
36878.4281535765
36785.104971396
36830.6375227146
36907.7531173677
36910.9568658458
36774.4860799658
36727.871344596
36783.0513005218
36853.0504080762
36869.9591745708
36812.6241579625
36905.6264761767
36851.1463353559
36756.4538105167
36797.5283035889
36798.1763184223
36771.1393005609
36806.543753867
36823.2341410883
36867.4657071108
36821.8049165783
36801.3482626567
36854.9878834733
36896.1958367737
36946.9158240283
36776.3603006667
36772.305274369
36805.1530524289
36896.392008229
36783.5454746862
36750.4023910543
36871.3457994365
36842.3854435593
36848.1082101343
36849.404004078
36742.0506687538
36895.2078890851
36890.56851045
36825.61102153
36810.2601071502
36734.0809856206
36868.5638545534
36795.287684282
36793.6760935532
36766.8836834195
36832.1518867029
36787.2483018728
36766.7239542775
36834.7674957704
36848.5354856821
36807.3955361569
36861.386870749
36781.3772025862
36887.8043877014
36829.3415902925
36876.8711056889
36760.6649482177
36860.8607123191
36784.0349621912
36849.09882744
36761.4495526852
36873.1820985519
36783.2217014071
36766.5060071791
36809.5289233266
36828.0103084878
36845.4050527911
36865.2850981695
36805.5967839271
36713.409372032
36836.0950261045
36867.9322885507
36843.4091077301
36753.1586016874
36896.2374713918
36804.0931872651
36793.0281281789
36866.0307065063
36794.8553253822
36784.4265410704
36778.5585422085
36723.2985024808
36789.2187745139
36811.6571278505
36737.0771530432
36778.2758224271
36743.2881922014
36762.2834884065
36789.6132252326
36850.3018254272
36754.4331428267
36847.7032765328
36791.3648501554
36854.7223734705
36833.8727506537
36817.0516085733
36795.839303459
36831.7132279537
36847.9402086411
36748.1882003095
36863.9267592393
36870.935732053
36826.8745528039
36782.5333432331
36713.0236763458
36798.8264156828
36827.0798069484
36793.7341421864
36800.163232148
36927.3201308691
36909.6956975989
36775.0248719357
36773.4698834992
36850.1999682014
36759.6480115528
36816.4431904487
36827.0646725451
36821.5797571783
36735.9368977361
36753.0953878242
36844.7972509109
36771.8352488986
36790.9084699341
36797.9247959032
36831.3479958174
36793.2606803754
36781.0150170029
36842.8893012489
36787.7449241149
36805.9866098223
36772.1869156871
36757.1320232377
36748.8882191115
36761.6960369494
36782.3389720951
36828.2230750295
36750.5683430878
36865.4446084139
36822.3768318307
36891.0817768376
36778.7899280652
36859.3470844492
36859.0948075504
36756.1929670676
36749.8948750628
36851.5969741584
36826.0913575899
36860.6363983446
36886.5235247798
36709.1643981868
36709.9374174719
36859.7410388392
36816.5620294301
36812.401107745
36826.8008537818
36824.1893912004
36874.9687118756
36828.5650608298
36791.4037399411
36768.5013104385
36789.0896578095
36838.7444176378
36752.2930776114
36779.1465809261
36801.9210614987
36796.6151267154
36882.377084998
36754.5826142153
36817.5634448048
36789.3707088635
36848.8399845065
36849.1040560113
36753.4470163219
36799.5506633546
36790.6494633122
36747.295303859
36749.9269065426
36804.6587603717
36770.952998986
36794.2001965686
36815.8964340229
36707.6179183381
36865.3508233123
