36678.8173837123
36692.1610864601
36670.6319267694
36654.4687016602
36680.3728919251
36685.2859744696
36723.080661467
36665.7507794247
36668.2411171427
36692.2080692711
36704.186666411
36696.3709093937
36677.0839568342
36648.977530779
36690.4787249075
36654.7343236064
36680.4245642418
36645.479834852
36648.4036424758
36682.5761780623
36667.6148094709
36641.5090357219
36642.5487931315
36676.6886598836
36671.712551382
36716.9063768522
36716.687576266
36706.2202947422
36685.9324845922
36629.6025764696
36679.1875501723
36706.254502086
36635.245814818
36669.7492889411
36691.2518684834
36677.3364495895
36672.8907560992
36706.4974394294
36688.1603595218
36669.5095450734
36683.926782856
36692.4963092757
36701.7596460353
36668.997946442
36673.4673787628
36667.3896333157
36621.2023219965
36709.3384790502
36705.2238107813
36668.9155266312
36662.8685756604
36661.319901637
36659.2252508541
36685.8857908294
36662.5780945254
36672.9191541516
36679.6470831398
36716.8116576203
36642.913594837
36659.2784234968
36669.5511542044
36664.311159437
36663.3607493361
36655.4598702608
36660.9813913605
36677.8562209621
36705.9557683002
36697.9620038588
36687.228846668
36701.8641364027
36695.2915560862
36718.1805927662
36681.1808216786
36657.0306796245
36668.7696996646
36675.9983437664
36691.9961594863
36686.8836556325
36710.9605823854
36706.4890210415
36693.8430590357
36674.121121126
36713.9487046229
36736.3527013766
36653.3463938815
36670.4803085529
36679.8763838866
36697.0314167134
36666.5758951948
36685.6551900036
36650.8546446629
36646.532674359
36696.7477898871
36678.5066020975
36712.8317962354
36693.5815014325
36669.9203830284
36698.1400736178
36681.7180736978
36655.9006673985
36706.1936315781
36677.2602073587
36702.1390286136
36693.4875781819
36660.7897252763
36702.8090031405
36688.4816752004
36666.0089533768
36669.9621518914
36677.5989123509
36653.9740319959
36672.4234808592
36711.3508776508
36703.2467785129
36641.2486244141
36650.0025852044
36656.0959913417
36696.7808442019
36675.3902510047
36650.9938824188
36691.3973729211
36683.7069890532
36687.6719505586
36679.9279061084
36650.9222317719
36696.1228179521
36742.7161526211
36674.7873783132
36691.2193713158
36633.4968803909
36679.3962869104
36665.0884951001
36666.4008223471
36665.8995658784
36684.151941245
36695.7734234069
36678.8109985197
36696.6807153372
36716.9904542071
36715.1823965061
36678.0573894914
36676.0204038062
36695.9243661422
36643.9670118396
36685.9403208954
36643.6400928336
36643.7539467711
36703.5186005335
36700.7413082985
36666.5944765656
36695.894767202
36692.6688493968
36686.8392122036
36708.7242828535
36680.848770636
36718.5544946499
36676.0446145191
36665.1689668051
36738.2649971242
36708.0376998377
36698.9085234283
36651.374096327
36682.0853344372
36645.8664569074
36683.7716320801
36676.1659974147
36661.5645684479
36680.0492233837
36698.302893968
36694.2592404465
36698.0900845228
36688.1472161177
36693.173045764
36687.1706792581
36662.3558183269
36716.7956208902
36721.1289156682
36717.525908799
36674.1579200923
36670.1267395703
36699.5157167659
36709.1426813125
36658.887523934
36666.2826849605
36652.0157551462
36676.5884326102
36695.4955619309
36694.0353632176
36659.7605176899
36692.9656451529
36708.7865172291
36651.3926625521
36729.659824633
36683.11204281
36690.9489828442
36696.9918335546
36703.4734637714
36693.2640777465
36648.9356087374
36673.142642826
36708.3990253938
36677.2277472561
36709.9811323055
36697.6913531753
36671.9810238115
36630.0605646057
36641.2752176911
36690.6382959727
36655.5379782301
36654.1268414455
36663.2308419117
36689.2791659009
36678.5956842215
36722.611902763
36677.0914437993
36689.618639967
36695.3795716978
36667.2627699239
36676.3315335711
36663.2159056313
36707.397730307
36679.820289307
36671.9547881718
36696.3814406751
36675.2589024185
36681.9028728607
36698.1537341773
36646.3945374415
36649.3899517467
36708.9807618508
36650.5233636217
36667.7294948688
36696.0772081703
36710.755345821
36694.1000253903
36689.453675738
36671.3118009944
36703.8668085
36690.0999635279
36710.8270060214
36670.0569082224
36665.1158624118
36683.5703628852
36669.5751840788
36683.0332618032
36692.341469585
36674.1429470854
36654.8828413899
36686.5864153145
36695.8862067807
36719.6143594051
36712.4179318822
36665.8524897365
36663.2539744552
36727.7192626875
36676.3689069827
36656.3766958072
36673.8669203224
36679.0426006022
36682.1786860823
36686.3392453289
36688.3764424706
36701.4001871591
36701.9869465504
36708.3609148652
36672.4371818433
36646.9054840031
36691.8687289303
36676.1890856836
36657.2668873636
36653.4523032597
36692.9832246936
36661.5361349422
36689.5052006175
36698.4718299114
36699.993105894
36683.101972174
36697.1058884485
36663.7979022273
36706.0377304967
36693.2492215831
36658.3008171335
36713.0990582142
36718.15845312
36701.5844106502
36697.1208912557
36709.1726942887
36708.998775044
36670.2547253707
36670.2460359646
36689.7689226646
36667.6178579994
36671.3704005027
36724.74098427
36724.1375738777
36672.9636058405
36680.1227059869
36703.7704219806
36696.7511395773
36701.2961455286
36672.9054126902
36696.8534086175
36710.2387733293
36702.4384672158
36639.3031236646
36678.5352364454
36668.314358234
36669.9503652494
36664.3522112418
36693.3740081847
36707.9661815666
36676.9611925414
36687.6322620246
36700.1074917063
36704.5630899133
36711.5050521994
36701.6890889962
36631.8763734151
36680.6762630535
36680.0618524249
36679.6436596189
36692.4864689562
36696.4454270099
36700.6997542925
36693.8857524337
36682.2528208357
36681.1529017313
36658.075170471
36698.961091698
36696.8202150626
36683.4156171932
36692.7163456254
36651.7099296615
36702.8767571832
36660.5958935993
36729.8395989515
36690.2209026612
36709.090886013
36671.7743452192
36711.5898195668
36693.7036828094
36685.8877487479
36676.0990859455
36691.6701589113
36665.7508078961
36671.6246268041
36655.9735309179
36713.790680296
36653.1797133293
36700.2772900064
36723.3553337074
36726.1041605974
36676.731130556
36691.98706478
36709.8865286105
36676.3503678011
36695.3391417841
36683.7556983451
36680.2563342637
36661.0851086073
36705.3519982594
36685.6672256718
36658.2658378704
36686.4649691955
36670.5246704473
36665.487700637
36690.191476462
36687.9074038785
36669.1860343561
36710.1545530522
36695.9260667972
36723.2084755556
36647.1044209629
36664.2051575482
36677.1270945974
36675.4159805998
36698.8086597511
36680.6933867831
36654.2779604315
36670.623960416
36738.1051241511
36683.5853533806
36678.3964868153
36673.2960835077
36695.9225709413
36668.5222884858
36671.7932152638
36686.1174309548
36665.5615291399
36683.0370715981
36678.8074910389
36704.8294029508
36694.9366128504
36690.2157758442
36691.8819274393
36651.8761047856
36693.0111687135
36682.7264469437
36671.9505945132
36700.3450974797
36663.1934975462
36723.3806651577
36633.9074439506
36663.8381687913
36703.0186520376
36658.1219068575
36676.013826786
36675.0031560138
36722.7897779342
36678.2338458227
36662.2458658341
36695.8757936101
36656.6041011361
36666.4353308286
36711.3751097374
36693.7950961681
36684.661543384
36697.1080881708
36663.5056896043
36694.7252790413
36698.5093299114
36675.7502172919
36684.6141985178
36712.1788700885
36645.4056351627
36701.1168065266
36697.2895120518
36725.9099297722
36677.1261066324
36709.7306730856
36730.9231599552
36661.6113133447
36665.6912952093
36670.5196405265
36692.8347734772
36657.5431510756
36697.9154437945
36663.9421946765
36686.2827602605
36700.7388738015
36681.9258772957
36699.5252169523
36676.5478159629
36647.5670192872
36705.2867107639
36697.3726707579
36680.230776284
36688.5471012581
36672.6703597927
36664.144006149
36698.6221959859
36708.1800660593
36675.3945270548
36678.4275459674
36662.8142160179
36651.8531568704
36653.5530004863
36679.7636631049
36685.5482076574
36705.6087706041
36698.9955832927
36686.0815081174
36684.4363210822
36689.1002205221
36670.8960683697
36666.9070380434
36641.6758194569
36691.8417675798
36675.7709297211
36653.9062338692
36689.6307077151
36704.5605758289
36678.5054789288
36705.2672147304
36664.4986638474
36665.0044672218
36693.8128243679
36648.8905458099
36642.1817108133
36729.8486524054
36671.4412066981
36696.1383446137
36660.3326336111
36685.5632019679
36675.7426463843
36657.531012429
36699.3755146631
36679.0243301767
36654.5609624331
36738.6690751977
36711.0014277772
36669.8754471173
36702.7919415641
36678.6690533612
36701.4293831467
36659.2288692489
36733.3243358303
36691.3388790753
36680.5656225811
36674.1288815067
36614.4192230308
36732.3231786907
36697.4309925003
36719.5870305836
36656.0670854175
36692.8950143487
36686.1034391139
36626.7493516747
36668.9415694831
36661.7040017759
36681.0702597502
36745.1445428096
36675.1551403472
36628.2191035443
36689.669086412
36687.8648907496
36710.5917413962
36680.0503052245
36674.097111647
36656.6594731245
36665.621632423
36670.550588896
36703.8351421565
36661.5384839915
36649.9461212948
36693.3760598019
36693.0861490376
36695.1428569011
36696.2375145682
36666.7407503225
36708.3348911247
36671.74121722
36672.6305942643
36665.263654659
36687.4609343669
36670.066308322
36642.8093946509
36682.9100055648
36715.9565419572
36661.1974980819
36679.1783784726
36671.2284879882
36654.2938069369
36635.286396207
36678.6290334813
36686.2954847048
36689.2532044703
36698.9607438349
36717.2032359042
36695.9916141605
36676.0646338138
36693.0662818885
36711.2518989323
36680.0378577758
36655.7466014979
36666.4822510283
36654.2884024767
36669.0638764181
36709.0101808896
36682.7026733431
36732.0202837061
36684.3132903377
36710.1251397974
36664.7625623241
36634.6408215921
36679.3552054548
36700.6084932616
36658.7841433467
36686.6750842175
36683.6141789073
36688.4490376535
36702.154912423
36671.2090413564
36643.2680732843
36688.9995513045
36696.254678484
36708.5343412577
36696.9104925918
36695.0031637368
36646.2220023564
36688.5670508555
36667.9722362284
36711.1601952047
36665.1438375691
36697.7020620006
36680.4716749844
36659.4712361997
36629.1379659336
36683.9923031923
36692.1815440893
36645.0040351442
36691.7847242113
36683.2214841152
36667.4643311753
36651.8042325322
36666.5097279712
36678.6070602163
36694.2980115794
36687.8390974128
36673.5776103827
36718.9379144807
36717.2375577607
36720.902754545
36699.8304549064
36696.7942880426
36688.7381472398
36694.8703186145
36658.9534156489
36685.2096340174
36677.6380068791
36686.3517499563
36687.1767741396
36681.2567959495
36706.7746026761
36686.6033778116
36704.9784817359
36701.1849838945
36689.0867704855
36719.7064290939
36640.9436642458
36656.851838565
36672.3843896685
36635.3440542949
36698.7193543923
36699.9315477752
36736.8128841283
36676.7550453579
36722.1812551368
36672.450566808
36686.3912428983
36696.2129195862
36665.3170692474
36682.82701037
36667.3474144765
36703.0320790566
36685.2896755482
36668.3031528941
36688.8127687274
36670.9452313549
36688.324121408
36685.3046829914
36646.2022354839
36704.8412551581
36688.253524026
36666.6168915559
36695.2922308297
36687.3303688297
36675.9711342397
36680.0682721871
36669.5623778118
36691.7284795564
36652.6441325574
36699.6067183454
36726.1655541614
36667.8859959496
36681.1907782006
36684.8653635698
36680.7141889623
36709.3360446005
36615.1183673507
36708.8976391764
36697.8785110799
36684.9220096264
36706.6801477616
36676.7711241665
36678.215920211
36722.5324261759
36676.5592463613
36638.9858251613
36669.1814190125
36703.8520120926
36667.7500834245
36652.629221462
36640.2056462175
36689.5799941149
36723.5403747509
36670.5063462419
36668.9146325836
36700.2781996949
36662.9838209431
36615.6543959954
36646.1232393394
36683.6170347451
36683.5618116392
36708.3420632075
36670.9785203314
36690.4472875388
36681.2675632602
36653.305574721
36727.8913116103
36710.7021451784
36692.4567797396
36669.0402858893
36690.9906338618
36671.7612492201
36697.2739195487
36707.9518490337
36689.6264325635
36629.9142504202
36683.5073599644
36685.2490710387
36673.4357893328
36686.7985176504
36670.7416292321
36695.5484043641
36690.7676360236
36699.0539175098
36710.6894403233
36703.6523115584
36713.5245847518
36613.6702653578
36684.6171166144
36698.3327520992
36718.4993277717
36645.7857444997
36673.9630431897
36669.2690097067
36721.510810287
36679.7027298881
36633.4331577043
36695.4854961848
36675.5439000864
36670.9785055013
36660.896405459
36719.4691690815
36693.7400244572
36702.5157407264
36668.4736417853
36674.7195327174
36699.3179712075
36697.1902850253
36658.2871288159
36665.7610377366
36687.6654969622
36638.2924200003
36644.6302208916
36663.8823907909
36644.3919812932
36675.3840842146
36653.7703636255
36689.2919903647
36695.3777118994
36711.130309703
36700.588260183
36686.7751633089
36680.110276197
36729.0089022375
36674.0317424794
36697.3197344612
36712.231505564
36688.788626939
36638.7413037591
36690.3016547856
36689.0744525018
36705.560843648
36693.8659741607
36691.8568133448
36679.0681503843
36657.9480810179
36674.0468179957
36665.9226863696
36672.5873192945
36691.876394193
36657.6426677237
36658.9886328925
36665.5587221309
36688.9416577661
36673.1567685806
36683.55602558
36705.502654646
36716.0648129815
36702.2205730485
36717.6954004818
36696.6113253774
36732.3674145723
36637.7569059235
36684.679049951
36670.8319395403
36684.7302497065
36693.2534184142
36658.4497886754
36673.8771147769
36699.6871272708
36641.4429783659
36660.4738426622
36668.7440011372
36680.6232635225
36633.4006074699
36707.3999843388
36672.5655548002
36684.0366925234
36670.0759092712
36692.9976237462
36688.6111333387
36714.1308204991
36680.5454528737
36651.5697987053
36688.5768096443
36685.2844542989
36692.7901799625
36710.2861667427
36648.0681883025
36677.2565066064
36678.9166475063
36713.9775930891
36710.0795921747
36687.1949663086
36663.9863179602
36688.2598641007
36659.7589174617
36689.6292085185
36681.6590256781
36652.918751538
36701.23415026
36652.7706419291
36681.9572578743
36714.6837549022
36692.4471708678
36690.0302365582
36676.2001417237
36668.9023687898
36676.6691453098
36674.7386613294
36683.6951849983
36703.3237069549
36690.8247642754
36718.1448920419
36644.1821269633
36714.5985367458
36675.4117990447
36730.7887410104
36679.0527614373
36681.6649006396
36718.0534968717
36672.6239185294
36679.8313024979
36733.4536475658
36665.2508884106
36664.1812976143
36690.9752079771
36633.3533162835
36688.361037134
36688.6317610965
36689.271704066
36713.3568662201
36684.9917006623
36672.4513634428
36707.2344983027
36683.8976895518
36647.1526055653
36704.2404257091
36682.0876364577
36667.8682006327
36704.2831273901
36701.02840206
36697.4952688759
36658.2944987096
36725.2008080479
36688.6404793606
36673.0661825273
36617.0673789965
36663.3294762328
36723.364408528
36684.6189166932
36662.3708044923
36668.6096726435
36696.744210597
36670.7204833926
36680.2710154042
36745.5108656354
36703.4065372839
36706.4567813091
36688.0711723138
36722.5923495587
36689.89724399
36656.8227791235
36700.4424696203
36663.6657702809
36682.2481758229
36656.2444863167
36688.474526516
36729.7808651464
36658.0684594886
36707.3441202203
36652.218749902
36702.0636557929
36662.728621306
36692.6637563258
36647.0378831742
36675.0142125873
36644.8367923985
36664.7194703674
36664.7182973951
36724.400817814
36702.7959186803
36693.1691238004
36676.9793900695
36673.9487813267
36720.5445673846
36687.7368395712
36704.8481375453
36659.3623356619
36703.8712360597
36691.9452010567
36664.7673914785
36687.3435014351
36705.7206991458
36654.536919795
36664.0850076737
36668.1800447861
36691.1098678336
36711.1626721552
36709.8552903124
36654.4211659113
36649.6980170293
36675.5574971561
36644.1585671543
36710.0480993143
36655.8041377482
36674.2350824617
36700.7493446624
36698.8185630623
36663.7740368839
36658.6854321384
36668.5804646297
36674.9920517344
36679.4695374137
36668.0981375785
36660.0291303386
36686.3120605859
36713.7806807453
36647.4391062657
36692.3616072985
36680.9893138141
36697.525738476
36690.5601534526
36659.4899696521
36697.5130638257
36722.1803774315
36657.681481473
36667.0922466307
36681.2356453437
36711.6237074864
36655.6702690352
36697.7297586112
36636.1228171206
36684.2619081102
36654.8868646144
36690.8470694208
36683.9714246096
36691.058081571
36708.8761647287
36670.8726093458
36686.2535950284
36656.266906515
36659.7085374877
36643.9024889266
36680.3456933855
36681.2148978527
36707.6407343593
36655.1382583333
36668.1953261937
36654.7494007617
36696.0044334799
36676.1932049231
36676.4875755064
36705.8617659896
36700.3578114891
36642.4071712606
36680.6444075137
36663.9074859448
36690.7021038948
36679.7056949738
36648.3774027104
36698.9147418825
36694.9369350991
36680.0708512337
36655.9091232485
36701.976632763
36673.6175049548
36681.9268191142
36641.132638693
36697.2120999614
36667.3176276368
36679.2852420621
36685.6588489045
36682.2133543281
36679.0147590665
36694.2013336564
36689.2102711713
36661.1598339053
36672.0948320451
36692.5252112717
36665.4906783778
36693.4539036941
36678.4305277638
36695.7020545163
36668.3638579289
36665.59071824
36690.2028734081
