36687.2712676056
36674.8048285193
36657.2300000019
36653.1083291496
36670.662678566
36705.135614797
36657.2486390585
36681.3460325027
36714.6797642426
36676.1444077392
36646.3443090183
36706.8194748844
36713.8666648434
36703.5426776955
36650.1750895773
36722.890871218
36665.5652940713
36708.3161945148
36656.3347990388
36685.7785862497
36672.9882089304
36712.6221367669
36674.892868775
36668.0570200603
36701.2293721918
36672.7005882455
36680.1727855724
36697.9496147072
36661.096331276
36690.9286957176
36648.9297033565
36703.0517614395
36683.896193142
36681.6649818217
36657.6544784337
36665.9640701667
36691.5095264715
36678.3021108596
36686.0274216921
36710.0181233499
36686.9729300949
36648.9337020165
36694.6913878441
36719.327682343
36676.8600736065
36653.2563029773
36701.849488863
36695.9067192346
36662.3199919075
36677.7208874235
36669.5954918224
36714.0507624873
36711.333728168
36683.4809117621
36694.5040985301
36702.1155074223
36660.2335329847
36654.9835313971
36729.2290578212
36674.6585796172
36722.5981459781
36720.3593169129
36661.2263651136
36705.0705055299
36689.5312143285
36703.4356225772
36683.1966677734
36695.7823790547
36702.6032936171
36672.3392896784
36688.6239509249
36687.7249620623
36664.0365307506
36681.0408887569
36628.8327280204
36669.4590977458
36717.9109452325
36673.4158107173
36705.0423882679
36714.1644855089
36682.9424124411
36660.7580196667
36700.9695727881
36673.3175910004
36649.5104336364
36688.4327621813
36700.4085326314
36696.6289082036
36670.5558226437
36674.3383144925
36644.0161117721
36694.2722457623
36672.6555919
36684.4018175604
36695.7620595138
36641.8329710062
36648.2283234648
36703.0123738077
36697.3526993123
36677.2965421665
36677.1784900624
36699.9019010683
36671.5408503132
36698.2436429066
36674.1373306691
36684.6205833388
36639.4670393197
36699.8713493552
36685.377363363
36678.097880383
36698.8160468539
36697.6377612727
36709.3976378046
36674.8827150762
36681.3166843924
36720.3633080668
36678.6999075208
36686.5520038506
36668.8691511586
36710.0794231255
36634.5775817116
36709.0792668623
36690.8705299509
36712.5381576234
36621.1609890126
36706.3473409834
36670.9924497177
36662.1583907712
36716.8204027693
36634.2321537446
36669.1082095845
36727.5261143221
36690.3255714488
36647.4445744804
36676.166551159
36658.7305244537
36676.322533826
36655.8341652026
36692.3145492818
36634.0122748646
36676.8209517219
36691.8358159039
36686.9579173265
36707.3308962359
36705.0040575112
36722.736777838
36687.3203503384
36689.3550554915
36714.3188204664
36671.342743269
36718.1136175933
36726.6288222301
36651.188975263
36708.283809909
36685.1575081326
36714.4238822415
36679.0738023689
36678.4987737263
36693.6564551908
36682.3513170334
36728.7240427705
36713.1153569423
36681.3146520606
36672.8449667291
36666.5590003781
36680.8108343189
36656.1393948523
36715.2616238094
36689.4027369768
36686.3282574354
36707.0713487623
36680.1626134849
36677.1266984575
36654.8211078964
36725.5829817257
36689.2105232963
36714.5133594891
36685.9957039958
36682.1511948302
36693.1999389369
36658.4379691007
36674.8499871287
36651.6499962282
36675.6982978737
36692.0228973093
36707.3626516837
36665.0712380878
36670.9040092869
36685.6708822355
36635.314710677
36687.1891675519
36661.0967275238
36688.641751045
36678.4538179908
36670.7792483731
36675.7766827028
36688.1217595433
36713.6947619914
36683.2652823751
36660.5253183222
36697.0373168713
36719.6677229757
36708.8740035198
36716.4391037325
36670.8059746863
36734.9068918753
36670.129887766
36659.1769276702
36677.6428820566
36674.0087840555
36649.5533688338
36677.1815871463
36662.3178182965
36689.4425438033
36660.8372523843
36684.0766126881
36646.711094537
36708.3630179812
36714.0175945865
36672.1673933331
36716.4453231015
36682.8899486212
36659.9418303231
36678.6516860963
36659.693320667
36712.1908960463
36689.5329803161
36673.2043415799
36639.2912749742
36688.0229450377
36683.7928770722
36690.7403933227
36692.4688193647
36708.1853919787
36691.1608145323
36681.1469422372
36677.9338583458
36699.6693985874
36684.6785401657
36698.0966006535
36666.4187981646
36692.7404976018
36707.1150033634
36707.8696954537
36682.9928496424
36670.3617277338
36695.1741141324
36697.1444842948
36697.3741849758
36719.1266397357
36694.8534842139
36689.9275579753
36673.981534513
36688.8193841743
36646.6783732541
36657.5519099579
36723.5177243675
36640.1329591955
36675.9669210124
36672.0744310911
36688.0520752476
36692.759207768
36687.6122481179
36699.8163916339
36696.767295268
36717.6604823283
36680.4142505316
36675.7438818453
36676.3748659868
36684.5730353641
36681.0124521078
36680.1966768538
36669.7778113845
36674.0448356021
36670.0609939133
36675.4401862406
36664.8077949386
36683.1805012152
36649.8251712955
36715.8252595543
36666.061788936
36705.3766053034
36655.945997067
36649.4738518235
36651.7174589201
36655.434900235
36678.8924573781
36686.9788346889
36698.0681009223
36676.4277706808
36679.6828740079
36654.8058209438
36698.8878497886
36658.0008720837
36657.4116003611
36698.4208195654
36680.5484140207
36674.5484390627
36685.0290697034
36674.6721759509
36676.167154308
36691.3347156777
36680.2223548032
36660.6491407945
36704.5445393533
36678.6410599058
36668.6046561703
36666.9001757698
36686.3519351739
36701.9355160244
36686.894407411
36668.7726568252
36713.7631270791
36660.9372952704
36687.4261662444
36668.2466456316
36667.3685227812
36678.1315612132
36686.2457011467
36686.5936394052
36670.1560223349
36668.230633298
36674.909304889
36684.0891954272
36673.379223016
36698.4727380296
36702.873371861
36685.9861068603
36651.6589325005
36693.3070353478
36724.6953709957
36658.4593573129
36716.5288593759
36643.2764881696
36668.1073827764
36682.6134691456
36637.1389101808
36685.2512339515
36639.9861874216
36688.1701140415
36696.0380656174
36668.3383167699
36670.4204317628
36663.3166919527
36664.0190222463
36694.1819139974
36675.9449258024
36679.3561726063
36702.3043030542
36702.0430679773
36690.4882809072
36712.1035946179
36673.2053375045
36656.4159106081
36686.6881474742
36703.1645126317
36699.6089684148
36712.6509375874
36659.95422216
36661.8150027853
36682.4673839708
36687.2836704605
36698.0875490394
36682.0762642616
36679.3527981984
36695.9711813655
36715.2726481876
36720.7734181369
36656.5830030121
36700.7386685096
36689.5258432881
36735.6477687756
36655.0585558396
36693.4929034663
36680.7882360335
36717.7249634341
36712.3708980558
36697.7065765812
36696.5123483412
36694.9791427982
36650.3396218223
36694.8748965884
36676.5894656536
36707.2596673512
36662.4731449031
36697.7584421089
36649.1912423098
36692.2841778392
36674.8743366557
36681.0030270825
36667.4864327033
36696.9990253023
36698.2199784057
36667.7334270376
36679.586382346
36717.1984176947
36719.6963728825
36667.7701639066
36661.1246460163
36651.2748110936
36691.7769396424
36729.2055780025
36679.2494833833
36680.2380229913
36683.2605325513
36682.4858837124
36702.4892772609
36676.153249742
36676.569108829
36680.8458387324
36652.2782384548
36666.2641228623
36698.0283100146
36713.8635452084
36644.7666473198
36669.4438229487
36686.5254202714
36688.887128715
36659.6343346749
36666.3104308409
36655.912065812
36642.8146578578
36668.0105588565
36663.5570158608
36691.0478797258
36648.354032872
36697.0705809909
36661.1892352712
36685.6340694708
36655.2616941942
36705.0933737937
36687.9162004784
36701.7647966406
36711.8175803323
36666.1743784008
36706.6179258113
36681.5813080345
36684.1252790375
36708.9370752526
36695.1329533147
36690.6583796298
36671.7083164825
36710.6832522649
36687.4490944699
36697.5789074651
36677.5788296727
36668.4213541696
36713.282682408
36723.9121717694
36675.5410382535
36713.8953840103
36706.8862618504
36701.837790901
36689.4004588702
36658.2242654625
36673.3320469574
36706.1274877821
36690.4517562643
36704.853120774
36705.3936124237
36695.7371485327
36651.0394502182
36670.5039400509
36648.4921957677
36710.3954120345
36700.2121052728
36674.636623252
36667.9800594848
36721.9827986981
36691.6330414296
36716.1842837076
36669.8310965982
36680.0838175437
36720.1198995659
36690.631820925
36675.3128615107
36641.6363667954
36699.4174755831
36690.970016729
36700.0991822884
36720.6535423602
36678.6556012117
36686.7675020662
36685.4200533618
36701.8328053725
36670.343469008
36659.1308626071
36706.4680503799
36700.6699761012
36649.0856528316
36667.9644569665
36638.7606696178
36681.4526719926
36702.8342571437
36683.220368265
36700.9211279957
36699.7094595581
36692.3500429191
36697.8670302663
36677.8479822617
36711.3698534826
36713.457128325
36637.0288056358
36641.8131005941
36684.9769537313
36699.5858453895
36679.2230540033
36674.865974105
36644.109890499
36704.8552318119
36689.4966971268
36682.1259781823
36667.7375108003
36666.1266655695
36705.6663004724
36679.7868875777
36702.3039946839
36672.1670791166
36691.8272309866
36709.2183810606
36721.7645538273
36676.5593127002
36711.2495704237
36670.7284495162
36685.8575682259
36680.2942893511
36697.0880407747
36686.7417157107
36686.4340199302
36695.0118245253
36695.1113702095
36679.701419216
36691.0167108882
36711.359518623
36681.7951465926
36672.4586685636
36721.3880208402
36703.5210593859
36703.2880672007
36697.8104754839
36682.3940249578
36660.1088558814
36693.7610904969
36702.4406540917
36707.1183083329
36643.8543872377
36687.6551114295
36711.473880917
36672.1780295316
36641.4496933663
36692.1421855615
36650.9875525409
36643.7544213608
36669.0606046959
36684.9076987155
36696.249075067
36671.8031527763
36646.3956911359
36667.0258408479
36741.0447770949
36646.818225078
36702.1778009815
36673.2916200331
36660.1279128359
36689.2395552924
36685.1846962054
36676.635233558
36686.6954139998
36705.4933561819
36678.4866766398
36691.1124238241
36668.2107816566
36703.0864201303
36668.7756787349
36687.3353573948
36666.5649571278
36663.827542349
36669.0987558951
36677.3802892995
36669.0117657514
36681.4489151239
36656.1295130436
36668.6904074167
36691.1922644383
36659.9654239225
36716.040890704
36660.6363772887
36662.3132551027
36711.5663877385
36684.9989572249
36672.9627235198
36694.5502249102
36705.6573583643
36733.5473000534
36665.2761974053
36682.4239456335
36707.7639791708
36641.8808456266
36686.577767693
36630.087660157
36690.0002464096
36687.6243640711
36706.0484664914
36716.8490662011
36672.19585135
36718.0450644031
36689.8565553659
36723.6179920488
36697.3758603867
36716.0051047744
36705.0836890855
36667.6891741726
36688.3850336838
36687.2702067017
36679.8447881703
36683.4842900657
36695.8252426757
36659.1416817892
36690.4084321138
36664.1958952928
36675.1885076908
36656.6639311526
36704.6914846537
36664.5761686283
36695.0967705957
36652.2154464064
36679.2007884294
36690.3659051572
36714.055247945
36704.6694744624
36663.2248610935
36687.448827843
36670.4219677423
36688.3028023295
36716.3644926698
36684.5064684044
36627.7302323451
36656.0344008926
36680.7916351883
36649.3265502861
36706.3613275972
36689.4897734855
36692.0536740618
36722.7723873127
36691.2714956219
36702.6958875994
36667.3546719143
36669.0558069483
36655.2152666113
36634.9799885494
36706.2946296931
36710.6193481644
36671.855166842
36706.0603831727
36678.3806407017
36696.2457990678
36691.5407374484
36664.858278234
36649.9508625725
36672.3026091742
36701.6933011071
36668.7587673126
36628.9928313093
36697.5996233946
36677.853095966
36684.9201414778
36670.4293333535
36635.8856697504
36689.1684342531
36681.0673032802
36695.1745761781
36663.2271879787
36697.6432707986
36701.867302146
36662.4370080098
36710.9742918126
36666.3097433504
36661.0817435927
36632.7032366636
36710.820130729
36648.7103880771
36680.7995162476
36650.9774293529
36707.706600855
36669.3686585095
36649.3064566238
36700.4160366882
36635.9016186778
36691.1303715711
36676.2496492135
36679.5334423529
36697.4176630337
36705.5108229014
36669.8057979843
36681.8321430939
36702.9081948201
36665.5567713878
36676.8857762711
36698.7366121185
36673.0511341937
36708.0158444284
36650.7029635003
36698.6215130969
36686.8507042931
36665.6178704776
36711.6500082724
36705.4227215293
36720.2038430186
36703.7438835562
36668.7636017213
36701.273297755
36698.5856751811
36682.7197223018
36696.0747072803
36667.5548645604
36700.7124367243
36741.1479430356
36685.5884286993
36671.2894990595
36665.0650818261
36690.4917728013
36673.7440803943
36663.4151772457
36699.8310764433
36664.0446950526
36681.8082389719
36683.2921560313
36704.1220708837
36667.4694733243
36693.6415648724
36696.7412171171
36694.696332673
36718.2296939975
36676.238158635
36658.5595401912
36676.0058335928
36667.682850784
36714.9609066604
36699.8634340928
36624.4158162302
36695.3493584822
36684.7600996443
36651.7909391137
36658.350053856
36706.0495645235
36646.3639363475
36704.1447709998
36689.5191743587
36695.0628544076
36690.9168532318
36669.7091419704
36698.3373415951
36681.6229526051
36695.1699531247
36723.853254123
36700.3053509748
36702.7833421719
36661.132851903
36717.0864934182
36722.624598953
36680.0458320173
36650.7462256816
36652.5254715979
36705.3602950377
36664.7897557142
36673.6577104465
36706.6112607162
36652.5782359273
36699.4315780677
36731.2704959981
36694.5480446379
36658.5457115189
36673.8248719535
36642.0132813476
36666.3404564387
36701.5411395673
36701.4169586762
36689.4857415124
36676.5187112812
36672.5903508303
36710.9662559804
36713.8733501276
36685.7615088518
36698.5482643627
36662.0674773545
36656.9017924376
36657.5001429539
36649.2114535841
36724.4599281144
36665.4468913489
36675.5743233393
36673.9960484008
36690.6694909639
36703.7136602423
36663.6718805127
36663.2448108563
36690.9394698252
36675.4281976189
36708.792470419
36665.9479732626
36659.9384054855
36686.3188927437
36673.9310752593
36713.7544544585
36691.4925518304
36644.2437357592
36642.5749756593
36689.2378505338
36670.5985459509
36697.0936174414
36628.8222610003
36668.4437426259
36699.7577791868
36672.6740156445
36712.9072866258
36673.8196526816
36664.9992583578
36681.1938518716
36699.7992233795
36667.9055154539
36686.5207509445
36687.4147249487
36659.6822618553
36708.2555373182
36706.1812731054
36658.4598331894
36697.551502564
36726.3120298795
36708.2891416865
36684.908763042
36693.4688048061
36696.6239931931
36731.1974326536
36702.3616019439
36691.5610608849
36682.3824855583
36675.0338760011
36637.3287633057
36713.9929744709
36661.2712137404
36672.3802848145
36681.6017416774
36667.8676126698
36677.7307491764
36696.5564707575
36649.349156542
36684.6496609521
36709.6438121956
36665.1662189997
36699.8251144643
36719.808390465
36685.341884539
36690.4126410036
36638.6306849215
36686.825427164
36649.0432062483
36683.0001630973
36660.9359354448
36657.0357899075
36683.743129123
36678.4164196008
36698.4656575639
36671.0770374343
36662.3634443233
36649.8130806491
36709.232585724
36698.7388876469
36685.0081031687
36677.8379794788
36703.8712421858
36685.2143941299
36662.7125560531
36687.7362152086
36670.2153264638
36700.8507132479
36716.6646022289
36689.093342092
36667.3050326527
36696.13523901
36689.5715213454
36682.6342147856
36675.8386688074
36665.7535759946
36672.5246554164
36670.5717236238
36712.9561358458
36711.3837974391
36685.6438086799
36723.1667785755
36706.4055407067
36699.3797165514
36675.735388012
36660.6358252125
36660.8435494972
36651.1420874951
36688.9362578887
36661.3853707229
36685.6496524415
36695.9883398767
36707.7765720994
36696.8576878487
36695.0073368086
36670.5670246372
36690.1640664609
36684.4725900268
36668.9957258
36712.1393391761
36715.1391297583
36680.0938707867
36705.580333804
36680.175975158
36727.2514476027
36664.3031118442
36673.3900449208
36712.8221732074
36685.959215615
36669.3414787401
36657.7759103607
36738.8109039055
36692.4191304869
36668.1248304604
36708.7727972481
36656.1883366956
36649.8379257037
36690.7793968147
36690.6453892496
36680.1504261297
36703.295370438
36668.4993018858
36654.5469526704
36684.1467150655
36659.5423898748
36718.939542031
36675.4439695093
36699.8553574873
36656.2269083793
36655.9688618139
36675.573714733
36642.7715289057
36671.7092971524
36701.0354896053
36695.2195640324
36681.1705793294
36679.0673990887
36691.1175816925
36704.5531872147
36669.750177921
36715.5350798888
36660.1230451499
36719.7034293802
36656.9807284278
36678.0724911303
36666.0468226556
36695.1330766655
36709.1785125431
36661.1496650808
36698.9928183372
36686.7674523258
36681.5781275548
36663.1999186467
36673.4487656849
36682.4662692378
36681.6488684926
36697.8603031877
36677.643038163
36665.0422086207
36695.3140639137
36671.1306831687
36707.0182722303
36676.3291434322
36665.3603325012
36666.6887723786
36660.4401163421
36675.9751191555
36684.080182513
36694.1192665922
36688.1160090385
36676.4971174498
36698.9780007496
36632.9621289847
36661.8669002839
36715.7454888507
36707.5372160553
36696.9946364906
36647.8238138158
36674.8222362536
36664.9119698837
36654.8710536269
36688.4327897935
36694.4882404171
36696.1654750191
36689.3721751607
36684.730071899
36685.0878635967
36658.1000403694
36665.1081418662
36680.3348856857
36673.4029044
36696.1549364212
36660.2105335513
