36681.0837512378
36682.2073126711
36669.0338763311
36737.3653396684
36740.9951702146
36771.5591191086
36773.7752728423
36725.1860945105
36770.5523663485
36676.4480410591
36722.4790449331
36773.0454583655
36746.1090835778
36700.4718041653
36763.5486463483
36702.6383801882
36734.8257506961
36677.7299453744
36680.9609595225
36674.006331911
36680.3375308497
36679.9160762637
36673.5089541205
36682.5463974907
36689.8628203967
36711.9144677722
36709.7272025623
36737.8030191173
36781.2458501669
36719.7264819986
36722.1876137915
36716.9749074621
36750.2790678736
36678.7220070219
36780.111284617
36673.6702921584
36730.0194461961
36655.333111301
36742.067751742
36714.4731700385
36708.3199966233
36681.4536190654
36713.6164401177
36708.7551069231
36697.2162340148
36703.8509147264
36661.4232276571
36719.5412628359
36686.363185511
36710.5906388936
36730.922623221
36712.0144075959
36745.994462665
36744.9614094386
36753.4039199124
36638.1326080482
36732.9995766258
36663.7420824499
36715.0975612487
36675.371189912
36700.8797182629
36735.3739573558
36755.5627052804
36710.5117851176
36711.3193967417
36689.8470647902
36678.5863728091
36638.1034937215
36689.0951729866
36664.4718282655
36726.1920838624
36744.2286549659
36713.7053602603
36726.7928915664
36671.8078178462
36725.7456035504
36671.9597923181
36657.6059821635
36728.5883339285
36709.0636804213
36705.5500813629
36754.7312921996
36695.9550719962
36657.002936535
36704.669666527
36745.4832082884
36692.8896320063
36710.1711891247
36793.0763915365
36652.1958355036
36692.2285278564
36746.5631480531
36665.8852912599
36702.4696943925
36716.9067746668
36724.1937121433
36716.588222815
36744.2971672039
36681.0504784432
36739.3958988671
36726.3335563641
36636.5109649822
36732.7092571151
36694.0906385991
36672.4931166427
36735.0630007581
36690.9934555554
36726.052710803
36689.2841573436
36736.0590588351
36716.7177928366
36723.8475050082
36763.1836274909
36701.9591450538
36737.0270416048
36722.4419379659
36731.9019485856
36685.00502883
36718.8309713098
36748.2436097482
36769.0604213485
36733.030135149
36721.9805615492
36691.4004817353
36713.1734182009
36715.3091223401
36764.4325973788
36727.7118643384
36709.588042863
36729.4972667964
36661.4284345632
36751.1788405864
36652.2483088196
36702.8534983879
36758.7934818643
36682.7705843919
36698.0065969934
36698.1094393189
36754.802808578
36729.4880068199
36692.0590354979
36693.7544079907
36708.4499556589
36646.557483751
36719.1680803547
36640.2818401928
36747.9156612968
36688.0128726645
36713.7300453627
36667.9717217867
36718.5159634016
36712.6918463032
36704.3693128919
36699.8199860099
36685.4239836209
36666.3192822803
36706.4609970007
36682.7248061639
36717.9040778325
36629.584690577
36655.9531621727
36684.5521009557
36679.3349912327
36660.2482272008
36688.5542895871
36654.0602589528
36716.4374420804
36656.4492939688
36716.8863222371
36689.7000624396
36702.1053782597
36679.3147676519
36694.0006088073
36681.6730503084
36725.0630933926
36722.6457369507
36639.4417125853
36750.2447307357
36696.2664257964
36776.4459229144
36713.6671119538
36718.1306480653
36670.3756005417
36652.8685778419
36665.7849561487
36746.5041965397
36754.2033535937
36697.8602759052
36680.6300134018
36714.6956129521
36628.4637338345
36737.5572918505
36694.4479211086
36708.5560276933
36727.8954956781
36743.9984130121
36699.8850507742
36619.4862050575
36717.5878331862
36722.2872210437
36752.01592078
36808.9035616326
36697.7748430873
36736.0966186052
36696.0445275714
36747.1321330673
36731.9527292162
36727.6450384653
36750.8290313124
36672.0340960695
36701.9154032255
36665.7843237121
36653.9098500547
36725.060451165
36670.8794079575
36713.30172998
36722.7676834903
36653.6130479407
36685.780677149
36762.0731292241
36658.2778137294
36645.920608222
36713.9735518748
36639.4238159937
36707.3608323974
36747.7810460578
36686.7000999887
36736.5946068333
36668.3713530139
36695.5490401969
36690.10566979
36701.3382131264
36668.6128663111
36704.2547294107
36743.2018869051
36803.8749099485
36740.4955366009
36699.5040875301
36785.5489521512
36754.2664656012
36724.9885069948
36655.7571843982
36671.6456727859
36715.891423007
36681.1760781684
36654.2181424797
36723.5283951066
36666.0099055259
36705.08890393
36672.7526417993
36704.4997816665
36727.5238688581
36757.9356078998
36677.838083865
36635.664989262
36732.6978574322
36731.2101182423
36669.6393588556
36692.1617019499
36664.5547506948
36723.4285160479
36678.5886684903
36668.3050799623
36660.7813640019
36702.3997200859
36729.2550922999
36743.4717543324
36710.9156688895
36682.4342284163
36662.8505057596
36719.8347481107
36660.5279959185
36715.4655910245
36665.662397889
36735.3456831607
36691.8217729546
36745.8241092449
36719.4115574387
36718.0432481439
36752.1745678939
36741.1352377459
36783.2304480349
36736.2543490722
36674.5312914309
36705.4983750624
36720.8534912657
36721.8910935019
36639.8589328407
36738.4945115865
36698.5014161213
36713.0696481413
36679.3181278582
36735.7288561598
36744.3490304677
36792.8330424973
36652.4268762918
36734.6196245654
36725.2799429703
36688.2290308945
36693.9263290304
36731.204224598
36770.8933521074
36674.0536402484
36739.2120021897
36719.6548831846
36738.6322940326
36717.3500127549
36754.3546427554
36681.3836794771
36733.0888393233
36749.5020294579
36687.0759324944
36642.0289373354
36737.9190391115
36686.9461009572
36755.8190214258
36747.7582139356
36721.5582383091
36747.5844478865
36702.3029758952
36666.3752407287
36691.6038793651
36680.9866493426
36675.0443693264
36648.904382573
36716.0828371237
36749.7038703819
36697.7997063886
36741.2650410611
36725.2135152078
36747.7779883564
36674.8814825087
36730.3465462299
36692.0847567703
36744.3015745067
36699.4969670177
36712.5911421225
36649.2397829398
36685.030345143
36731.8921852656
36797.8090181074
36716.7887135706
36748.9641114832
36665.5047614591
36682.3601252249
36704.6563368402
36731.7378724523
36735.7259554484
36691.999296127
36673.0751037822
36700.3264334116
36661.1674389756
36701.981062457
36686.4396989452
36710.0268484428
36776.7381341514
36682.2504665332
36665.2441302511
36702.1601496574
36719.0827713272
36746.6438976284
36730.7450293161
36672.5638338855
36697.4979688257
36699.6858834117
36729.232359883
36802.5763992542
36668.6316213119
36720.52597972
36679.3930929246
36686.3323031342
36753.2741034548
36727.1630391649
36742.2063722565
36713.0144510066
36688.2308862344
36685.2731118848
36707.9878195133
36666.2162979727
36674.2341212031
36676.9703118651
36740.0358181182
36679.8901544129
36678.6903981284
36662.4968465412
36704.6783602213
36677.6043055628
36754.5747464152
36769.4190193702
36682.3193165506
36711.2146198752
36732.8418593691
36706.995094591
36745.7833908091
36732.7977732185
36693.6480151056
36759.7196597845
36755.7188014802
36750.7147993394
36700.7250879754
36731.4217109836
36740.4155318157
36698.7271738445
36765.3951931545
36694.5668299976
36715.8640689988
36662.3797987076
36769.797047636
36693.7444555382
36671.9191483812
36685.7922130948
36701.0839439949
36777.4692422033
36701.853052693
36626.4659566124
36697.2530561667
36706.6770775169
36707.4701492009
36706.8821760621
36698.9235531582
36702.2399023506
36705.7303815965
36674.0423722825
36699.3538674517
36723.1368794554
36696.4505524726
36690.0524972958
36736.1003321146
36713.615207557
36657.0597383405
36730.4499992985
36697.0818077025
36770.3262873197
36731.8656330976
36706.5941371719
36719.8485214432
36778.6852913238
36671.580872322
36681.6346070552
36687.482230986
36755.6510892302
36742.5342050085
36677.0080372356
36691.6445344813
36676.6821310299
36764.3350553304
36715.5859266612
36742.9192942463
36697.5280491047
36683.7794923547
36699.9971374443
36715.3003515312
36689.2978904587
36667.7406258611
36735.1300216583
36729.4335677314
36702.0120707461
36696.3680759238
36698.7525284366
36709.1351012376
36700.9706078654
36714.428224122
36691.8344739359
36715.7719645894
36682.9748532432
36660.4302377188
36731.1402421767
36723.5963855292
36721.7119057969
36725.1680234369
36745.6643496292
36703.9295303946
36718.3873484586
36650.8681043303
36669.0272087584
36741.569919218
36711.7290371186
36714.3306869078
36690.3721670728
36712.8138313923
36697.5693653582
36682.3236649023
36732.8835152553
36703.76283548
36719.0228629831
36701.1139938514
36718.4801620088
36657.9204833357
36774.5280794603
36761.754106799
36655.9788557547
36724.023772053
36725.4381428806
36735.6246470999
36672.6139016781
36747.0694412941
36698.9245661268
36731.6870888336
36748.0052534642
36699.4626442029
36734.368930722
36712.7641463
36726.0372244791
36687.4859856003
36791.3085026998
36692.9410702101
36690.2043424571
36756.4945260775
36731.9526208525
36687.8766680678
36681.8072711326
36714.6516169698
36708.4360273185
36738.6663826477
36679.925305887
36680.197521904
36666.6858545218
36721.1923276115
36708.9866577784
36669.9438155404
36754.0179039437
36718.4648382914
36704.8395736837
36752.3920516626
36672.3392079012
36725.5351090674
36695.0969321414
36754.9528771107
36693.1800566366
36693.0568748292
36699.2079474649
36690.70716307
36720.1851705599
36705.8213174054
36688.2315798799
36686.0528373064
36700.7181060361
36668.6103222039
36689.9144432664
36757.6769287983
36694.7213639685
36654.2168620131
36653.7004410209
36680.9856234747
36678.8124620888
36650.5823305657
36697.1575381795
36736.3851878517
36776.0130433967
36695.3892189563
36708.2968707567
36725.6082600669
36752.0074918483
36764.7776039547
36666.7629522934
36751.2451672655
36682.1821847541
36684.5385567342
36708.3300106691
36756.3646792684
36737.0481534863
36722.79247126
36784.7699329301
36746.9437761322
36681.7118371862
36689.6921000305
36720.0991103576
36697.5448499297
36740.9847389066
36703.3966872986
36746.4653403737
36696.6992968157
36803.8734328126
36708.9746804472
36748.91030455
36686.5316591423
36777.6823085251
36757.5523115647
36696.6764730427
36704.7456862559
36736.5582647181
36681.5305039572
36729.2570573702
36750.676007947
36774.1435160929
36777.639078779
36732.9700747897
36684.7199491682
36663.9412155025
36722.2402717578
36734.9667808473
36740.2124817888
36718.6211287731
36706.549798179
36695.1289690319
36702.4444568244
36674.1965140474
36686.5976327967
36682.76079678
36723.8454092092
36699.8121898974
36661.1502297741
36715.7705568381
36789.7615814009
36628.6829161553
36733.5186310068
36739.7684066139
36729.0974005991
36770.3677856327
36737.193726879
36700.7000501467
36724.6452497882
36731.8986072643
36731.2093250751
36676.2213504389
36641.006889254
36718.5787867351
36708.9386236551
36702.675176165
36758.27764619
36696.8303962886
36652.3949371611
36714.9105054416
36664.542958842
36691.657918641
36739.977920665
36748.0868588972
36737.5549405516
36686.3541474411
36675.8450480584
36633.9704719485
36692.4057277667
36727.4779031182
36708.219840815
36651.4879198333
36741.9091654138
36752.529805828
36692.2386872987
36722.2487668334
36729.8917275841
36708.4252055495
36687.8505257412
36736.2134105644
36772.7974138166
36764.3292160492
36741.9677897461
36724.8863475164
36679.4510809699
36677.8410211378
36651.4537039396
36723.9827937631
36726.4446133536
36756.0034201786
36713.1634498386
36653.615992977
36715.3411663981
36697.9769771898
36716.2840126793
36733.3591237604
36744.4568538164
36706.3168872763
36704.5885201887
36730.5553177827
36750.5178267587
36719.4321195239
36783.02810978
36684.7388892802
36678.5676244007
36760.2178649007
36692.0770698707
36763.1018811443
36778.5568772564
36753.6013694257
36737.9213164047
36709.2523634864
36720.3730819963
36705.5632926498
36720.6239241283
36700.3256316584
36749.0968016358
36726.0978614211
36703.5781296286
36767.0374604631
36690.859905198
36678.3897856585
36747.1599403065
36678.9544479149
36678.7902025148
36696.6514582014
36664.2053532897
36707.8118539539
36682.0239118844
36713.3178307708
36716.8727396454
36681.281309157
36654.7273194601
36692.6870412043
36683.6212217448
36728.7779743564
36687.2917890506
36688.9376493152
36750.5014869023
36749.0918431469
36696.420595197
36703.1822963147
36710.4587039077
36755.6427662525
36714.7870494501
36721.3766991441
36658.0096968216
36686.8884151232
36704.9482520384
36687.4394426677
36750.3973216544
36756.9647395429
36772.9653748935
36651.72830786
36714.6066151406
36710.8836506202
36696.6559686246
36697.7441813935
36695.4320193673
36707.8511719263
36725.6263791228
36765.2230372867
36762.1736799299
36694.6627559889
36788.3725803954
36700.2491164061
36707.8076940935
36717.2836387187
36741.4831402192
36742.2359299674
36658.9703883881
36653.6794056434
36763.7207850606
36712.2036503577
36664.0792778325
36739.5262058346
36664.9982125569
36723.8121462982
36724.7732702454
36691.1066219661
36824.8052041577
36724.4213125492
36679.785959022
36773.9320835028
36743.3762276064
36717.3330639593
36745.9877498641
36679.9756964452
36628.5139964362
36728.9084148351
36725.964941507
36649.8925829316
36675.4083145901
36741.705938667
36700.9630324466
36748.7987745023
36699.7664184729
36676.8937632929
36658.2363939994
36715.1414145777
36678.7832198313
36687.9862854365
36785.3699907508
36714.8112963642
36742.9991233146
36684.5425435101
36697.349998009
36653.9429904693
36695.7384820232
36681.7756510914
36789.1914840206
36792.4406021362
36770.4665823757
36681.7112720336
36735.5172137217
36691.9315955288
36694.3072274699
36808.7054207979
36705.246043956
36736.653112756
36693.9365132245
36712.2237560987
36691.0310558895
36757.640387093
36757.4713513806
36740.9907589312
36689.5795471404
36716.2671478801
36720.0241217098
36719.0294906273
36738.8674187967
36721.9122422911
36721.399956842
36723.5779267364
36695.6894280002
36689.405597616
36696.4630740032
36732.7710560194
36765.9901385699
36742.3855473529
36741.9575094678
36670.3990546409
36722.1357378725
36751.3906111884
36693.2970216478
36715.3780800894
36691.300752912
36696.4657246774
36692.7201779135
36684.1738513996
36675.4220836163
36692.6053098582
36675.4371130891
36622.8164290808
36689.4518345222
36659.1766735586
36724.6062504923
36747.4938545421
36713.1734820231
36659.5490030353
36712.4124374736
36685.6182171588
36689.5850340077
36693.4740140296
36748.1521961834
36694.1467948873
36707.5625099791
36738.4984304702
36672.8525127223
36764.7729710185
36713.919177064
36643.9808292394
36736.556754597
36783.5451081484
36704.301035982
36743.2799573408
36724.0699536908
36714.1170866393
36698.076794718
36743.8595676627
36681.2488354929
36706.2141338664
36677.3200442535
36738.3871850471
36687.8322370062
36676.3324457919
36759.6862965868
36738.3464001354
36727.5256186362
36736.391997222
36660.1545968799
36668.3131586124
36764.0025397038
36759.445212574
36733.6726889716
36705.0235748219
36748.0462224866
36680.3127050801
36705.3145501433
36718.8244107404
36741.2737001496
36688.6727620852
36797.681831236
36746.0765341951
36704.8171984494
36650.3145314648
36729.1769318542
36673.3649123594
36708.5655137116
36629.9605828473
36661.1698300159
36723.3650857869
36698.7861489759
36714.6143049118
36673.4074275187
36699.1072601144
36686.3867188797
36761.7597292164
36699.725776645
36665.529642424
36670.1135813773
36752.0232620406
36732.9507502672
36727.3592212401
36717.0639199026
36677.9382911891
36761.0515816835
36747.1417731948
36679.8990536266
36715.5091933001
36701.7403766419
36712.5232074736
36681.3554045033
36683.8325030337
36789.5631973232
36723.2116840365
36701.5464262798
36695.9643446948
36677.0899149019
36682.8352855269
36682.126681091
36736.7261596475
36776.2792900437
36695.3292934932
36711.676422777
36735.8946663175
36740.7895517647
36707.2749448785
36713.5116653417
36740.6149076131
36671.1286622751
36677.2210766615
36755.2459239776
36772.4895840903
36694.4672308727
36670.3415461934
36672.0253136647
36694.2744428626
36780.4832507434
36713.4521870184
36690.2901933685
36703.4219620898
36715.7277721775
36650.8429964169
36727.4227628584
36696.9046815742
36710.5756609853
36739.0718835244
36703.9005697812
36743.6443580544
36694.4579724392
36755.5006399226
36718.295904594
36689.1675592142
36724.6436074676
36718.3044046035
36724.9809686763
36659.4015498399
36705.3080009511
36676.7653318321
36724.8221496908
36711.7577373287
36731.4806430818
36701.0207489699
36720.0962879252
36817.8083963433
36680.3429972549
36737.3121542009
36694.5036577656
36691.8450858816
36748.0810095708
36726.94269835
36736.5989759147
36725.0413257223
36708.3390402652
36703.7538756329
36682.6640390578
36704.6959420842
36683.4307992068
36709.8557582628
36722.6113104378
36792.2695174567
36657.0413427502
36674.3010542278
36723.4448278073
36718.2851682033
36686.4999622611
36734.3152797466
36761.1486985825
36753.3128230784
36722.329405757
36675.5484962157
36690.942110723
36819.3683905911
36720.6104916716
36686.637853806
36737.7522046561
36691.5533139145
36746.4815443545
36689.9839295812
36713.2053487513
36690.6262412695
36685.2245331197
36695.6106237496
36712.3979326783
36710.2089631249
36787.2113334266
36680.3933160557
36706.8182350844
36735.0235415501
36762.3652706416
36702.5167170011
36748.046213448
36679.4326545177
36717.9036564785
36730.213447033
36668.5669091765
