36649.9453539204
36670.8390022453
36680.9809829983
36660.7425552372
36673.0074146589
36724.0092353362
36680.4076230599
36668.3503860807
36683.4072313588
36664.5659064055
36677.6070217022
36670.9004554019
36675.6683672949
36686.8001731255
36676.486509595
36682.1058777125
36623.1315816298
36694.8420829142
36656.2302093565
36680.2504616002
36653.9262007781
36674.0369586249
36730.1322724602
36652.4901525248
36652.1071884596
36656.3449943052
36619.3244049729
36718.6975519795
36653.443093338
36634.9482673514
36680.3400207806
36614.9507738557
36669.1170418869
36672.7883029122
36652.7771488682
36691.7066274731
36598.6411499693
36653.0406322426
36709.3202458124
36657.2349687461
36678.544362407
36638.5550661092
36699.3941568084
36680.3528787296
36679.0837319827
36623.6733635917
36617.5558700257
36697.5014365661
36653.4344516745
36650.2067899426
36642.7284388458
36656.4943953302
36691.0709928438
36638.3079686851
36630.979281682
36687.3876662196
36647.5717122901
36649.6528515895
36670.547781852
36663.2015513387
36662.286586206
36650.4087224568
36660.9379970601
36703.1949019443
36692.3474959672
36655.6517530273
36656.443613733
36684.3108634578
36695.0707656352
36665.2226377208
36682.1735136523
36656.2953295956
36648.9322637324
36652.6709636159
36622.6412937682
36663.6470226244
36637.6044226693
36632.4477477194
36651.1365375175
36637.6445401299
36665.3228355204
36673.1406602184
36657.0794826032
36636.2607569991
36664.3825275038
36653.6209359839
36687.3986145793
36654.725282314
36682.7083224117
36620.6386858403
36672.7320469301
36637.7890661303
36623.0452247986
36673.7508704717
36703.0924256802
36668.8007672008
36671.2270156776
36700.8600999794
36648.5619446696
36673.8807716958
36707.2369586146
36664.4709160751
36706.8052910177
36662.2710434585
36680.6586439114
36647.1989087323
36670.7154126845
36668.7674925872
36686.9312656439
36636.2791641879
36676.958346953
36670.5276114791
36677.3460009429
36658.5733130674
36650.0252877834
36698.5802784676
36648.0191811239
36613.8489767312
36683.6270957414
36709.5107293909
36632.6037595391
36674.5259989467
36668.8267345264
36705.0080044852
36693.4237536778
36672.7984194119
36659.166530379
36670.3861661577
36657.4292096526
36666.1037433174
36646.6019878385
36705.1025893724
36703.1701410146
36611.4317828537
36689.3722660494
36667.8879870983
36656.2950411912
36663.5980642737
36643.9161250062
36661.5956626789
36692.4208299152
36667.1641109861
36669.0747913009
36676.6059626866
36642.4977066031
36678.9315628249
36642.1348463776
36664.4560770449
36631.9187960518
36649.009053282
36669.3600939295
36677.1310457853
36661.9602722375
36709.9153130024
36627.4257552496
36670.9029165374
36654.0835373078
36687.8400469576
36675.7806505219
36633.3586431692
36704.8960234971
36693.0459871918
36676.8416574438
36645.3023556319
36681.7690625283
36645.7633228005
36662.9107873942
36676.2347284666
36684.1057658648
36641.6797419534
36654.6598571343
36666.3056526253
36677.2320463237
36655.4179778819
36606.4879127843
36666.2994479047
36731.2476055025
36676.234999003
36690.17586665
36705.076886628
36680.9024826583
36691.0323870768
36652.8994921008
36680.4632297611
36651.2599999641
36673.719842976
36694.9248201075
36684.8447874253
36686.3952923846
36695.2867470049
36657.0503348051
36647.0385842094
36663.1090982763
36652.3139943575
36615.9969216766
36646.8301416522
36672.4276276965
36663.4516362622
36649.6703154892
36697.870166119
36681.7330171129
36697.7623744842
36657.7688074017
36698.4070124816
36692.7863257686
36639.6043391634
36669.7608541503
36708.488900219
36683.663805273
36702.2473966914
36655.0970918446
36626.1128378829
36621.7760626093
36631.637495134
36682.6513367371
36683.4021319793
36640.9542183468
36676.8822204315
36650.5167789363
36657.5188833378
36658.554920997
36682.4062514533
36674.4711289656
36658.9698949662
36667.5998017397
36635.2196828138
36671.4031360035
36682.903808945
36617.1394233638
36665.8142087078
36657.1836016838
36666.9422520717
36659.0158832483
36696.069768847
36662.5113471385
36672.2109967027
36677.011572933
36672.0240220268
36682.9737454168
36635.5655032538
36670.291663519
36683.1966040879
36684.178000505
36709.3690471904
36640.236622736
36678.0949929092
36634.5945118743
36669.0360973292
36712.1438623745
36673.4471646673
36650.7718093723
36677.2186424874
36667.8169749383
36684.6167935449
36672.5379805478
36639.8614187581
36643.5558172737
36689.67273595
36667.0066848068
36667.0613908555
36655.0026774862
36645.3227341451
36642.9242258756
36664.7572242283
36648.7929747317
36652.2697277456
36662.9678655368
36666.2775198035
36699.4572170829
36657.6587952188
36649.8758029664
36659.8341042004
36657.6134630701
36649.6670090686
36638.4481376456
36626.0025549672
36630.6947338228
36659.3338353939
36688.0339796827
36665.5951578154
36725.6351474842
36684.1218709152
36653.6763900004
36675.0982784255
36666.0536980358
36631.8911372012
36637.9145584023
36669.8560428915
36670.1735427192
36692.3459499266
36661.5826742517
36678.2588551562
36676.1369131785
36672.0558493521
36667.2912062185
36631.4278920685
36686.4334810772
36639.0862180189
36661.0383936737
36695.9716800082
36669.3826090013
36629.6328168781
36649.971853604
36718.2228766531
36650.5907441976
36686.6366494497
36625.2291918721
36677.1896029812
36651.8649090805
36677.7652458548
36639.0663800034
36655.6470983265
36702.4726457467
36681.9779279932
36686.2799194387
36687.5470341035
36670.5509333693
36684.225709904
36660.9464844807
36714.8779639647
36650.3080081845
36671.4557291348
36633.7207750931
36632.2304136597
36680.9195655342
36660.3672355548
36672.8019500201
36668.0610577527
36648.2937196862
36655.0884654429
36681.9520834956
36715.9327517728
36678.7786731952
36671.6926844669
36629.0115443066
36674.0333364457
36693.6183735302
36671.2536829274
36680.6417261565
36674.8918462794
36683.1992036793
36654.4356833533
36640.473047201
36673.5039113107
36642.0636355241
36721.3507770955
36658.2517094182
36688.0157745155
36647.7298124796
36643.7049821784
36653.0596775479
36698.6482065648
36689.8111423614
36676.4255906741
36679.5133741619
36641.4053957015
36677.2915471719
36666.3393430686
36645.1205526484
36678.6585581384
36684.1052699238
36628.2419136227
36698.1597367274
36659.5833511681
36658.3646492675
36671.6939009422
36667.4716172334
36661.3193937665
36684.7771065235
36651.8535474829
36650.3149838888
36685.8688846724
36699.8975612787
36718.4534458843
36650.7777868766
36615.8317906379
36660.097273402
36617.831615655
36688.2696970218
36690.4394443963
36654.9017115469
36631.2199011622
36651.8013067047
36644.4621941563
36638.815104468
36652.4512315491
36700.9681051205
36628.7655118151
36670.7108496852
36628.1816929174
36701.2076757447
36691.2400413307
36677.099091204
36656.4292918618
36651.3572004629
36630.0134871454
36639.299063484
36654.4873478382
36650.4487381551
36645.7637669247
36717.5746290245
36656.1258206888
36714.204093757
36633.764763502
36632.4855235907
36684.8005182205
36676.2490984739
36671.0872607289
36669.3163090095
36648.3127848094
36623.1268636291
36667.1990529719
36676.5301108284
36674.3507551174
36602.3699509906
36631.3983164661
36672.8508305553
36672.577627906
36694.5260252554
36653.4179043165
36676.6338786756
36641.3753185952
36657.2214196276
36708.2814704197
36647.4583398768
36663.0673992595
36677.9538754552
36657.089957018
36614.9248210248
36662.4547942773
36685.804187272
36686.2552473095
36657.557573826
36677.3087757644
36627.2610540269
36676.0085465763
36633.2126961438
36673.8650424912
36695.5944486763
36646.2545101881
36664.7573456255
36703.9396751715
36653.9071701762
36650.5561274009
36646.7144269268
36677.5057492893
36688.5370284651
36676.478803888
36653.091310661
36694.2899741461
36630.3419749613
36668.3856495763
36681.8307484104
36695.9645922576
36656.3307039003
36661.3707419264
36596.930619175
36650.7251053813
36671.6722440728
36643.4984641795
36706.4112069089
36661.5665146948
36675.6662137534
36651.400062009
36647.1336499868
36667.6187734615
36722.3786241331
36667.1765228621
36690.045251011
36672.2378801289
36682.921016067
36644.7788020275
36671.7759562076
36654.9033815626
36635.0345856811
36686.4987270345
36631.6370717395
36652.7349041687
36691.1777144124
36654.6385159456
36611.6579813978
36714.720248756
36696.2159455608
36641.731520164
36685.0437517004
36720.16079937
36676.0281577606
36674.3673297927
36665.4686205481
36676.578796821
36642.8953533
36687.306352204
36597.8256929035
36677.1201144185
36665.7696553616
36628.8289293612
36655.7002584917
36679.4825064188
36685.8274932232
36675.4655126083
36679.747604972
36627.7678943667
36628.5925123038
36681.759155128
36690.7292805016
36689.1557193912
36671.1116546935
36645.7647007311
36657.8375741818
36711.1331126581
36668.3984054968
36660.5191368213
36692.6721089109
36662.6725599074
36691.1574428281
36658.0908342999
36657.5955592313
36645.5237593268
36676.7923667484
36687.7382460203
36707.3553916603
36685.3777069589
36638.7226215839
36674.279945061
36695.9610030956
36694.9873741508
36693.1072766149
36670.815371944
36666.6502319117
36636.2125193877
36699.2248738906
36698.4322277219
36640.350635066
36723.1778928402
36686.9418675731
36669.659540363
36648.300353443
36649.2885480868
36664.0593402481
36618.1934862318
36631.8272339914
36664.2319789823
36657.8886012443
36682.5471431201
36704.087732393
36698.8678054382
36700.6842128481
36641.1987841949
36690.5166169839
36666.3996008135
36640.1472614744
36612.0477201881
36634.9350806292
36713.1634279394
36673.5614701517
36616.1533676634
36743.7691976578
36684.9679263704
36670.755646053
36623.5107644552
36658.9466568224
36681.4938633036
36649.1354810793
36711.3029510991
36630.6262336349
36688.9472215243
36672.3178969223
36668.4609525459
36646.0613790174
36647.3256915287
36664.2308046383
36694.1923403304
36683.562525421
36644.794028812
36692.8463704866
36682.0168232133
36665.7812469908
36697.4365112639
36679.1140531784
36595.962977375
36681.6635350773
36694.852483689
36685.1415331814
36643.4079166284
36657.7844283534
36681.8809901699
36662.5921696553
36706.7631078649
36669.8829494791
36676.1294808593
36655.7495984177
36601.740372391
36609.5501034574
36642.1856781875
36649.8056803901
36647.742786336
36657.3348325905
36682.7837934125
36710.4622126174
36687.5613274581
36677.9733335382
36702.9036153274
36691.2112187814
36682.1054216486
36676.7421495132
36674.4674358781
36682.9668430204
36660.2359421118
36631.0495854065
36653.7893993395
36661.1007524342
36645.4150381956
36668.226241477
36658.3837719352
36683.983439944
36703.1447520592
36676.2566301248
36692.3216937469
36638.3272069929
36676.9158680403
36684.8103460171
36655.7217012611
36654.0712112428
36660.8059698871
36627.6566852262
36640.2516601629
36657.9472844504
36643.4226130185
36685.3393988268
36677.9699415592
36675.4795403737
36661.8711312731
36689.5619110136
36661.0974993608
36682.1122146965
36659.977249818
36657.7654940404
36677.221781268
36699.0210048507
36652.0363385582
36701.7313382589
36643.1463126918
36701.8088647053
36646.0694239417
36671.0630334706
36714.1801894652
36635.0058209619
36652.178788684
36696.9336531888
36685.1208417948
36665.9385113041
36650.1221206007
36666.8459340974
36678.8885847291
36660.8280354231
36668.2580687441
36641.1660232098
36643.9610584201
36700.2825265639
36714.9456208656
36658.4355194339
36637.3035565634
36654.571576919
36645.6461733388
36651.7804207415
36638.9184479453
36624.2964009305
36636.2208147798
36642.3378653858
36692.1153022054
36626.8468960512
36686.0826866839
36631.4756806926
36675.3564005642
36668.1499948967
36637.4426441124
36686.4321712423
36698.770456594
36675.8462180252
36704.1090434157
36655.2935746823
36655.7221588505
36662.1797400855
36672.1323603534
36700.4115979623
36628.5567494428
36632.932848663
36724.5803048932
36670.9149406171
36625.9819750022
36679.2735537173
36653.0735653657
36679.6524632566
36690.9009262081
36665.962347151
36629.3685669646
36677.6421900118
36677.7600675686
36692.2853257588
36682.3318763389
36667.2574890982
36628.3758004558
36621.7836264977
36634.1199674545
36650.4338314374
36703.9579124352
36657.2075292501
36678.6510670992
36610.4422159289
36670.7879771316
36677.604633057
36721.3707656718
36642.6340579647
36732.55569617
36712.1034089825
36667.9001565002
36690.7552122744
36666.1601163685
36667.3045100404
36680.4567572026
36678.850010623
36657.0228849585
36621.7213063341
36653.5149052092
36718.1727629307
36654.670896227
36649.6841024233
36624.8545817911
36654.9681087631
36670.2074650647
36663.7294610958
36690.593692328
36660.4321102506
36620.0648917001
36663.1488500341
36683.2738722312
36631.4682903516
36629.7185263155
36710.4760550664
36694.62445363
36714.9251525489
36605.8654294142
36664.0340616104
36676.8390169715
36624.5355152904
36666.1028922357
36707.1705985182
36629.806237697
36667.9624467082
36635.4737162451
36663.9063524286
36634.53693989
36625.6533643458
36657.8737398995
36687.7594418567
36694.7361859119
36636.0572520051
36686.0881027779
36713.0850847725
36653.9556704531
36677.8052776018
36631.0582117771
36637.6495674158
36696.0586070913
36670.3664378487
36693.8472612813
36632.9310814459
36617.7347889502
36681.8569385353
36698.7417821855
36643.1350477618
36693.7696604175
36668.1401281927
36654.30530953
36681.9748435547
36620.0319178151
36629.157362421
36681.5168914528
36673.7814482076
36676.7305493619
36649.5971950007
36630.2241257032
36674.427046261
36659.2159819044
36657.9887651044
36668.1464558481
36710.2231908744
36678.3644752389
36613.4669722484
36680.9343228174
36689.9843981157
36699.1354567325
36670.0561322679
36665.7757241212
36639.2334020724
36690.3696979211
36673.3837665501
36678.4178928854
36682.5109122011
36679.3910026429
36654.762881699
36645.0723919948
36668.1712638546
36652.8139204103
36685.4499146206
36676.7496336811
36657.6919556704
36690.0707679249
36641.2874429903
36643.4939300527
36673.0356636501
36668.3838409218
36657.8727289504
36646.719771959
36694.1813453456
36659.3230837551
36637.678241141
36661.6023623433
36649.9013948795
36633.4500673128
36675.2386038654
36638.3546912662
36694.4818919715
36632.33258815
36632.0038756639
36637.7161606417
36601.3916405146
36629.0804395574
36656.5134199702
36646.2734707866
36651.9316191066
36671.7199233487
36664.0222861242
36677.0156742345
36652.7850536441
36692.0594443633
36714.3870890053
36632.7236270013
36654.0049029995
36685.9696036483
36663.3199957841
36663.7216200971
36654.0302500865
36658.4075939393
36660.2079406996
36638.8886721838
36693.991515135
36626.363304186
36642.0911059848
36624.4332305122
36658.7534398991
36651.1646647081
36658.8633182963
36675.7758134781
36622.5209944831
36648.4884502758
36622.7337960986
36665.7331237281
36643.6571799583
36634.2534483471
36700.7916712141
36624.3383191216
36678.5842309048
36629.9508080421
36640.643622417
36632.7841363296
36659.3856983285
36677.5573479848
36647.5361688542
36640.6876523518
36656.7475692601
36688.8429066232
36667.8608386557
36647.9682998715
36676.3319911
36666.9061099324
36654.5516141098
36650.8497540481
36664.1649995514
36685.5725557195
36654.308811603
36627.849498299
36649.6140102552
36638.0832648734
36682.1597706403
36633.6701990807
36666.9044459224
36670.5432457273
36688.5033340487
36635.3896928684
36658.7352248059
36621.5401539701
36684.7531380149
36704.9018889462
36681.8421645917
36677.1776234561
36669.4118497779
36684.5414701262
36652.5878530475
36663.1028427045
36691.4075193892
36706.3746482228
36692.5778833849
36675.5039228689
36631.7941451478
36650.3775929933
36671.8015626582
36648.0045881881
36703.359978789
36670.778398461
36643.1783427772
36643.5089385523
36655.3447120762
36650.1369220826
36679.0048790528
36686.3485187534
36656.0140463552
36681.4505247101
36686.8159914913
36672.8366155685
36710.4011334166
36610.3657580552
36672.3086918926
36701.9587524722
36669.4013210024
36674.5970883933
36650.2343855404
36653.8520254304
36639.9237406615
36642.182448852
36669.5429482917
36649.9536082783
36665.3840252208
36686.7239225612
36637.1283254805
36619.2723025678
36694.6934752151
36632.4703345066
36646.053920474
36672.0470179622
36640.6198760488
36623.8739387481
36665.2419763344
36674.3250766931
36647.5052489454
36634.7897328685
36640.7241415398
36649.8581805471
36627.4979993283
36653.3136392552
36654.968639051
36690.2145490595
36695.1799200047
36655.4521321616
36656.7439713332
36682.7426859514
36679.5475190584
36651.0231805279
36677.8285395746
36629.9472743292
36607.6995513823
36606.192925104
36670.6009574847
36660.8401396442
36627.8113402325
36664.034887151
36688.6915773257
36659.5637507345
36667.5425715749
36672.7499913059
36696.0317628889
36681.7273211983
36673.6644736836
36697.7796385142
36674.4614371261
36676.5956982991
36710.8313488386
36692.9716378609
36641.6064777988
36647.4551884936
36651.3002001628
36682.0905058213
36677.0676166335
36682.8031163688
36659.20274457
36673.9807828329
36678.7685950438
36655.8973344401
36630.356741905
36667.6931762705
36677.5167827859
36663.2317028999
36696.0061424106
36701.9134351486
36669.0441373864
36677.5058614763
36710.1734307551
36623.8905845103
36689.928578645
36687.0133853428
