36667.704301422
36679.9342910947
36682.4060318613
36703.2821842792
36661.5836877854
36691.6668493269
36694.7272099848
36695.3291670334
36649.5596253222
36665.5262653363
36693.5380519993
36660.1817079462
36705.6225633763
36674.2342433265
36694.3092208637
36657.9997484192
36670.9568853037
36669.756029905
36631.0360562072
36663.5171564496
36694.9242536495
36689.4217166084
36671.612279676
36688.3201685322
36663.8504154018
36710.7311676325
36662.7923389897
36684.6237100582
36682.5949029347
36703.7156952769
36678.3899373762
36653.8305386676
36669.4654584618
36696.2593072962
36675.4700727962
36706.4097211407
36674.8790906019
36664.2304929915
36670.8921728073
36687.1246803002
36694.172238337
36661.6466528479
36695.0310862957
36712.0908175433
36659.7005184657
36700.5188848958
36692.7755681541
36687.9243106736
36658.1444083505
36682.3795789759
36656.189764792
36672.0946610364
36703.2403266335
36665.4270890635
36645.9861388513
36671.7921378443
36691.6874912549
36690.0074524527
36666.5941136366
36683.9395490107
36675.018860494
36696.2945638491
36679.260778344
36685.7207779915
36656.962173876
36705.5787811029
36706.5149774815
36696.9742086548
36691.0254901605
36649.9451144606
36647.5743777651
36632.9502235476
36672.54455944
36647.2676033842
36645.0292304366
36695.700823818
36681.8319131548
36716.0547600895
36704.0204704103
36668.452714308
36675.719049046
36679.1630957329
36722.0033482117
36699.9187797576
36640.928571324
36691.0255456959
36688.2193027907
36707.4089000204
36691.0750580843
36682.2159348519
36707.6885167346
36669.9468753044
36682.9411600895
36687.2013598234
36644.4785862085
36674.1312828522
36673.4702099183
36650.8626676913
36695.6590958871
36651.3309819511
36675.617598885
36710.4042709097
36715.7197961183
36707.6746849487
36675.0321097604
36695.4387198786
36643.1266711212
36677.8283913972
36662.9858835369
36676.9606487817
36664.8314702546
36661.1454634792
36705.9580646129
36654.7957749743
36645.4139755303
36690.8374881023
36703.9326844293
36666.1395126566
36666.4140485288
36663.8230634546
36709.4021866064
36668.7838133961
36653.7721772638
36690.9453344645
36670.2847230547
36683.8986424822
36702.0815328717
36710.7634815429
36653.3484397662
36656.4243386542
36695.4083907679
36717.3177365517
36714.3471848008
36678.9602613592
36665.5472741964
36686.7409360938
36667.1956739131
36668.4536671772
36696.3734055123
36637.8724510446
36673.4329390275
36696.1732389563
36652.8516900915
36665.5533632669
36670.2907410409
36666.7381759549
36696.74666743
36655.8977080128
36657.5221379165
36658.2446732202
36692.6476850196
36669.2196936247
36679.2750904464
36708.0486695308
36687.7784040428
36684.3298635644
36676.4165708559
36667.8258303789
36680.5375317221
36692.2579246406
36664.1664936291
36688.2277066297
36640.4564111273
36643.5913135926
36685.6409754918
36655.5529676358
36720.8885628815
36714.4111249336
36680.7477532828
36665.9793537022
36694.4366657667
36674.820904212
36668.2186648957
36692.7375626978
36681.3248222792
36673.3628022822
36665.0881414337
36626.1076147064
36663.3611049412
36697.4423279752
36663.8894565885
36660.0631692355
36683.3747370577
36659.1924562799
36668.3694405595
36707.6882591015
36721.0634640204
36693.9969359662
36701.1661979169
36687.8748357531
36696.5436413879
36682.758572538
36664.6964364336
36654.3497359867
36691.4650530251
36654.6922181344
36636.4376929741
36669.4915265788
36695.5777405394
36649.7773433188
36669.8844396344
36667.9809381561
36709.688468576
36685.6761772707
36666.438092669
36680.1393702611
36675.5291139194
36687.0279222748
36706.6124566591
36664.9762478173
36662.8100302629
36734.8136831816
36711.1204025992
36670.9059404842
36648.6793550087
36689.0460493776
36699.8229986591
36681.9817869435
36684.4869974858
36680.1037030266
36701.2924732932
36663.5886244834
36670.1993848219
36701.3417151407
36661.5883562598
36718.330359129
36721.1456350648
36701.3467307731
36655.6248099836
36649.9968721094
36667.0185658142
36689.2096825398
36689.6160295543
36697.1957439425
36670.6680997227
36665.2997267456
36692.7038323314
36680.9251234882
36655.1288158352
36689.9241018115
36746.9073060955
36665.1202247633
36658.7270755889
36670.7160335283
36687.0966265452
36690.1001096292
36659.8355791014
36669.6559138795
36682.042739899
36641.7607313767
36636.1289339196
36685.7791591136
36698.0420000377
36696.9408302724
36723.2930947445
36679.6938536257
36656.6496320502
36638.2937349834
36646.1516644678
36680.9081593533
36645.4781529718
36661.7425596374
36701.9297428522
36699.0760474651
36660.1027291319
36702.4249953406
36662.0279628361
36683.3607463834
36721.3559711267
36655.9896729321
36683.8814327014
36701.7760871281
36708.0029089262
36702.7161743013
36661.3688249336
36685.8047590388
36667.5366923293
36693.2958534542
36664.4962614705
36682.3998359891
36670.23844865
36669.4725532626
36686.2204875449
36645.969283796
36677.2785018029
36698.3149883728
36717.093394893
36669.8171924523
36650.7408535423
36666.2173986328
36661.6044867025
36671.3602370092
36647.791042566
36675.8963933316
36680.1846973256
36699.3059896436
36683.7787358503
36691.278439421
36673.0986144541
36679.3664071016
36684.2765120713
36654.7007845363
36696.5179243651
36672.7049529798
36695.0008507215
36687.2704160603
36695.0155335444
36674.1502680095
36663.9410634456
36687.4996720786
36677.7497015559
36717.729663231
36664.4878705623
36639.2063570635
36668.953454997
36702.974841119
36706.1079147788
36649.7108904454
36708.8881191391
36694.6673863407
36664.8712792392
36679.5290564584
36693.8659239503
36705.6015021131
36711.6122726026
36731.8551383393
36692.3816895055
36712.9214605243
36652.0884582195
36686.1012456577
36673.9215747106
36646.8082633114
36630.0598883909
36650.3772853485
36684.0921453982
36693.8387834882
36692.6948841266
36672.5568852473
36646.408028465
36707.0236346599
36698.2596049794
36685.2744846545
36665.3175881052
36686.3559793273
36683.3869370716
36692.9451056829
36676.0425580678
36682.5034741893
36698.767180356
36673.4933754589
36735.9314916505
36647.6927992731
36647.8326813008
36668.5121487898
36678.8716368124
36664.4853132086
36672.2658948246
36713.7197833704
36686.6007342744
36671.7168130486
36699.0369798564
36702.1888103487
36677.7819699238
36703.5368231456
36638.580302544
36669.0632163231
36711.9241344481
36718.4441247666
36688.9708455941
36712.4427775821
36704.3309382591
36689.9684884497
36667.99260673
36661.1165685844
36712.8914854203
36678.2318167292
36683.1512687172
36718.5379161262
36704.4918745557
36695.2523257465
36710.2930440667
36684.6058948969
36691.9683085454
36693.9533197378
36710.004150733
36688.7591552794
36691.8995562933
36661.9358226911
36709.784212129
36649.1684328998
36692.1330964133
36643.1136707919
36670.9701069715
36688.7855086746
36687.7313152368
36657.1954805197
36719.3985693913
36679.0735485754
36666.9885854955
36688.1914356726
36635.3873561252
36698.631499467
36691.2576289856
36719.2525644009
36629.9430023631
36640.9568020152
36662.0946545989
36713.7126363482
36657.7017762967
36663.318943518
36715.945345173
36638.028854019
36681.4012582578
36662.6084821744
36656.107365215
36662.2582616124
36693.7616515011
36662.3139873895
36670.6988786461
36658.1548626871
36665.056353092
36654.102083047
36700.7694551369
36678.7982358233
36647.5709473373
36637.2228327321
36697.6964391914
36670.7847878667
36677.1178975766
36692.6935413882
36678.457894702
36636.2622302865
36659.3981301271
36702.1592709364
36617.3921946841
36680.8212207106
36674.1902036759
36681.5567459926
36720.1279649308
36658.6275227604
36691.5394667212
36665.2958419086
36652.0663525937
36683.3688270264
36664.5916967464
36657.3266887954
36676.9019446273
36678.907283576
36689.0860365452
36649.3858165281
36660.155048417
36713.358948057
36703.8977070202
36685.9267359534
36649.534416479
36662.0569811531
36688.2282601921
36713.8659669031
36699.6309659329
36615.5242791994
36669.4158126346
36614.2702079652
36642.8298907423
36702.7802094349
36714.4317360257
36679.5206916861
36704.9205229285
36705.7966337464
36694.6509422565
36663.2601058114
36720.4988971169
36661.03802707
36638.0324772743
36653.6703715604
36667.0761263831
36683.2062414334
36685.6947148161
36693.1545149444
36668.27696431
36621.3919553021
36669.1134694831
36669.7081870369
36669.6791320313
36690.9771889237
36664.9143874136
36671.2098396876
36643.668479012
36638.3579339481
36679.9402822108
36688.3202134721
36686.7754319691
36640.5404620217
36636.6398834185
36667.300648862
36679.4445406162
36677.3227231168
36672.0561239762
36656.7088007751
36687.0439609519
36640.8439133736
36692.5195232829
36698.1435124683
36658.5438043944
36688.4736847462
36678.8174133641
36697.8710687491
36681.9711203253
36658.8047934839
36643.3504723005
36658.4586005326
36659.2081827905
36708.7305377611
36703.2171650861
36689.6206678202
36669.4969784554
36679.6480579417
36678.3589474557
36692.3946829727
36663.4638862366
36704.322370395
36693.61085296
36692.8200313212
36689.1086427605
36650.4350372876
36676.5819199206
36678.3008046105
36693.7731561076
36696.3166746501
36652.1485860292
36700.0914209894
36703.012378919
36689.0953644376
36686.9624578556
36678.4526258121
36700.8101539213
36695.1415130147
36686.8262424688
36650.4798651231
36648.8261714553
36666.6498431164
36670.1779001483
36675.8881894173
36686.8209867635
36701.9798488459
36687.0657717744
36681.2902501053
36714.4398624488
36657.7712101715
36680.8735047751
36654.2626390028
36675.445755419
36672.95538353
36679.3015816171
36688.2387106521
36694.5465186378
36693.3057920221
36655.1178957767
36734.4457946408
36677.0278892921
36676.258192617
36646.2407018874
36673.9116393592
36683.1916473465
36687.0893058127
36679.0151327236
36706.7774544832
36689.7066870208
36695.9225008126
36734.0743942025
36665.8669937552
36693.3915947321
36680.817498349
36660.5693311483
36709.9231881233
36669.8361685437
36693.1487859183
36699.1277589249
36697.11670536
36695.0801227004
36686.2057063113
36692.3479731718
36740.7247759634
36687.260845699
36638.0168939177
36692.755947712
36695.836410328
36653.2307595014
36678.0118806502
36654.6500035379
36689.3203453471
36634.1933634115
36677.8014587814
36662.7739134762
36680.3022724284
36653.8621165788
36657.9542523549
36655.0348402282
36693.1485308775
36715.9791179
36639.7228722712
36692.241145899
36709.1319482042
36667.3073557952
36676.9809703299
36704.4431176971
36645.8219128326
36677.2949545651
36659.4093516023
36666.40954495
36658.8836655794
36702.9788680981
36676.8116410494
36679.9641997245
36666.2738693526
36681.0760549472
36667.3427489316
36713.5015243221
36676.8525011764
36722.7483205808
36678.2237511965
36637.8811365571
36689.4677575887
36666.1619337209
36687.3911626743
36723.830648637
36668.7016153151
36668.9935389954
36654.9388893942
36695.5119409837
36630.7662052073
36640.7948469831
36677.8002041597
36704.4847651987
36682.821016577
36672.755665006
36683.1657181865
36698.5855122186
36677.8350577678
36676.4126014893
36684.0881673569
36648.4520817971
36688.4801294424
36654.569843291
36602.9121123167
36658.2874357219
36661.8389671814
36714.8691056356
36657.6361708837
36679.3778436828
36654.6544684447
36708.3288583203
36685.546941822
36704.2557297008
36706.4618629647
36664.1852007317
36665.9445946717
36664.0993062026
36707.498127383
36689.1544521771
36724.320669328
36688.5433172155
36642.7881948107
36691.2083456365
36667.8503670632
36673.3518233069
36678.7904982208
36696.2941046056
36718.1743540517
36674.3582028234
36667.6399781436
36668.1424591718
36693.5995101508
36655.8045740817
36706.9150533017
36736.08728804
36673.8286324248
36680.6220941114
36662.4262146089
36666.2235504453
36680.1052439801
36679.3311517515
36703.2339804897
36630.6607212343
36695.1376737997
36706.2666612477
36661.2831279954
36639.8161758104
36678.426986451
36674.3210627935
36703.7370320223
36678.952580926
36709.1301844814
36669.5865685297
36665.4858581945
36665.2666449728
36630.6788461613
36670.2726090141
36666.0983972373
36664.6855029495
36633.5850806635
36670.774874691
36689.7624440264
36638.6951620462
36674.0004514223
36648.5169019774
36679.7641734573
36710.7192569823
36712.4633995528
36675.6095297457
36663.675375753
36713.1077459507
36704.4621868991
36701.6865695247
36676.6263589202
36691.4723790852
36661.9557415304
36653.2904409219
36657.0867747794
36651.7050916154
36691.5286226255
36694.9551489528
36665.5779207962
36689.0394278425
36662.2471454611
36670.8033373969
36686.3990601475
36675.2354884277
36669.2482893654
36696.4777393608
36700.7583801084
36688.9615201468
36688.5028996479
36656.0186357659
36650.457712817
36683.9516752285
36695.677717722
36659.2388645333
36668.9580516512
36693.7612637202
36659.6452347185
36674.8100356816
36674.8788786937
36708.3690117011
36684.760006391
36681.9826964676
36680.7746313755
36597.7721038516
36708.7467726922
36648.6882995267
36673.9959088435
36680.8774798012
36703.5373886433
36694.6609412859
36626.591926492
36668.9205749238
36656.8255400082
36686.8193399028
36670.0033376908
36653.1915781452
36669.901634553
36663.7215414367
36668.1383235999
36674.17022939
36656.74493049
36707.9035929948
36668.0430390847
36675.7385037242
36679.1498981985
36686.713733077
36669.5429178822
36679.8349230878
36670.8895464018
36677.5861431892
36668.8976965861
36729.6585271211
36711.2694267408
36701.1914722901
36680.011895422
36670.8154123123
36679.3227291185
36657.2529588774
36677.1889276985
36681.8161190356
36674.3424980297
36630.8526860776
36608.8329319988
36663.7050056633
36681.4569108466
36667.5341444157
36660.6069980375
36654.8026116654
36679.0074357946
36673.0576460048
36720.7128826572
36636.1697352454
36639.5953816627
36685.7439567592
36670.4940972978
36654.4020915533
36686.02688601
36673.5576096666
36695.6723363738
36651.110187547
36673.7474438406
36660.2559510199
36665.263980654
36679.1050554833
36690.4768286203
36654.854435517
36711.269049999
36669.7575536749
36687.3405404713
36628.5844021791
36624.6095756141
36708.424046135
36643.3153957593
36656.2359954922
36664.2970890433
36682.3603758288
36665.5405901055
36699.542953012
36673.4854998564
36662.368080129
36676.2995543244
36648.7414823079
36654.4317049386
36668.8618287
36696.7393472967
36693.6803013017
36662.1639801862
36666.464376661
36712.9097953741
36646.428737516
36675.8257902443
36646.7099399897
36689.1953844205
36683.8849867713
36688.1589190272
36643.4730604892
36656.2307262446
36705.8753714278
36652.7174671035
36657.7108928999
36676.9538813454
36678.9938787584
36643.100900557
36666.3315481617
36677.4262063619
36673.406998858
36656.2908721751
36726.0523148688
36681.3748495368
36687.0175131728
36704.3440280171
36718.9565898727
36699.4415657888
36647.9976245854
36632.2252690687
36681.7768721973
36650.1928126549
36683.3322921005
36668.4331411818
36694.624019243
36687.3311176802
36677.7515168865
36684.3607860612
36694.6392156604
36687.5945840845
36703.225831707
36697.528898287
36644.4478306713
36684.125330287
36667.5930582226
36666.149029414
36716.6568401061
36657.4474577541
36752.2329461632
36634.8090864735
36655.7667896916
36660.9265012357
36691.18456768
36681.2805957571
36692.1966557617
36651.449821014
36720.5357972728
36654.2578050776
36660.0628819118
36647.6014565516
36676.5556296709
36706.5923295917
36685.8989599917
36685.766119475
36684.5840407998
36689.8968953994
36677.5944060785
36697.7610146105
36681.014659509
36686.5803251829
36686.7000033533
36625.2730904791
36673.3273981009
36650.3800612373
36685.8135065081
36673.2883711122
36684.7787591646
36721.3246797874
36694.97651199
36696.0515338602
36640.6804458525
36671.6547315476
36682.0458112026
36674.762895901
36667.3089298034
36728.7369259998
36681.6783699075
36689.8888143707
36708.7896708042
36661.5924055316
36683.7288794594
36684.6081954563
36712.3655750734
36706.9673449139
36681.4333525208
36643.5089928985
36664.4370415644
36674.2327240521
36635.5965671476
36661.0505113638
36672.5471939274
36697.8597865898
36675.9907464895
36642.0471811483
36692.1723212643
36683.0364634997
36647.9257559441
36691.7980542464
36673.8394061438
36691.3627960414
36663.3343349606
36656.5061070757
36656.4451934531
36630.7981887777
36715.2723915728
36624.06152263
36708.7761294778
36645.3101846082
36663.8917856893
36668.7813095416
36626.3157345814
36676.695412833
36663.1270510018
36670.3744152792
36690.1081691502
36656.3209272936
36678.9646694687
36654.0003965995
36675.5986685558
36706.0145812394
36677.5278103319
36687.729529945
36667.2112813742
36688.4758345845
36618.1807423046
36661.3482523902
36699.1990690818
36655.4857079386
36662.9366401762
36678.5441167136
36702.3374863559
36658.0943342849
36648.8906920175
36668.1559785489
36711.1212288724
36670.1077925457
36648.1536852619
36636.9341492559
36682.0773521365
36662.8994794639
36697.4613337353
36645.8991272035
36692.5679101673
36693.3172543394
36684.0155630294
36649.1150042575
36665.3012530175
36694.2509695749
36637.1294563967
36667.3470979037
36710.8561870006
36655.8725627236
36720.3921392917
36698.1586556336
36633.8657286726
36671.4499720269
36673.921802358
36661.84134597
36688.3637101668
36675.6371018202
36653.5338820327
36670.705497074
