36675.329434818
36700.9577350889
36631.4768345854
36649.4525710443
36658.2041010663
36698.783727136
36724.4962943628
36658.496701984
36676.9165131376
36662.5687254758
36683.3462569467
36646.1377567182
36678.2896440734
36659.5415194901
36659.1579498172
36702.1441793155
36636.5670125049
36662.6958777562
36674.4738883257
36645.204749991
36645.1413286726
36705.0527469415
36649.2025563009
36697.6350176267
36692.7843428783
36661.9119770015
36702.899967631
36644.4839577095
36667.9041690681
36622.749851051
36650.8878512203
36667.3694082992
36658.7608758757
36685.6254699861
36649.541306652
36604.4575655677
36660.5618928433
36624.4852723761
36665.4649637894
36674.8344904305
36705.8855409148
36662.1389703657
36661.7780557808
36642.9082799719
36707.0490979056
36695.0692503942
36681.2313815827
36648.9038383695
36645.5538519439
36672.2196154934
36670.6329851153
36689.6261027239
36677.0859343944
36637.6633303505
36679.3411924867
36663.5444094907
36684.9004020438
36647.7169043241
36684.8381599224
36692.336945511
36676.7250534728
36702.9828177444
36715.1548912342
36692.3759365594
36677.7167338684
36706.255020371
36723.8389796293
36702.0142406024
36694.0900521159
36689.8742223131
36699.6163662269
36649.4150868723
36701.8313921003
36663.866236172
36700.5820827464
36686.200844382
36687.9406927207
36664.942450218
36684.6162097991
36650.4360250702
36643.1934730146
36661.1642521912
36709.0236597526
36665.0987236398
36644.3024454307
36658.3595829962
36707.6880340533
36685.2802055719
36630.5582637907
36651.4998009079
36652.0307579356
36670.833325477
36648.7693146178
36651.4065025122
36694.8501329635
36686.4959374854
36687.7716412244
36671.2824565561
36666.8042862562
36688.3685006262
36670.0781151475
36680.8769040928
36694.5319984603
36666.9444067286
36658.9472559274
36695.0341505178
36662.1129341014
36684.5268880694
36678.861783456
36680.4126047013
36680.6742029973
36686.7504161466
36698.8124348151
36619.6362323845
36653.7349844508
36666.6861981551
36700.6790905855
36629.911020941
36622.9131380474
36645.600548824
36668.5587194169
36701.0039398161
36679.8928535525
36677.5082106804
36679.133508468
36672.0111932792
36704.335239824
36699.2752674811
36722.3270803099
36676.0029515084
36604.1637668451
36731.1724085784
36684.9634605372
36655.9448705757
36720.2140814687
36660.6508916825
36683.2629699185
36675.4074191933
36647.9656010773
36690.2171996493
36639.8322652713
36660.0481227581
36697.4869628019
36651.1475814476
36678.3114083041
36670.766226677
36684.1362537553
36669.1058054538
36663.2687008012
36680.6931406566
36660.4038134899
36689.2799427124
36712.7464383062
36697.4176988797
36686.941458812
36671.2710738419
36697.4273930999
36697.5502270653
36672.6064840562
36682.8803446039
36694.6542813565
36671.8118660768
36699.0201152086
36656.3225698209
36652.5537212025
36647.7130958476
36668.3194424891
36668.0255498166
36704.9926793638
36643.7086065091
36650.777255764
36684.5324133022
36700.5530299487
36703.6099512202
36646.3969763532
36647.8210894776
36680.5825943172
36655.8876606853
36653.7756984396
36640.0224174099
36689.7010624386
36666.9372401002
36703.4009459679
36681.3803106738
36679.9475885469
36676.7946229225
36684.0051600457
36681.5992291931
36680.423868181
36644.7497994671
36653.767063333
36696.3079512492
36700.457397392
36683.0754168109
36677.3960609785
36695.5092728628
36669.890773121
36692.3930535843
36644.99701486
36658.6800271895
36653.9221329994
36650.8407612868
36713.024664339
36679.9156692582
36701.7818876988
36675.8470591863
36708.6840128731
36708.4334727439
36660.7313405114
36684.294673035
36659.579577992
36683.3718314626
36668.2085070121
36670.3213445084
36678.8479350428
36668.50903404
36663.4539254883
36665.8190736829
36661.7385009554
36651.3451953022
36697.1251293043
36699.9777363267
36657.8760336133
36695.5110562575
36641.2692674078
36665.213689558
36696.7926687606
36661.5725278178
36721.5205447132
36708.5350274407
36649.2679499413
36666.6134700976
36678.2785685304
36674.6163941261
36667.8985205511
36699.729910138
36687.775978841
36624.2849296731
36701.6035161338
36702.6939778614
36668.3215933987
36688.8621892543
36706.2286786358
36649.8059994182
36650.2875840469
36705.15906188
36647.939510412
36678.0567352026
36719.2759960532
36652.1438200433
36679.3960792924
36662.0886223502
36726.3743702783
36666.5219003503
36668.4928193064
36678.8481105402
36696.0550063113
36725.105061149
36678.6370344004
36690.1916288012
36672.4736192286
36698.330029372
36692.0343023287
36682.4153055539
36689.1292591232
36624.9100170321
36659.3111754513
36685.9750845807
36690.551478305
36659.8943058586
36684.2681639742
36695.8492082976
36678.2723328227
36617.3237205917
36681.8787477138
36644.8479855259
36681.0767255232
36684.4166407455
36656.0323537414
36623.7594718061
36672.7638799439
36668.938429658
36673.6964259676
36696.2540581935
36740.043506482
36692.2472567121
36696.7944465125
36655.064335313
36654.6522176431
36702.9898122162
36674.9458927586
36666.3839220359
36661.1546823277
36665.6200713027
36682.7501390947
36686.0551259101
36670.8910504491
36686.8647503107
36698.16535114
36648.7371008573
36681.4654556691
36630.3986548972
36653.4076035178
36702.2339483419
36689.4194510081
36672.5940332515
36655.7943167479
36671.7936871258
36691.1819712991
36686.9966644864
36672.7121168363
36696.3774091204
36674.8519778461
36643.8060410687
36647.512661974
36617.8014722209
36686.4491103937
36685.1895440391
36657.0075962515
36679.1995423302
36654.9900072681
36670.887919453
36657.943191929
36688.6114963052
36674.0539887282
36699.9766667188
36663.3151349319
36661.9155506906
36666.0320621692
36660.8641640083
36671.350610484
36654.9320422308
36634.8809389703
36657.1640965187
36732.1637509891
36657.0693065253
36684.4833118898
36670.9871153945
36668.8099462798
36680.2826679806
36646.0125405206
36666.8777070121
36632.2282734418
36654.7137475358
36753.8303611784
36706.3394097171
36663.795624914
36634.1894953825
36636.607588633
36647.5476087735
36675.2589023314
36692.9032111818
36695.8181481866
36665.3531800039
36661.028054456
36665.4693218984
36704.3002765913
36669.4159371313
36679.9948245028
36675.8567315348
36650.2142482724
36731.3851353527
36680.1499549827
36686.3816395994
36649.6941368512
36662.9331695432
36686.3094626098
36667.965358339
36667.6072916698
36642.3036590925
36691.9379875761
36684.4298081325
36693.6718989749
36694.5328574317
36664.2651089169
36667.1233252626
36697.4200777821
36640.9656702287
36644.4118106095
36656.6585430135
36638.0634072144
36723.268856585
36700.3845819646
36661.8682419166
36719.8346701485
36659.675688566
36674.8982450339
36697.3972513453
36686.0506337581
36665.3604203393
36664.5275661111
36686.08147435
36665.1234453127
36720.6425946242
36658.7514648517
36721.5677179029
36705.0715804106
36680.9497189581
36658.510000978
36683.430408144
36642.6871403027
36683.9653814916
36694.1534045334
36654.8582712387
36625.2400016228
36668.5894951623
36673.642258811
36713.5569759382
36697.1932034686
36661.8635084454
36702.9295451293
36671.5168949153
36671.0617889313
36664.2534621911
36667.8834619973
36681.1434016444
36663.4574953319
36661.093759596
36680.1993884027
36705.4593299798
36670.2572365058
36722.4082061736
36688.0454138507
36675.0972183152
36647.7524949889
36658.690015589
36690.2732975663
36659.3006152246
36687.3445258483
36651.9263856479
36692.9961797755
36659.5514563207
36631.7226401971
36695.458639102
36687.8773846253
36655.8842615591
36638.7279860309
36725.329923573
36663.3986004658
36670.4243145646
36689.1784945212
36674.7625944254
36677.2720047981
36679.5268767327
36675.1320692362
36675.6547284174
36679.2780427184
36665.3771332656
36686.9469927619
36654.7676197654
36679.8129515928
36667.1984146075
36674.7449219926
36661.5959083318
36669.4477621347
36675.6560417261
36697.1722394487
36671.8503394229
36723.1050127927
36658.4344654122
36695.17395646
36652.8978668491
36662.4647376144
36675.918287808
36726.1396082361
36668.8291479742
36688.3777396704
36676.7972962228
36697.1142393698
36704.9783180992
36695.5826128961
36657.801683754
36698.4449027459
36625.1938563581
36703.678246087
36637.9249239872
36674.4344536223
36628.7222770994
36683.131490389
36661.1361797318
36686.2491386595
36680.4156976334
36711.4948936693
36625.9857903007
36675.0174622197
36683.8612514154
36669.1904637988
36661.3644867263
36739.6211601552
36687.5742035585
36666.1383032227
36662.4493895061
36679.7016218108
36629.1652470561
36696.5977672372
36674.7182064715
36669.1871971204
36690.3753023676
36650.262962493
36611.8255633371
36664.5973153183
36635.2620119346
36706.1598739509
36679.045512139
36690.7330929653
36655.6461245892
36668.9995522252
36699.1647674241
36679.1175024176
36709.3262680891
36718.0033121296
36650.2278946075
36647.4815611783
36662.0490168057
36671.6976680611
36666.4519270027
36659.5428347816
36694.6763737747
36650.4028654829
36697.9535664303
36641.7151429335
36692.7103205968
36690.6209957445
36701.7116809268
36710.2175542691
36639.7542165367
36678.7514704632
36676.2024636798
36704.8470378074
36682.5147947733
36674.5990034139
36594.0149542333
36688.7210379596
36690.5925562385
36681.5099835483
36648.3002868496
36688.8896231545
36665.8436451092
36652.4488619412
36673.6257046941
36645.7710610693
36699.8359932994
36664.4495495823
36699.4665327246
36645.8279448411
36674.3401049307
36647.5978185808
36682.0665334875
36647.629216337
36699.9561631595
36691.0971301522
36677.4450720975
36665.5661109
36659.5467242257
36647.3830440879
36681.894327974
36709.4232077592
36666.2679768848
36668.5037133012
36689.136299244
36672.2237754248
36646.5394763505
36652.8738569471
36692.5832338344
36723.9399275062
36659.5788736404
36705.116611034
36704.6858671956
36713.8787446908
36670.1770223699
36656.814162745
36678.7983501851
36704.1175349312
36630.9546019821
36683.5113854834
36664.7853610565
36680.9251072221
36637.5482507155
36721.9196006594
36651.0460022658
36655.2784178599
36704.6253637316
36693.0486488893
36718.2089653128
36650.0628389476
36637.763764644
36685.2499281199
36672.8688550663
36688.224200851
36713.1159261751
36649.1429773976
36649.8743060878
36622.3420722019
36675.5137680817
36663.6805063102
36659.7865608051
36649.8521221325
36642.8228634431
36688.5439381002
36692.9286976306
36688.8533142061
36636.6768928733
36697.1447030715
36648.8709024398
36663.7035283965
36698.6238190119
36633.1456934549
36653.5288254636
36627.6423076341
36668.5606546797
36699.5727982069
36686.0557897698
36686.7259800831
36662.336056316
36683.9619146727
36639.537514095
36677.8494896983
36642.4243801333
36684.9341242392
36637.0637994243
36733.769735748
36671.5049515619
36665.8203083468
36736.7320723237
36695.9983231348
36638.9446826141
36691.5806226017
36664.5382411957
36654.8495619349
36660.9708539164
36681.5434329395
36639.2215477661
36678.4245726216
36682.0674713033
36679.6949726347
36628.6055837918
36685.1506414244
36665.9937244571
36696.756052697
36680.3906854156
36674.0602658451
36662.6982326455
36659.933398315
36694.3595210074
36692.1643159376
36671.6174711431
36643.5209733073
36706.9816905236
36710.6972469477
36675.5381791618
36629.8096622285
36690.5227974407
36603.016004067
36704.1971032203
36694.130471852
36711.8899100967
36648.5782957592
36679.5625839433
36680.3052575901
36619.6967315108
36673.6832477097
36696.4475646885
36655.6575768981
36662.8125769229
36677.2696816595
36644.7264670078
36685.3712643831
36629.8151561601
36698.7209304065
36683.4698106071
36684.1542856987
36669.5826059098
36689.158346021
36637.1264914089
36635.3091619085
36658.6270895948
36692.9593512996
36678.1652175112
36654.6413240341
36648.4203492154
36689.3436166052
36675.7981870432
36664.8589578573
36602.6665465885
36690.006162937
36675.2814654355
36670.7740628552
36688.5580320777
36641.4073375653
36644.2331133106
36682.1218536441
36664.612713323
36653.9239287649
36666.2252879084
36652.2558194995
36686.7137656671
36668.4514240227
36669.0730473386
36683.4259148969
36713.7218387461
36655.11891361
36665.6151337129
36656.7180555236
36673.1285463579
36695.9932217925
36681.266208859
36687.3960028038
36674.2606075479
36697.6774617198
36669.9366460128
36687.8054773425
36639.8294112005
36682.5581755631
36661.7200749205
36684.5937103114
36677.069972163
36618.0740667581
36686.2044148897
36675.2221581326
36659.1589349454
36682.6051284425
36633.5387829616
36671.0183304352
36639.0573090574
36647.7184217803
36664.921140454
36641.6373123777
36663.8234029198
36665.1720011703
36653.7878065619
36674.2543007401
36671.8076984797
36678.0321546493
36690.6403312119
36706.7655391924
36680.6698845467
36650.1476450459
36638.0181414095
36690.9140769289
36696.0329110762
36653.7092260843
36644.192375599
36674.4352727522
36735.5276871748
36638.0053035391
36678.0342992952
36664.3416273824
36672.3478061435
36679.4469443891
36673.0047439189
36648.9431468432
36660.6814039474
36655.0226279706
36667.1454502902
36659.3035144147
36660.4930419963
36654.7644622059
36674.2359613285
36664.1255211117
36693.5509221356
36685.3707097641
36662.3799342791
36644.9758568916
36685.4557887584
36636.8121249527
36707.4551119263
36681.4308131885
36709.0482595959
36735.3425183987
36677.5983901667
36627.3937038212
36736.2559299273
36649.4044020336
36695.3392174971
36709.1389451551
36697.2580687076
36661.5429680232
36690.3951351805
36693.0005264327
36650.4776365849
36610.4871588602
36689.9534386992
36700.2751685257
36649.3442161026
36689.4017322409
36664.8324208668
36640.8855433265
36673.5065586104
36666.305250702
36674.127188915
36658.8224878647
36713.2996334935
36667.7387276489
36656.0085577036
36689.031795031
36681.4576833901
36639.5096837976
36677.1899197028
36647.7687596994
36709.6430263583
36699.1237555035
36675.0322658654
36687.2287396519
36666.7815557984
36678.7959607398
36685.7912782015
36705.7578929268
36702.5945109132
36676.3172372073
36674.5266368427
36677.8426468257
36682.3175422394
36681.0185405458
36659.8231982855
36709.4545842419
36638.7027099689
36674.7391831353
36687.8962922423
36648.4279120226
36625.4096261155
36727.0962529849
36654.3235496368
36666.7904369695
36644.4282077078
36633.2383103484
36690.4280805575
36693.5336592355
36689.4296263777
36646.108902902
36653.162408205
36716.2431105591
36636.8913382437
36696.2825190764
36684.8048696603
36689.2310268758
36674.8452714959
36643.9017137957
36690.7331274722
36680.3590239195
36707.9583378169
36688.7102120827
36664.8929898958
36653.2391463299
36642.156109493
36702.5251561072
36653.6221962803
36685.493882657
36646.5861068771
36682.3908491699
36674.3646453679
36672.5934290026
36663.7744702495
36663.496438542
36659.745134716
36680.9161367906
36666.30416262
36654.5233605591
36652.523528906
36652.5666292902
36646.9513569013
36680.9648289572
36638.1088138394
36698.1296833012
36675.0695709901
36704.8779198436
36690.178470448
36673.2933068527
36680.8023227388
36649.1724767324
36714.2069868536
36666.2093339524
36700.0460495388
36690.6624010538
36686.7436004169
36696.3886855665
36695.6176907238
36670.1908771973
36713.6144059953
36660.9568382501
36690.1542876867
36664.9875475739
36669.5420833056
36649.3550448686
36628.0226271598
36685.2692672823
36664.5668090341
36668.9803972854
36671.9264669086
36654.5811069088
36646.6137484631
36675.0424160791
36669.2570365551
36657.1468175497
36692.0032749114
36695.6740193811
36710.5017821764
36662.0010800284
36695.3812133341
36701.4199729708
36693.1881839734
36694.5557265768
36642.9268784296
36673.3004364672
36675.8648777815
36693.801423688
36685.1100532393
36682.9778235239
36706.4932894325
36678.3019370797
36634.9850173644
36679.1231311708
36675.5848626694
36702.7633390188
36686.364270111
36715.7876663557
36675.5757418745
36724.8331333099
36639.1858995777
36655.6166095116
36641.0128208793
36697.7555460138
36678.3636314466
36666.7072834167
36683.9322528326
36689.2886771756
36649.22828202
36693.3668836023
36663.1003535349
36668.1818534674
36642.4030024268
36636.9680040826
36663.9646907834
36657.0872977141
36697.1201551105
36661.6274126971
36643.8918722333
36645.3219060101
36644.7212621127
36705.4358892213
36685.0117769813
36678.9109274518
36662.4484539766
36669.6017181861
36711.0533454001
36673.2111336711
36721.1339518102
36657.2422248108
36661.8669768506
36657.0186418122
36654.8850310519
36664.9289913665
36672.8294633171
36695.8356599772
36698.7110665958
36655.7203903034
36671.6044664698
36666.1220424127
36705.5774745587
36701.7346525868
36663.6090432205
36721.0406689144
36642.7184559431
36676.459917167
36700.4984505684
36640.767823448
36678.6090681491
36666.0964970227
36664.7700777518
36676.9934960293
36667.2458100484
36695.6416641208
36673.2292560321
36686.593192592
36686.7952405494
36666.997725292
36715.1260652525
36690.4225371048
36674.0355279369
36664.5443227804
36707.6015125342
36654.8939398119
36675.75344939
36687.2470538263
36665.6752731714
36688.1549237544
36674.0861773744
36674.3963538352
36677.8313634366
36666.8975210345
36691.1413090958
36678.7994127834
36689.24569306
36682.7150771748
36668.8764688706
36690.2429664765
36636.2115575195
36663.789935272
36674.7616613837
36691.6883373966
36706.8988766582
