c	N	u	s
0	13538	0.336903531	0.336903531
1	4561	0.641087481	0.662430186
2	1462	1.60466657	1.628175042
3	764	2.566019262	2.591825893
4	528	3.543420102	3.57057059
5	361	4.528581213	4.556614095
6	306	5.518088183	5.546745033
7	243	6.510274659	6.539396138
8	173	7.504230046	7.533710968
9	158	8.499414522	8.529181799
10	130	9.4954877	9.525488485
11	110	10.49222429	10.52241913
12	125	11.48946923	11.51982791
13	81	12.48711231	12.51761114
14	72	13.48507303	13.51569312
15	99	14.48329122	14.51401726
16	76	15.481721	15.51254042
17	43	16.4803268	16.51122913
18	63	17.47908059	17.51005702
19	52	18.47795999	18.50900306
20	46	19.47694692	19.50805023
21	33	20.47602661	20.50718465
22	56	21.47518687	21.50639485
23	52	22.47441758	22.50567129
24	30	23.47371021	23.50500599
25	40	24.47305759	24.50439218
26	28	25.47245359	25.50382409
27	30	26.47189297	26.50329681
28	39	27.47137123	27.5028061
29	25	28.47088445	28.50234826
30	22	29.47042923	29.50192012
31	26	30.4700026	30.50151886
32	26	31.46960196	31.50114204
33	27	32.46922498	32.50078748
34	28	33.46886965	33.50045328
35	17	34.46853414	34.50013772
36	23	35.46821684	35.49983929
37	27	36.46791632	36.49955663
38	29	37.46763126	37.49928853
39	27	38.46736051	38.49903388
40	16	39.46710302	39.4987917
41	15	40.46685784	40.4985611
42	18	41.4666241	41.49834126
43	14	42.46640103	42.49813145
44	21	43.4661879	43.49793099
45	13	44.46598407	44.49773928
46	12	45.46578894	45.49755576
47	9	46.46560197	46.49737991
48	15	47.46542265	47.49721125
49	10	48.46525053	48.49704937
50	10	49.46508518	49.49689385
51	12	50.46492621	50.49674433
52	12	51.46477326	51.49660047
53	14	52.46462598	52.49646196
54	9	53.46448408	53.49632849
55	13	54.46434726	54.49619981
56	9	55.46421525	55.49607565
57	15	56.4640878	56.49595578
58	9	57.46396469	57.49583999
59	9	58.46384569	58.49572807
60	20	59.46373061	59.49561982
61	11	60.46361924	60.49551508
62	12	61.46351142	61.49541367
63	12	62.46340698	62.49531544
64	9	63.46330576	63.49522024
65	8	64.46320761	64.49512793
66	13	65.4631124	65.49503838
67	9	66.46301999	66.49495147
68	12	67.46293027	67.49486708
69	7	68.46284312	68.49478511
70	5	69.46275843	69.49470546
71	11	70.4626761	70.49462802
72	7	71.46259602	71.49455271
73	5	72.46251812	72.49447944
74	10	73.4624423	73.49440813
75	5	74.46236847	74.49433869
76	6	75.46229657	75.49427107
77	5	76.46222652	76.49420518
78	6	77.46215824	77.49414096
79	5	78.46209167	78.49407835
80	12	79.46202675	79.49401729
81	9	80.46196342	80.49395772
82	3	81.46190161	81.49389959
83	4	82.46184128	82.49384285
84	5	83.46178237	83.49378744
85	4	84.46172484	84.49373333
86	9	85.46166863	85.49368046
87	4	86.4616137	86.4936288
88	4	87.46156	87.49357829
89	3	88.4615075	88.49352892
90	7	89.46145616	89.49348062
91	9	90.46140593	90.49343339
92	9	91.46135679	91.49338716
93	4	92.46130869	92.49334193
94	6	93.46126161	93.49329764
95	9	94.46121551	94.49325429
96	4	95.46117036	95.49321182
97	4	96.46112613	96.49317023
98	2	97.4610828	97.49312947
99	4	98.46104034	98.49308954
100	7	99.46099872	99.49305039
101	5	100.4609579	100.493012
102	5	101.4609179	101.4929744
103	6	102.4608787	102.4929375
104	3	103.4608402	103.4929013
105	4	104.4608024	104.4928658
106	8	105.4607654	105.4928309
107	2	106.460729	106.4927967
108	4	107.4606933	107.4927631
109	2	108.4606582	108.4927302
110	2	109.4606238	109.4926978
111	3	110.46059	110.492666
112	5	111.4605568	111.4926348
113	3	112.4605242	112.4926041
114	3	113.4604921	113.4925739
115	6	114.4604606	114.4925443
116	2	115.4604297	115.4925152
117	4	116.4603992	116.4924866
118	4	117.4603693	117.4924584
119	2	118.4603399	118.4924307
120	6	119.460311	119.4924035
121	3	120.4602825	120.4923768
122	3	121.4602545	121.4923504
123	1	122.460227	122.4923245
124	4	123.4601999	123.492299
125	2	124.4601732	124.4922739
126	5	125.4601469	125.4922493
127	2	126.4601211	126.4922249
128	4	127.4600956	127.492201
129	3	128.4600706	128.4921775
130	1	129.4600459	129.4921543
131	3	130.4600216	130.4921314
132	7	131.4599977	131.4921089
133	3	132.4599741	132.4920867
134	1	133.4599509	133.4920649
135	3	134.459928	134.4920434
137	1	136.4598833	136.4920013
138	6	137.4598614	137.4919807
139	2	138.4598398	138.4919604
140	2	139.4598185	139.4919404
141	1	140.4597976	140.4919206
143	4	142.4597565	142.491882
144	1	143.4597364	143.4918631
145	3	144.4597165	144.4918444
146	2	145.459697	145.491826
147	1	146.4596777	146.4918079
148	2	147.4596586	147.49179
149	3	148.4596398	148.4917723
150	1	149.4596213	149.4917549
151	2	150.459603	150.4917376
152	1	151.4595849	151.4917207
153	1	152.4595671	152.4917039
154	1	153.4595495	153.4916874
156	2	155.459515	155.4916549
157	4	156.4594981	156.491639
158	4	157.4594814	157.4916233
159	1	158.4594649	158.4916077
161	4	160.4594325	160.4915773
162	5	161.4594166	161.4915623
163	4	162.4594008	162.4915475
164	3	163.4593853	163.4915329
166	3	165.4593549	165.4915043
168	1	167.4593251	167.4914763
170	2	169.459296	169.491449
171	4	170.4592818	170.4914355
172	2	171.4592677	171.4914223
173	1	172.4592537	172.4914092
174	2	173.4592399	173.4913962
175	2	174.4592263	174.4913834
176	2	175.4592128	175.4913707
177	3	176.4591995	176.4913582
178	3	177.4591863	177.4913458
179	3	178.4591733	178.4913335
181	2	180.4591477	180.4913094
184	1	183.4591103	183.4912742
185	1	184.4590981	184.4912628
186	2	185.459086	185.4912514
187	3	186.4590741	186.4912402
188	2	187.4590622	187.4912291
189	3	188.4590506	188.4912181
191	3	190.4590275	190.4911964
192	2	191.4590162	191.4911858
193	2	192.459005	192.4911752
194	1	193.4589939	193.4911648
195	1	194.4589829	194.4911545
196	2	195.4589721	195.4911442
197	2	196.4589613	196.4911341
198	2	197.4589506	197.4911241
199	1	198.4589401	198.4911142
200	1	199.4589297	199.4911044
201	3	200.4589193	200.4910946
202	1	201.4589091	201.491085
203	3	202.4588989	202.4910755
205	4	204.458879	204.4910567
206	3	205.4588691	205.4910474
207	2	206.4588594	206.4910383
208	1	207.4588497	207.4910292
209	2	208.4588402	208.4910202
211	2	210.4588213	210.4910025
212	2	211.458812	211.4909937
213	1	212.4588028	212.4909851
214	1	213.4587937	213.4909765
215	5	214.4587846	214.490968
216	3	215.4587757	215.4909596
217	2	216.4587668	216.4909512
218	3	217.458758	217.4909429
220	2	219.4587407	219.4909266
223	2	222.4587153	222.4909027
224	1	223.4587069	223.4908949
225	1	224.4586987	224.4908871
229	2	228.4586664	228.4908567
230	1	229.4586585	229.4908493
232	2	231.4586429	231.4908347
233	1	232.4586352	232.4908274
234	2	233.4586276	233.4908202
235	1	234.45862	234.4908131
236	1	235.4586125	235.4908061
237	1	236.4586051	236.4907991
238	2	237.4585977	237.4907921
240	1	239.4585831	239.4907784
243	2	242.4585617	242.4907583
244	1	243.4585547	243.4907517
246	3	245.4585408	245.4907386
247	1	246.458534	246.4907322
248	1	247.4585272	247.4907258
250	1	249.4585137	249.4907132
252	1	251.4585005	251.4907008
253	1	252.458494	252.4906946
254	2	253.4584875	253.4906885
256	2	255.4584747	255.4906765
258	1	257.4584621	257.4906646
259	1	258.4584559	258.4906588
261	2	260.4584436	260.4906472
262	1	261.4584375	261.4906414
263	1	262.4584314	262.4906358
265	2	264.4584195	264.4906245
266	2	265.4584136	265.490619
269	2	268.4583961	268.4906025
271	2	270.4583847	270.4905918
272	2	271.458379	271.4905865
273	1	272.4583734	272.4905812
275	1	274.4583623	274.4905708
276	2	275.4583568	275.4905656
277	1	276.4583514	276.4905605
278	2	277.458346	277.4905554
279	1	278.4583406	278.4905503
280	2	279.4583353	279.4905453
282	1	281.4583247	281.4905354
285	1	284.4583092	284.4905208
286	2	285.4583041	285.490516
288	1	287.458294	287.4905065
289	1	288.4582889	288.4905018
290	1	289.458284	289.4904971
292	1	291.4582741	291.4904878
293	1	292.4582693	292.4904832
295	1	294.4582596	294.4904742
297	1	296.4582501	296.4904652
299	2	298.4582407	298.4904564
301	1	300.4582315	300.4904477
305	1	304.4582133	304.4904306
307	1	306.4582044	306.4904222
308	1	307.4582	307.4904181
309	1	308.4581956	308.490414
313	2	312.4581784	312.4903978
320	1	319.4581492	319.4903704
321	1	320.4581452	320.4903665
322	2	321.4581412	321.4903627
327	2	326.4581214	326.4903441
329	1	328.4581136	328.4903368
330	1	329.4581098	329.4903332
332	1	331.4581022	331.4903261
335	1	334.4580909	334.4903155
336	2	335.4580872	335.490312
337	2	336.4580835	336.4903085
339	1	338.4580762	338.4903017
340	1	339.4580726	339.4902983
344	3	343.4580583	343.4902849
345	1	344.4580548	344.4902816
346	1	345.4580513	345.4902783
347	1	346.4580479	346.490275
349	1	348.458041	348.4902685
353	1	352.4580274	352.4902558
354	3	353.4580241	353.4902526
356	1	355.4580175	355.4902464
357	2	356.4580142	356.4902433
363	1	362.4579949	362.4902252
366	2	365.4579855	365.4902163
371	1	370.4579701	370.4902019
374	1	373.4579611	373.4901934
375	1	374.4579581	374.4901906
378	1	377.4579493	377.4901823
386	2	385.4579264	385.4901608
387	1	386.4579236	386.4901581
391	1	390.4579126	390.4901478
395	2	394.4579018	394.4901376
398	1	397.4578938	397.4901301
403	2	402.4578808	402.4901179
407	1	406.4578706	406.4901083
414	1	413.4578533	413.490092
417	2	416.457846	416.4900852
418	1	417.4578436	417.4900829
419	1	418.4578412	418.4900807
420	1	419.4578389	419.4900784
422	1	421.4578342	421.490074
426	2	425.4578249	425.4900653
427	1	426.4578226	426.4900631
428	2	427.4578203	427.490061
431	1	430.4578135	430.4900546
438	1	437.457798	437.49004
439	1	438.4577959	438.490038
447	1	446.4577788	446.490022
449	2	448.4577747	448.4900181
460	1	459.4577524	459.4899971
463	1	462.4577466	462.4899916
466	1	465.4577408	465.4899862
467	1	466.4577388	466.4899844
474	1	473.4577256	473.4899719
475	1	474.4577238	474.4899702
477	1	476.4577201	476.4899667
480	1	479.4577146	479.4899616
484	1	483.4577074	483.4899548
485	1	484.4577056	484.4899531
488	1	487.4577004	487.4899482
489	2	488.4576986	488.4899465
490	1	489.4576969	489.4899449
491	2	490.4576951	490.4899432
496	1	495.4576865	495.4899352
501	1	500.4576781	500.4899273
504	1	503.4576732	503.4899226
506	1	505.4576699	505.4899195
507	1	506.4576683	506.489918
510	1	509.4576634	509.4899134
511	2	510.4576618	510.4899119
512	1	511.4576602	511.4899104
514	1	513.4576571	513.4899074
517	1	516.4576523	516.489903
520	1	519.4576477	519.4898986
522	1	521.4576446	521.4898957
525	1	524.45764	524.4898914
526	1	525.4576385	525.48989
527	1	526.457637	526.4898886
529	1	528.457634	528.4898858
531	1	530.457631	530.489883
534	1	533.4576266	533.4898788
537	1	536.4576222	536.4898747
539	1	538.4576194	538.489872
542	1	541.4576151	541.4898679
543	1	542.4576137	542.4898666
544	2	543.4576122	543.4898653
550	2	549.4576039	549.4898574
552	1	551.4576011	551.4898548
563	2	562.4575863	562.4898409
570	3	569.4575772	569.4898323
571	1	570.4575759	570.4898311
577	1	576.4575683	576.489824
580	1	579.4575646	579.4898204
581	1	580.4575633	580.4898193
585	1	584.4575584	584.4898147
590	1	589.4575524	589.489809
591	1	590.4575512	590.4898078
599	1	598.4575417	598.489799
606	1	605.4575337	605.4897914
609	1	608.4575303	608.4897882
610	1	609.4575291	609.4897871
611	1	610.457528	610.4897861
617	1	616.4575214	616.4897798
619	1	618.4575192	618.4897777
630	1	629.4575074	629.4897667
631	1	630.4575063	630.4897657
635	1	634.4575022	634.4897617
642	1	641.457495	641.489755
646	1	645.4574909	645.4897512
650	1	649.457487	649.4897475
653	1	652.457484	652.4897447
655	1	654.4574821	654.4897428
668	1	667.4574696	667.4897312
673	1	672.457465	672.4897268
679	2	678.4574595	678.4897216
689	2	688.4574506	688.4897132
701	1	700.4574402	700.4897035
707	1	706.4574351	706.4896987
708	1	707.4574343	707.4896979
712	1	711.457431	711.4896948
713	1	712.4574301	712.489694
717	1	716.4574269	716.4896909
723	1	722.457422	722.4896864
724	1	723.4574212	723.4896856
725	1	724.4574204	724.4896849
727	1	726.4574188	726.4896834
734	2	733.4574134	733.4896782
736	1	735.4574118	735.4896768
738	2	737.4574103	737.4896753
740	2	739.4574087	739.4896739
742	2	741.4574072	741.4896725
748	1	747.4574027	747.4896682
772	1	771.4573853	771.4896519
781	1	780.4573791	780.489646
783	1	782.4573777	782.4896447
792	1	791.4573716	791.489639
793	1	792.457371	792.4896384
798	1	797.4573677	797.4896353
803	1	802.4573644	802.4896322
814	1	813.4573574	813.4896256
818	1	817.4573549	817.4896232
819	1	818.4573542	818.4896226
839	1	838.4573421	838.4896112
842	1	841.4573403	841.4896095
843	1	842.4573397	842.4896089
845	1	844.4573385	844.4896078
851	1	850.457335	850.4896046
853	1	852.4573339	852.4896035
859	1	858.4573305	858.4896003
863	1	862.4573282	862.4895981
868	1	867.4573254	867.4895955
871	1	870.4573237	870.4895939
878	1	877.4573199	877.4895903
885	1	884.4573161	884.4895868
904	1	903.4573062	903.4895775
921	1	920.4572977	920.4895694
922	2	921.4572972	921.489569
948	1	947.4572847	947.4895573
955	1	954.4572815	954.4895542
960	1	959.4572792	959.4895521
962	1	961.4572783	961.4895512
972	1	971.4572738	971.489547
985	2	984.4572682	984.4895417
986	1	985.4572677	985.4895413
990	1	989.457266	989.4895396
1027	1	1026.457251	1026.489525
1028	1	1027.45725	1027.489525
1033	1	1032.457248	1032.489523
1054	1	1053.45724	1053.489516
1067	1	1066.457236	1066.489511
1092	1	1091.457227	1091.489503
1099	2	1098.457224	1098.4895
1101	1	1100.457223	1100.4895
1143	1	1142.457209	1142.489486
1149	1	1148.457208	1148.489485
1190	1	1189.457195	1189.489473
1193	1	1192.457194	1192.489472
1195	1	1194.457194	1194.489471
1205	1	1204.457191	1204.489469
1207	1	1206.45719	1206.489468
1220	1	1219.457186	1219.489465
1227	1	1226.457184	1226.489463
1238	1	1237.457181	1237.48946
1239	1	1238.457181	1238.48946
1243	1	1242.45718	1242.489459
1252	1	1251.457178	1251.489456
1253	1	1252.457177	1252.489456
1254	1	1253.457177	1253.489456
1267	1	1266.457174	1266.489453
1270	1	1269.457173	1269.489452
1272	1	1271.457172	1271.489452
1282	1	1281.45717	1281.489449
1324	1	1323.457159	1323.489439
1341	1	1340.457155	1340.489436
1349	1	1348.457154	1348.489434
1351	1	1350.457153	1350.489433
1353	1	1352.457153	1352.489433
1354	1	1353.457152	1353.489433
1357	1	1356.457152	1356.489432
1395	1	1394.457143	1394.489424
1397	1	1396.457143	1396.489424
1401	1	1400.457142	1400.489423
1430	1	1429.457136	1429.489417
1449	1	1448.457132	1448.489414
1461	1	1460.45713	1460.489411
1466	1	1465.457129	1465.489411
1483	1	1482.457125	1482.489407
1502	1	1501.457122	1501.489404
1516	1	1515.457119	1515.489402
1529	1	1528.457117	1528.489399
1619	1	1618.457102	1618.489385
1623	1	1622.457101	1622.489385
1626	1	1625.457101	1625.489384
1636	1	1635.457099	1635.489383
1646	1	1645.457098	1645.489381
1648	1	1647.457097	1647.489381
1709	1	1708.457088	1708.489372
1720	1	1719.457087	1719.489371
1728	1	1727.457085	1727.48937
1732	1	1731.457085	1731.489369
1736	1	1735.457084	1735.489369
1738	1	1737.457084	1737.489369
1740	1	1739.457084	1739.489368
1770	1	1769.45708	1769.489364
1787	1	1786.457077	1786.489362
1823	1	1822.457073	1822.489358
1842	1	1841.45707	1841.489356
1884	1	1883.457065	1883.489351
1904	1	1903.457063	1903.489349
2009	1	2008.457052	2008.489338
2044	1	2043.457048	2043.489335
2063	1	2062.457046	2062.489333
2088	2	2087.457044	2087.489331
2170	1	2169.457036	2169.489323
2184	1	2183.457035	2183.489322
2209	1	2208.457033	2208.48932
2210	1	2209.457033	2209.48932
2265	1	2264.457028	2264.489316
2411	1	2410.457017	2410.489305
2494	1	2493.457011	2493.4893
2503	1	2502.45701	2502.489299
2552	1	2551.457007	2551.489296
2615	1	2614.457003	2614.489293
2632	1	2631.457002	2631.489292
2669	1	2668.457	2668.489289
2693	1	2692.456999	2692.489288
2713	1	2712.456997	2712.489287
2745	1	2744.456996	2744.489285
2777	1	2776.456994	2776.489284
2783	1	2782.456994	2782.489283
2817	1	2816.456992	2816.489282
2852	1	2851.45699	2851.48928
2863	1	2862.456989	2862.489279
2967	1	2966.456984	2966.489275
2996	1	2995.456983	2995.489273
3011	1	3010.456982	3010.489273
3040	1	3039.456981	3039.489271
3226	1	3225.456973	3225.489264
3282	1	3281.456971	3281.489262
3346	1	3345.456968	3345.48926
3428	1	3427.456965	3427.489257
3438	1	3437.456965	3437.489256
3458	1	3457.456964	3457.489256
3532	1	3531.456962	3531.489253
3619	1	3618.456959	3618.489251
3670	1	3669.456957	3669.489249
3724	1	3723.456956	3723.489248
3733	1	3732.456955	3732.489247
3851	1	3850.456952	3850.489244
4033	1	4032.456947	4032.48924
4166	1	4165.456944	4165.489236
4301	1	4300.45694	4300.489233
4530	1	4529.456936	4529.489229
4618	1	4617.456934	4617.489227
4674	1	4673.456933	4673.489226
4810	1	4809.45693	4809.489224
4843	1	4842.45693	4842.489223
5074	1	5073.456926	5073.48922
5121	1	5120.456925	5120.489219
5287	1	5286.456922	5286.489216
5363	1	5362.456921	5362.489215
5471	1	5470.45692	5470.489214
5517	1	5516.456919	5516.489213
5793	1	5792.456915	5792.48921
5827	1	5826.456915	5826.489209
5866	1	5865.456914	5865.489209
5884	1	5883.456914	5883.489209
6111	1	6110.456912	6110.489206
6116	1	6115.456912	6115.489206
6117	1	6116.456912	6116.489206
6358	1	6357.456909	6357.489204
6660	1	6659.456906	6659.489201
6677	1	6676.456906	6676.489201
6933	1	6932.456903	6932.489199
7994	1	7993.456895	7993.489191
8002	1	8001.456895	8001.489191
8405	1	8404.456893	8404.489189
8506	1	8505.456892	8505.489188
8733	1	8732.456891	8732.489187
8955	1	8954.45689	8954.489186
9029	1	9028.456889	9028.489185
9392	1	9391.456888	9391.489184
9679	1	9678.456886	9678.489183
10028	1	10027.45688	10027.48918
10146	1	10145.45688	10145.48918
10238	1	10237.45688	10237.48918
10814	1	10813.45688	10813.48918
10912	1	10911.45688	10911.48918
11279	1	11278.45688	11278.48918
11308	1	11307.45688	11307.48918
11579	1	11578.45688	11578.48918
11587	1	11586.45688	11586.48918
13018	1	13017.45688	13017.48917
13441	1	13440.45687	13440.48917
14230	1	14229.45687	14229.48917
15066	1	15065.45687	15065.48917
18152	1	18151.45687	18151.48916
18337	1	18336.45687	18336.48916
22617	1	22616.45686	22616.48916
23213	1	23212.45686	23212.48916
26147	1	26146.45686	26146.48916
28217	1	28216.45686	28216.48916
36378	1	36377.45685	36377.48915
36765	1	36764.45685	36764.48915
44223	1	44222.45685	44222.48915
48453	1	48452.45685	48452.48915
86460	1	86459.45685	86459.48915
119010	1	119009.4568	119009.4891
