104015.583873422
104067.49130249
103970.470843095
103899.133674433
104116.829718518
104096.423184655
104135.31374325
104074.214866138
104187.796445162
104131.010029944
104069.774544631
103963.079148555
104068.794942792
104163.43662536
104167.71199649
104033.307741557
104015.702097829
104052.739495331
103984.72211854
104073.007723198
103877.500749572
103992.588205481
104158.415687256
104099.045484948
103987.712775991
104038.8883361
104060.079225911
104016.559518366
104059.152071578
103985.701414056
104010.585258192
103943.723393834
103955.717683657
104004.231908774
104146.278871865
104050.741767409
103994.424315549
104142.588256595
104009.051051744
104148.210604999
103952.667836345
104009.552605738
104087.789424521
104086.333902546
104060.781639701
104174.333731129
104101.45566504
104128.382044289
104134.918216311
104066.341805613
104081.026292717
104222.337191443
103952.661864559
104094.438990195
104058.1655101
104151.52996523
104073.318526978
103991.150952819
104050.061403129
104027.17042932
104095.544800028
104246.313808633
104091.568209304
104019.497616331
103981.301227005
104067.305179902
104182.714808471
103972.205044623
103986.563170287
104116.389495428
104042.491171893
103986.543229514
104043.52469339
103987.299591129
104136.052239514
103985.981077975
104040.678513279
103983.255597618
104066.702315042
104063.717984042
104071.522234882
104128.690501097
104087.246959081
104030.600417676
104044.520236049
104008.746824565
104134.159125954
104001.190837354
104023.28518708
104152.212242328
103991.791367581
104090.15442962
104119.884548429
104016.171587279
104069.283560836
104185.067526868
104028.341250182
104060.919768232
104074.663098968
104093.837751031
104129.814157958
104083.690373662
104021.805653457
103985.046702665
104099.206967955
104003.94831799
104042.912556827
104041.289694415
103925.134740351
104125.346778778
104158.952327098
103998.062993837
104044.019307992
104136.010797765
104113.855840716
104115.710146865
104201.5454206
104084.922126861
104125.333642559
104043.392493633
104006.134811286
104116.406219938
104067.179389657
104059.053670238
104029.592108746
104033.817377292
104118.451114741
103899.1626693
104076.718681127
104018.816044352
104091.752701031
103928.942909944
104092.166305204
104070.921669088
104165.485409405
104148.02243178
104048.899699178
104111.200508214
104144.900659902
104071.43685786
104020.687574145
104051.464138771
104049.661554664
104089.001685772
104190.732289881
104056.575892802
104091.800416405
104057.328600413
104081.243018676
104051.086905582
104095.00896756
104023.794966946
103971.415405198
103964.73262253
104063.604064007
103906.545375479
103937.045777773
104060.795591406
104095.184698624
104062.573053667
104110.767713151
103951.6970881
104089.645380037
104089.738277771
104033.269767887
104044.958656574
104093.545056827
104136.997333611
103973.573961848
104073.498835104
104184.267698134
103965.6697722
104103.900590136
104081.13138078
104021.387576514
104108.243931296
104066.031120589
103931.996318249
104133.970338407
104187.950656516
104236.922247306
104033.974404643
104047.558243362
104160.367010237
103965.630463935
104104.174634425
104009.416498842
104215.102631457
104048.526710498
104119.959158894
104187.335436991
104074.126479049
104164.249861992
104000.981693338
104112.72989408
104103.662688449
103951.894951553
104061.309121569
104013.435233569
104154.448386093
104155.188673844
104147.709827239
103977.668949673
104135.331200502
104089.50406331
104026.098432791
104039.049560333
104002.042088842
103937.135606965
104098.377478843
103904.389981944
103960.59770999
103955.665946923
104081.833414421
104121.385992356
104189.596436489
104049.188222339
104022.832724526
103987.915248595
103922.311656071
104110.668651919
103966.22553013
103874.745630049
104010.263689426
104123.241693704
104199.057970707
104177.267084654
104074.276163705
104143.209063071
104140.952685171
104061.006593389
103992.332133802
104169.700141402
104115.143879924
104184.571650988
103995.442700319
104098.482602035
104020.648343136
104104.95646042
104110.376224066
104030.34054887
104279.984032663
104004.850803988
104176.649403811
104128.384383656
104089.296929662
104005.691104934
104119.404194628
103815.802935725
104003.845249867
103968.05197449
103956.742088894
104151.993577102
104062.784416258
104212.911136781
103946.554338596
104077.176306666
104136.173528269
104017.371737772
104036.823322813
104048.566941613
103928.233652096
104133.727222822
104118.904427691
104170.83041303
104079.713762977
104043.797141705
104123.101678202
104127.401025099
104159.205306939
104144.869219893
104089.464068289
104117.183007252
104202.809404334
103921.006984304
104031.674064134
103928.539087011
104048.178803908
104253.407732345
104040.214382235
104077.294080212
104085.474179841
103981.748006558
104154.273959402
104110.265404438
104076.9552926
104117.654716705
104055.717397569
104172.869228232
104040.312422791
104092.475809206
103975.523558409
104181.012273593
104126.685911285
104131.690919789
103996.436147513
104022.707886634
104185.220147572
104148.377944298
104032.742469809
104057.831598699
104008.845277371
104149.910347861
104013.091083168
104071.197207052
104115.47307862
104147.130605912
103897.49323434
104162.327938557
104025.51577261
104032.906679352
103976.295633124
104025.663317092
104036.774900701
104076.922066584
104186.508540062
104107.939104482
103943.741862735
104003.95051573
104088.204772538
104015.032734111
104138.499560659
104159.179447764
104021.548410355
104174.982234736
104093.353157165
103886.885847747
104010.883878459
104065.229683847
104081.503392599
104162.455067848
104058.140838991
103892.397258852
104171.738881122
103998.581880657
104049.107219015
104076.694085058
104052.160443635
104037.087847271
104016.021724708
104068.255412424
104212.846939768
103922.17456846
104066.852571419
104122.907453203
104144.116323133
104126.137637626
104173.918260844
104137.613599358
104037.327001651
103913.565563852
104013.334934814
104128.548031874
103943.109035293
103981.398939375
103983.229304421
104029.096358651
103948.241538521
104093.816645033
104131.702755352
104110.088947238
104160.832890549
104089.448532804
103953.220839649
104067.205725631
104158.444099082
103997.868754504
104040.160874806
104152.922627786
104149.425333439
104118.808265339
104020.008820092
104089.577351935
104134.909304609
104146.340313921
103906.693495206
104078.335448762
104162.281869999
104061.846524364
104015.893215039
104055.652250903
104080.808740194
104100.279646069
104249.103738589
104091.831854184
104214.444757455
103991.923173053
104008.426184092
104142.177838122
104062.420627753
104034.671035623
103999.069831335
104116.718271413
104014.513615092
104113.097351074
104140.879273047
104030.97935757
104076.4095158
104042.176352541
103953.486297185
103996.363422131
104128.675535484
104090.895237131
104020.248293042
104113.873079667
104078.624407477
104045.945332787
104093.136725247
103983.086177697
104027.075926216
104069.928129258
104117.088118554
104129.228787335
104136.09321792
104077.839444188
104102.788061551
104213.690788278
104087.356529699
104024.284771251
104014.791374555
103986.430670028
103959.24196521
104031.854794946
104108.828733912
104003.899882131
103983.111452672
104034.223659734
104018.560129116
103942.098618626
104220.312307145
104137.579118667
104123.974454047
104025.894840917
104150.353678777
104058.84242757
103984.073936458
104054.008899407
103932.436526663
104066.787615372
103948.240138219
104287.741345903
104023.614679431
104244.015881289
103928.952162279
104164.55584056
104062.448878398
104139.87428812
104172.47190381
104063.482109466
103997.064994362
104119.299821192
104101.638834155
104080.183588537
104241.38065403
104087.17622313
104069.154156121
104013.666633809
104175.632639894
104006.437487442
103971.163821202
103972.244525321
104007.617856019
104004.434052218
103901.760398296
104008.092543485
104205.364748164
104124.404841074
103982.950892134
104043.312801713
104069.126585969
104094.578027551
103971.547547238
104156.589723721
103893.123594345
104090.122357514
104108.884169616
103987.678731003
104146.255912891
104030.636928719
104086.129988609
104167.045333666
104050.541554888
104064.228142754
104006.918049209
104198.359401389
104171.413970377
104031.416054663
103940.913399551
104010.915558566
103955.788508434
104156.059194285
104071.415899921
104040.896253563
104025.657989665
104079.734480967
104068.232069849
104175.045215499
104036.614200859
104129.41093937
103996.894151195
104026.062415783
103903.031146292
104193.328101913
103948.825359313
104157.81007618
104035.359201467
104092.400977272
104009.8896366
104103.684777468
104041.928500427
104154.083667727
104068.18513654
104076.93012699
103888.98253918
104084.290160531
104066.364906969
104035.135780169
104147.813210998
103901.143765615
104051.40890805
104143.095735336
104079.76357247
103993.756873565
104041.947790651
104002.487310029
104083.298741353
104033.786846171
104054.580915373
104127.875191509
104052.509700351
104205.400057147
104050.883808124
104071.00473479
103958.091252669
104137.468966855
104033.372885083
104060.580217029
103996.947170038
104082.09914594
103863.732714041
104006.760482519
104054.291358455
104038.808714922
104061.838402106
104113.903205304
104128.006986126
104158.908089591
103929.242302626
104050.778879474
104129.79927227
103998.935467275
104148.565858271
104160.050746609
104080.935891166
104068.594480179
103950.489678644
104009.189275494
103984.63684175
104152.034552966
104027.644939517
104212.901853407
104149.562821795
104175.736988878
104004.81242203
104077.088804521
104095.505579497
104067.311615396
103961.201914049
104154.836738137
104091.922013734
103953.217198554
104094.187210209
104008.882105823
104062.816680496
104072.781294747
104125.487997482
104097.241548795
104026.913833864
104121.785553096
104100.410691332
104080.978244373
104035.97460353
104008.167331202
104059.248310536
104069.630468363
104153.890302696
104098.40554551
104112.074462412
104146.476286056
104116.196220733
104047.654585585
104152.796820379
104042.647166496
104013.903133597
103967.375012907
104125.782068003
104177.456274466
103946.414734285
103976.697179157
104224.4918098
104119.181434607
103945.832238313
103988.710243708
104247.286641332
104107.451008267
104000.669459362
104131.772892036
103993.294539905
104097.822147983
104000.661418857
104104.468674271
104158.777820062
103958.997261033
104037.231774233
104226.439499066
104075.093791053
104137.012154407
104012.034651449
104050.272796697
104090.233544805
103939.926424672
104109.832166641
104058.248909346
103948.65169375
104062.200244793
104059.792962794
104162.37392258
103934.665668198
104275.110246606
104115.935388818
104104.928059409
104118.079646935
104144.54362355
104052.711222099
104177.723009872
104105.551580521
104001.67386889
104058.785100603
104029.480404382
104151.118374042
104163.114122142
104032.327535571
104033.788908237
103923.258592721
104152.53743589
104066.052433055
104013.547872135
103902.649030936
104134.693880363
103942.16331223
104249.681541528
103945.204632345
104173.184577587
104007.275657764
103969.475888072
104005.820202345
104117.728218843
104003.008410869
104126.775885205
104150.413254587
103948.8103434
104057.724800856
103879.247718174
103970.695612123
104120.699539092
104101.71513921
104141.743949821
103992.820189883
104140.764071482
104070.548387143
103932.247849758
104029.110409226
104145.631869993
104072.820070168
104137.409644025
103911.542563999
104059.917109917
104110.285246532
104104.121572399
104058.842247991
104024.130842755
104103.629893632
104073.460810239
104028.652044657
104095.073317425
104008.29153603
104104.392591834
104052.996235109
103965.935215113
104142.20564644
103839.036759155
104096.0994731
104076.024691526
104150.742166821
104093.324707458
104048.357250794
104029.038920365
104028.011267056
104047.987932589
104260.033263908
104027.604782789
104021.181266124
104023.698271784
104039.056230064
103992.719979668
104098.371044902
104133.266956519
104227.550655495
103950.856272532
104087.322432067
104163.847106255
104084.847757305
104091.065437563
104089.835107799
104234.596287785
104109.377069201
104176.295890588
104001.581278578
104182.089893614
104066.033609339
104164.62262735
104001.231490445
104173.780020051
104056.683772754
104166.757590065
104062.723601701
103982.378935421
104135.649025773
104075.633898864
104036.04090009
104037.525831435
104094.948044182
104142.884250737
104064.652951113
104043.709387815
104242.208447342
104102.681851822
103965.269497743
104211.815933791
103999.106543593
103951.019312112
104033.045922755
104061.200758748
104003.076619286
104138.427511876
104097.523446049
104118.25887724
103987.701009038
104084.236322144
104030.226966288
104131.364798242
103957.402606607
103936.830324163
104077.174919573
104027.017668711
104158.279760953
104007.03615661
104000.896725328
104178.553063095
104081.110134051
104108.552856947
104094.807320491
104156.319432211
104083.563547458
104028.060814866
104086.531343977
104063.972978535
104108.530689
104026.832571052
103936.483351447
104153.698068025
103924.54898674
104026.117820065
104105.735465721
104116.729770098
104116.579269003
104011.084904162
104021.525087389
103907.025522366
104034.597891599
103991.547818996
104115.460412201
104237.590785483
103919.795506657
104116.543876938
104103.723690046
104116.387976027
104018.149518626
104009.48060293
104046.295319972
104099.39378091
104074.22685607
104015.857962171
104140.425255532
104167.66055544
104118.13233905
104266.862432894
103959.549154063
104040.434102748
104213.979743751
104069.424013967
103996.695088087
104009.835856052
104064.767027459
104147.830617934
103942.422694644
104050.306539246
103974.289722967
104090.443904225
104032.427183667
104049.656110592
104134.748137721
104107.811433513
104135.364579559
104244.682752061
104282.089513723
104197.071691513
104044.200006066
104026.551746516
104083.689460594
103999.054202948
104070.665794148
104204.771223078
104101.434070716
104034.779930299
104150.068969405
104049.073551303
104116.40240067
103936.401787241
103923.691661686
104080.203589402
104117.168995449
104131.902752538
104030.267785011
104220.583593646
104022.842172652
104097.468446551
104087.899633354
103920.650553217
104071.120986889
104023.258903429
104158.460525728
104038.840984287
104042.957861287
103967.229089854
103845.138675918
104011.646590821
104144.339941341
104035.979811177
104020.270854408
104169.881095437
104117.233233378
103888.134586783
104120.180037252
104052.92603501
103996.347136345
104021.86432725
104006.520304843
104099.837531836
103973.745358122
104205.424775318
104154.312700436
104021.752992038
104017.593702455
104037.645378392
104060.142475764
104192.020411781
104063.389735175
104102.06765408
103953.697358195
103995.838591165
104104.846069852
104133.936699058
104078.56722895
103981.446918163
104042.633125236
103833.656656834
104218.110086909
104108.183290593
104125.839379625
104081.917660293
103940.812175804
104135.904683474
103925.007855889
103976.268820186
104225.87634912
104016.000702252
104143.041506174
104105.804595391
103969.866022742
104008.366186645
103949.492209393
103988.906917343
104113.466998707
104012.309507109
104202.14129475
103956.90653776
104144.557189053
103987.735734883
104163.062543179
104094.16345593
104074.38072557
104084.722139752
104012.277197806
103929.937299921
104080.170864872
103952.659110293
103961.648222073
104100.338383622
103970.377502651
104009.333715145
104096.118934501
104162.02653265
104130.71466204
103994.366198902
103971.8341697
104120.544575068
104030.157666748
104133.269275824
104090.972184315
104086.21695702
104148.576970829
104084.396870069
104116.28344658
104225.4584749
104122.980224606
104045.288276056
103950.514285778
104128.027245268
104070.074605331
104039.080497085
104051.376850749
104136.176116364
104023.452715433
104047.820514887
104026.569365713
104029.477822297
103883.409100971
104044.219861511
104088.011530776
104119.463942241
104139.595688162
104141.75329478
103969.255313866
103974.651198801
104188.267945429
103995.688905524
104069.093511378
104077.54362539
104017.084787487
104053.939413659
104133.895738092
104097.568484197
104061.363437414
104021.968826185
104184.975176104
104066.499955149
104172.387650876
104163.535909594
103952.620299068
104009.295545491
104135.573575294
104056.850294826
104099.360856151
104136.084841213
104124.05650594
104026.896053492
104199.061451999
104027.704768766
104146.871086595
104128.169703935
103960.442595467
104045.076084265
104248.587665094
103989.77830198
103979.965395196
104116.126173013
104029.755153015
104142.239868799
104134.164704011
104106.576537834
103973.016300116
104062.802482028
103977.631843443
103987.702614139
104045.363168356
104114.320841382
104053.166380281
104071.399482996
104020.760591451
103919.72164644
104175.577285245
104027.402773442
104156.683495224
104094.165838344
104196.384191214
104006.094736219
104128.471883908
104075.332412375
104100.016061092
