104110.169887557
103966.034392366
103987.275335172
104093.689986523
104096.799519912
104147.616261657
104047.836948175
104151.21265207
104076.467327076
104179.801476327
104022.446653148
103989.55173651
104106.882530972
104172.335200749
104233.459057409
104017.109181247
104038.227392599
104153.333717329
104145.084662041
103922.174815983
104044.252468139
103983.40146498
104010.98333844
104026.441543867
104128.950429967
104110.850266835
103941.085294729
104194.314537494
104128.764523144
104146.02386951
104220.696630787
104155.267864245
104185.996945405
104139.026420574
104141.475926095
103971.983414877
104007.62831412
103938.827829833
104051.161999929
104005.712915814
103889.302160099
104166.602471217
104162.603916101
104122.162124111
104103.924630425
103976.64464284
104158.930507916
103870.054993503
104106.548865612
104107.646986508
104110.752202367
104121.784209829
104090.985551331
104110.776869639
104112.181973
104075.020972162
104120.014349134
104102.554209215
104353.148887771
104094.052123706
104091.348127737
103934.71130078
104089.029006887
103998.600461337
104214.046117522
104121.693180337
104126.052555835
104151.186366062
104232.976454075
103936.955243733
104166.061572252
104120.472335436
103982.977746104
104080.79113631
104114.57052784
104032.412573102
103887.192848626
104131.304028296
104041.749250463
104079.104922385
104190.500453273
104140.893357058
104146.623143251
104101.17675335
104211.197419745
104126.908431881
104154.733507793
104029.983005138
104035.975749186
103917.152360365
104110.345202397
104115.405368939
103992.305901608
104056.562636577
103935.142478506
104177.481855446
104067.300982317
103901.05818419
104204.195689386
104131.407026727
104040.769119489
104356.655683065
104126.076475988
104118.985071064
104015.768048945
103900.261586747
104062.769220749
103892.631421034
104118.472678616
104125.464299173
104062.866975637
104256.037983753
104030.369076337
104030.839061317
104053.371423398
103998.336279134
103939.803121229
104030.239876897
104004.742832849
104121.530126728
104037.278826466
104035.05748596
103973.410500662
104153.427028138
104047.153053742
104008.341389473
104120.167735281
103951.075485251
104004.589105016
104065.172465387
104012.989748231
104208.703540497
104228.479814714
103945.527906924
104141.134067745
104139.214454445
104047.004355504
104148.195420332
104004.457699254
104099.125284773
104056.965781354
103966.637247338
104146.353098377
104005.294767867
104003.004884219
103993.007327231
104145.601378286
104102.122140625
103992.400156978
104045.319962036
104084.76446952
104169.316525736
104049.69311611
104022.775864
104046.179349344
104170.623623761
104070.725302244
103934.785859411
104282.133244583
104092.556465212
104037.88180787
104065.031281072
104110.845737169
104075.820222765
104149.217002305
104057.749868172
104057.493577733
104148.976749832
104012.235655021
104064.559223874
104021.071186504
104148.522302486
104111.808977633
104275.245364203
103971.851079402
104190.324143805
104056.704860398
103983.04817173
104300.588868863
104175.569187111
104002.808762208
104007.762400083
104119.756659618
104119.389850837
104205.183257383
103982.307426121
104048.388774517
104066.944012759
104092.527999308
104078.246691539
104222.162789928
104086.28820729
104098.103909636
104215.008690556
104096.027322744
104022.017636011
104034.034850405
104084.603669101
104252.230204484
103979.805602768
104257.139802514
104167.032562258
103984.095507019
104077.744346107
104087.792732286
104044.864688131
104019.031004723
104043.971473351
103938.337934508
104133.622618783
104110.848075219
104066.885852896
104276.480902939
104180.56603198
104222.241522254
103981.446454132
104232.651870648
104209.132689672
104094.451503718
104166.568059441
104008.17699551
104045.561202389
104077.267781946
104168.799710198
103984.190424565
104152.905346243
104023.86025208
104029.409011568
103989.184415505
103991.173851238
104138.283536022
104110.363995793
104052.923796436
104201.997665034
104165.424458586
104169.671795204
104073.804253044
104041.645528232
103995.298232554
104072.156178353
103911.956677465
104293.724540635
104081.867969281
104128.571861121
104073.673163598
104093.37209748
104061.095620811
104099.250467888
104185.184023957
104120.335115742
104003.788305416
104209.739913377
104250.447057293
104056.551381094
104314.477369639
104130.348462822
104277.860606454
104105.828854875
104120.483641296
104083.402900239
104017.227222918
104141.953701956
104320.461473923
103952.51096927
104046.184382459
103933.378982026
103919.549454795
104214.934072146
104002.838177318
104188.805404985
104100.051959486
104086.835177404
104023.780461181
103934.290934162
104276.565586839
104023.2625171
104070.167116055
104050.476569587
104243.623978905
104059.863538181
104044.608482992
104040.914637027
104041.713145375
104072.231347125
104010.068285947
104169.247153232
104187.324127267
104209.265038508
104042.176979096
103987.629423696
104219.477398794
104069.28856293
104259.080510839
103948.710428047
104072.831906722
103984.00451134
104097.377933909
104103.636911256
104137.990727986
104130.551590685
104095.73986555
104235.449322444
104213.425543678
104121.864097772
104155.433273147
104095.625179927
104078.37989389
104112.501696215
104010.921778192
104214.235231008
104014.119412358
104001.573015965
104058.539698107
104174.915026443
104191.347027178
104056.727942574
104298.155486099
103998.604092499
104071.111776625
104059.951507508
104122.444766481
104166.079674734
104162.542473609
103971.414436343
104212.667726191
103901.199187512
104128.067930704
104159.605357782
104047.437464358
104161.628273268
104271.059447175
104160.074545613
104130.22759618
104109.386728304
103949.670725669
104045.224804184
104042.878435949
104060.369363558
103975.259606388
104148.767608081
103924.44093824
104046.266442343
104004.636538604
104064.060270921
104143.707968518
104148.651901324
104002.424228492
103863.205582719
103963.575725992
104090.634285883
104196.514424696
104064.321959982
104011.756365745
104010.598524279
104015.356612712
104025.104838283
104199.74186569
103954.860878973
104149.947456283
104061.514900509
104096.446330381
103903.188890529
104207.515056691
104131.8447826
104120.828651939
104015.5940644
104088.647797851
104195.856417555
104029.71567235
104332.653523405
104204.764385274
104034.845480854
104318.674446553
104104.413419475
103969.31363624
104187.233152678
104010.741051819
104149.96076189
104223.830633579
104158.442444164
103958.145849718
104208.046780609
104079.089449324
104066.929112305
104236.627442334
104163.389129642
104105.345532553
103962.244814586
104119.638303018
103967.225602615
104021.68842275
104016.673674562
104190.149164548
104317.60114023
104025.561044111
103786.479406956
104144.804881619
104090.485408259
104082.093415629
104188.296091934
104119.949425317
104183.103378558
104344.664943173
104143.872360997
104031.366576426
104158.68363574
104294.347176601
104085.428188956
104068.595086131
103957.367702928
104095.860669917
104152.710497327
104200.5636539
104078.287909164
104035.338562535
104252.542547605
104125.482329999
104362.247624399
104016.824855905
104161.048485817
104112.431406969
104072.801599019
104093.123273549
103945.419988937
104008.858119146
103980.636023549
104032.555690928
103917.87747716
104096.250928607
104060.113998373
104034.741823668
104141.6263192
103998.569799344
104158.334682055
104093.95041986
104089.931972365
104020.764491858
103941.7866983
104060.37847422
104121.061526697
104079.327228187
104100.609178891
104084.872831656
104033.992889064
103954.534200689
104092.230882411
104167.786818583
104218.008199767
104134.538493855
104016.631036754
104203.74508758
104083.100430757
104090.177347103
103992.424513597
104240.797596275
104077.561001409
104071.782736881
103984.261102393
104049.22786481
103939.117778585
104134.613995525
103936.159833094
104039.240871991
103986.646197313
104168.999987433
104064.632330292
104050.067429841
104064.13860032
104004.514558623
103933.674358389
104036.061408594
104054.992036991
104145.856583848
104007.170238545
104172.915614367
104215.094504342
104218.315896368
104102.250832548
104036.806632771
104063.922140541
104210.729659822
104130.717540847
104350.678855648
104001.449984032
104017.122491873
104110.983788552
104115.955635815
104109.648211441
104184.912087819
104234.654531811
104224.10639616
104166.894414291
104163.263608727
104053.710935936
104202.167820565
104169.148770008
104236.00851538
104170.422802548
104175.330580432
104007.138726349
104155.129060769
104051.958820111
104031.444257966
104258.230639809
104003.462253204
103758.034583997
104033.916407927
104063.190102329
103991.094419752
103997.100854052
104151.9397773
104298.316643397
104153.04834852
104225.978968406
104063.73805632
104141.119906809
104055.235875701
104092.935890319
104123.270403656
103866.731572002
104117.206764245
104131.346583815
103991.649386875
104067.549221239
104148.81241871
104170.335687941
104091.849643451
104089.522650435
104072.568825214
104199.906426868
104143.941315802
104080.852495952
104295.258174811
104050.799343947
104179.757030624
104230.887213386
104193.477110711
104071.008005959
104072.001971767
104171.706338413
104174.681941236
104069.103099683
103987.518302976
104021.852550524
103996.686962973
103934.226165177
104039.506304222
104224.078529628
104205.488559053
104034.431994958
104029.864217265
104099.026070731
104285.809639456
104215.150101752
104164.922621744
104135.582290675
104101.40945551
104155.500263718
104172.877907795
103965.219589012
104166.759751933
104154.330339738
103939.506054737
103998.268278123
104165.427998483
104040.144042609
104283.098352589
104069.657395505
104202.505641097
104245.400759629
104149.787262814
104107.490211405
104205.759464504
104225.853883806
104087.340995691
104158.031687703
104142.851285627
104131.437367792
104010.32720802
104089.020851389
104052.714235327
103898.530426521
103988.609492334
104197.150522277
103948.288903711
104153.851651113
104233.695437301
104080.627794741
104089.413533806
103990.88261669
104191.037519243
104155.693318186
104217.152599186
104208.575510406
104067.214251146
104109.591244084
104084.999656973
104061.493983243
104035.344884264
104052.059027466
104127.17353025
104242.48355793
104166.051696222
104089.051741507
104161.327818836
104073.279753513
104206.33866642
104117.576073706
104058.301390254
103976.211076566
104036.137269792
104222.877410109
104055.527163937
104096.465697462
104210.280165785
104348.723288209
104129.422930811
104084.952493431
104139.92565358
104274.402135866
104007.769389231
104145.740241835
104163.286930009
104220.288590717
104128.532762378
104038.532371575
103955.512831375
104180.589244271
104010.031057853
103948.136404708
104041.907747538
103975.966907214
104166.19397318
103953.218763
104104.32832167
104039.356717841
104154.45231993
104101.456132208
103979.351214882
103997.889323722
104004.808096214
104304.198558543
104074.405132733
104053.983013349
104124.88319874
104022.454049643
104036.792517659
104128.405743558
104126.050219357
104012.986362128
104111.903734236
104067.250214407
104018.373130081
104086.645589498
104126.007960102
104030.39680133
103990.149167722
103982.90442183
103930.83724418
104101.704613996
104072.36098623
104091.121730404
104023.417639244
104033.037248436
103976.515250393
104062.393450781
104123.204421693
104046.950597941
104140.222251802
104185.514141655
104104.973598634
103899.443409548
104043.525859231
104164.950557629
104009.268828391
104122.948875582
104068.640935587
104097.154838365
104130.540346291
104121.561769158
104365.284445693
104061.559655188
104041.688638272
103950.234307608
103942.210487956
103996.623433619
104018.576304956
104251.134308677
103954.61210902
104148.867332325
104152.456124889
104184.118534434
104007.096177139
104247.843782623
103955.475408277
104073.282561709
104081.420847093
104100.375159879
103981.692531426
104219.539665497
104056.434539725
104132.279723229
103970.074694357
104167.669181036
104178.977312312
104028.598088289
104041.157077953
103898.268079104
104033.443702297
104087.071842274
104171.950512454
103997.551435982
104094.512630924
103989.142578608
104048.077588266
104007.714697887
104084.738355486
104120.421516045
104038.695223093
104081.430807104
104275.814802235
104203.576500398
104039.461547753
104050.50894583
103980.040892535
104054.726583884
104151.371083758
104056.734618987
104138.871191392
103945.720993392
104046.094091126
104119.862646448
103881.582908281
104182.148619193
104174.392553733
104132.201384152
104165.585783407
104161.920257603
104056.529751441
103967.851657933
104071.178936531
104136.432998633
104058.184863111
104160.089314255
104007.966347534
104045.497941242
104251.104291172
104112.230643631
104146.219988589
104149.512769494
104096.316849801
104031.393521309
104173.516267269
104122.53098446
104257.364902398
104068.873982113
104118.30160759
104016.696097752
104173.880194801
103982.873445031
104048.220751679
103949.311724622
104160.847174405
103998.536156321
104167.38928387
103911.550947239
104162.780105212
104040.231944753
104089.732445971
104016.935093006
103972.229974342
104039.44674396
104142.348062525
104144.65382659
104113.106812107
104142.853733017
104174.587006966
104030.182214915
104129.778770597
104254.730589215
103967.236395279
103975.663222339
104139.280099541
104125.13949245
104051.241914941
104044.614737609
104129.923049671
104163.178303465
103943.692695105
104234.75303943
104178.121529207
104056.392882346
103980.765631525
104023.394106743
103997.30110601
104046.372011098
104080.612849984
104171.901618298
104110.36474115
104005.333251638
104140.28904589
104001.676029989
104054.654379228
103955.566571002
104139.007083722
104104.494299879
104018.308225969
104085.163859584
104108.507400261
104196.713034072
104100.798456798
103986.025660044
103952.712770745
104032.775402928
104162.987386766
104112.693355646
104037.105663988
104187.09863894
103977.157490024
103970.913185474
104177.575554461
104106.913407964
103992.017971204
103924.610029583
104061.793249368
104201.423103488
103986.314297668
104106.275524933
104238.750082941
103861.419560221
104138.252510613
104116.192095681
104196.785467746
104294.993524647
104022.763526618
104105.648091581
104199.959016956
103965.10519316
104163.604556452
104125.467367462
104063.997270735
104018.051327953
104095.172094838
104120.071179797
104016.78869219
104002.910382108
104087.076863731
104089.203853827
104031.920399728
104127.766009289
104149.026131362
104145.390483304
103863.851255197
104001.772062454
104260.871278902
104305.398917574
104025.816655892
103929.926660171
104025.063713057
104156.853341068
103941.102918214
104080.879699718
104221.076713323
104201.718205055
104097.776252159
104037.437328379
104160.554809788
104261.283603916
104111.591632743
104235.585995896
104086.967897627
104086.23502687
104133.038572594
104156.221098515
104071.605077435
104216.795062107
104030.570698526
104327.206051134
104065.551021787
104035.129582151
104174.73872127
104113.405014561
104003.787182623
104228.405404547
104266.644492497
104017.690923184
104091.616166848
104166.548819267
104165.112945646
104033.597160973
104089.782384535
104243.345480111
104074.179710234
103978.516274965
104033.365668495
104140.920516961
104243.829219326
104048.083615254
104026.087892007
104269.142732468
104261.628680311
104163.546664354
104077.575885826
103964.638580912
104210.565352915
103929.408516762
104189.833303523
104007.72494427
104192.78620855
103862.80132425
104027.994053132
104044.513399704
104027.293242831
104098.930039217
104186.162580441
104052.995135339
104083.630021202
104095.395876127
104026.781406077
104175.063488342
104245.340118945
104153.979175503
104183.996394852
104204.662562319
104110.013531267
104128.959753161
104017.581822755
103958.101919493
104006.121531219
103975.803979468
104188.637038797
104041.060017776
103940.660223043
104225.866043545
104056.753806598
103909.291380373
103990.787220867
104147.390390378
104223.03464697
103996.001748132
103930.643662817
104010.775965205
103922.445732528
103944.900882933
104025.33470748
104072.746553542
104168.016163309
104120.161793144
104064.284088298
104242.076056043
104135.995718184
104028.296389596
103882.202221358
103973.60642364
103958.740692864
104162.27715538
104149.577083518
104028.238217249
104098.093155217
104043.033093401
104050.93169445
104158.379482729
104056.318303887
103992.35353796
103987.86377215
104019.698212522
104005.174486013
103889.440089351
104022.721016532
104061.593276836
104083.904187207
104113.140678799
104145.414802691
104261.881031404
104118.857690291
104100.449228006
104155.865544492
104016.27775072
104213.403879398
104058.750162501
104106.049647223
104103.77904402
104013.193719046
104120.038898269
104037.341799043
104168.806605598
104020.287940127
103873.676013245
104062.26598793
103990.132957612
104088.29614247
104056.898080853
104163.269166239
104087.479657993
104193.377332417
103903.793177564
104125.669374385
104194.364193561
104129.982271655
104284.115961072
