104027.385675602
104056.274463968
104017.506489062
104004.346197457
103993.084642387
104030.442268408
103970.461211758
104049.548578748
103977.241544212
103997.517460679
103935.155498336
103961.158090189
104047.572971137
104007.684381195
104015.906934831
103970.970034532
103990.869651895
104010.2917668
103995.831030807
104033.201259131
104000.510418117
104001.870157006
103985.78417355
104040.165973706
104019.855750172
103966.303906046
103988.129051636
104005.732762346
104004.581521334
104055.976889586
104012.459587749
103999.956830967
104008.787930989
103982.155269616
103994.439932689
104045.982704781
103998.688631637
104045.280107731
103990.627907137
104005.845538235
104029.350398959
103999.1095177
104058.484995252
103971.504565363
104007.028214351
103997.618905842
104007.319500058
104006.447174684
104007.101706158
104010.565428888
104006.340635156
104000.88406064
104010.124604024
103989.477981123
104063.183434066
104007.559486549
103973.85286023
104031.000184753
103998.151631321
104024.058689093
104013.775581676
104006.97282745
104020.571484048
103997.442745005
103988.484965429
104011.476803832
104058.246971486
104041.649474348
104039.367021037
104027.783414611
104000.509674289
104003.311804547
103994.458624302
103998.081349403
104004.458219247
103953.240815156
104011.067756629
103985.546446793
104010.896237638
103974.065189309
103960.979096461
104012.361117664
104031.84235695
103960.107500232
104013.638202701
104019.686056813
103966.697306437
103990.351316199
104009.628702782
104013.083592198
103964.740753939
103998.181887126
104047.495879368
103965.932727289
104032.179337541
104009.476124999
104031.760829621
104012.748186504
104047.228658495
104023.897503428
104034.840163742
104005.232187838
104010.029428309
104006.390695502
103986.306980252
104038.533520198
104009.221588204
104023.06290059
104014.822472139
103973.205386979
103995.754637995
104011.51484167
103980.334754531
104002.58398297
104024.037604794
103997.012297148
104043.519079206
104024.619483904
104013.017539769
104005.248034574
104011.72195658
103997.297371445
104014.724751735
104014.503411328
103956.245835172
104014.004449219
103993.529542056
104034.233063577
103969.004892549
104021.493514454
104003.562824685
104005.926963057
103997.831604511
104059.55658681
103979.627776387
104038.158416202
103999.657966986
104014.58329207
104050.598215108
104041.195919844
103987.659230724
104033.823691999
103995.239857049
103988.597563462
103994.822661918
104035.97587742
103990.539118845
103974.484869112
103949.055577752
104009.073827408
103979.917086766
104015.086054189
104020.075450583
104010.586096982
104010.375244064
104014.869780401
103976.432630305
103978.021253324
104010.113105257
103990.152528736
103999.060176434
103972.850201252
104031.353277205
104031.556746573
103998.345797214
103973.722747019
103999.879650951
104041.789628996
103993.00398434
103956.534088271
103983.830327436
104003.965160859
103982.564745404
103977.084166127
104025.108594446
103979.588789078
103971.029374415
104016.33885433
104000.211370523
104028.487200405
103989.399656073
103989.178406565
104013.790501257
104000.163455503
103974.321281085
103962.060189648
103997.59160619
103977.226774517
104001.371103614
103974.418557918
104025.605066606
104030.21299871
104009.973052373
103987.113270061
104018.706572746
103968.936053196
103971.647276421
103975.283661883
104034.390636139
104014.221058608
104017.642183599
104038.411902204
104023.315096097
104005.936960145
104010.634040263
104016.842634173
104044.499820242
103975.595564844
104023.346420002
104053.630117942
104025.338611123
104002.041311055
104021.336801416
104026.448821614
104039.939835183
103991.469722278
103977.21548241
103993.180229398
103974.235621832
103976.209969694
104011.893635464
104023.050500612
104034.007383686
104010.847385168
103998.367996767
103991.933535215
104024.695044582
104001.733887369
103982.856275791
104012.180549184
104040.633484981
104043.977658952
103993.416678936
104022.556563275
104001.549517674
104021.15465138
103987.917887769
104015.815356044
104049.274935508
104038.077708057
103987.006716002
104020.4113235
104032.319059216
104019.946441673
104061.039366294
104015.853345485
103971.544382089
104001.716358932
104003.447130249
104018.573672021
104002.300304853
104024.993195794
104008.872227532
103996.920827145
103984.33369732
103978.967520526
104027.531762704
104018.877922452
104005.605950528
104007.159601526
104054.244457136
103967.148427417
104008.24165088
103996.264634807
104006.606985245
104031.535636611
104041.251104796
103972.331872435
103990.70842601
103997.475542831
104001.265296124
104005.385433111
104012.203463789
104012.752620949
104012.771592618
103975.2651291
104009.75664286
103979.591459675
104014.515386443
103985.405936092
104026.08177991
104013.513918715
103995.492068256
103977.861531648
104000.817225721
103950.705013933
104028.181331115
104010.919199612
104022.607540042
103974.080451584
104019.114109311
104005.741511092
104017.609665638
103976.069282658
104036.725518682
103979.266740308
104029.307141119
104005.541978909
103996.143796702
103982.727443244
104073.879628506
103981.20968896
104025.218562771
103978.668747966
104013.379981462
103988.720796884
104007.360423772
103968.084924889
104019.55538826
104009.260481814
104004.965735828
103988.593691694
104024.135856219
104007.409364895
103998.57228011
104001.346192354
104046.012619486
103996.230043246
104018.051729927
104011.326159466
104022.431111477
103985.633794147
103968.211345797
104037.116594778
103989.976860434
103987.632797307
103956.22288606
103982.341415088
104006.063806039
104007.828302933
104018.832545871
103997.491927479
103996.954480141
103963.49296997
104045.923830315
104017.183099089
103991.718020911
103995.451006792
104022.108992067
104019.389314383
103983.046992044
103996.273530317
104002.693286863
104020.693772379
104010.977099956
104015.213548873
103975.204418458
104010.935187421
104022.834122731
104033.891039952
104024.968381964
104023.009473605
104034.546022184
104068.229449592
104085.410490183
104012.271197088
104018.468300042
103979.179395633
104028.420161571
104007.060729358
103981.347933102
104015.525707856
103971.433828972
104018.55496913
104076.486108025
104014.173784845
103964.300872156
104018.939382046
104036.458453581
103987.665546026
104063.221231529
104003.767512425
104040.703618847
104040.747823843
104017.054599569
104028.829278403
103995.028888281
104011.903628282
104026.99238621
103990.684130571
103999.802755123
104008.625032739
103984.37700025
103999.916170764
103986.415171552
103974.729253994
104013.833760033
104008.013184428
104054.944643626
103998.976279337
103988.866836655
104002.478518559
103995.631484054
104016.154386447
104005.263997523
103987.56740805
104038.579760985
103953.359817751
104017.929114213
103980.358794178
104004.516464302
104013.138534183
104031.901739059
104023.48099999
103987.820653192
104041.15729527
104006.048234662
103999.995867451
103993.64331072
103997.961701452
104003.939148181
104017.407486231
103991.878570222
104057.949945109
104001.863147058
104040.471860192
103987.656191616
103974.785783161
104038.250547007
103992.55894928
104012.406679238
104009.067360541
103971.42285251
104013.571178612
103995.794628327
103960.689345161
104025.729732226
104066.108305101
104012.891126204
104002.128310467
104031.761128633
104037.471256405
103985.181346954
104021.719828324
104040.847912106
104030.005403235
103992.283565694
103948.175106482
104016.60710496
103995.623464747
103985.745542156
104060.101973249
104011.984371628
104011.772711953
104005.157300666
104027.262070138
103973.826514317
103994.070630521
104025.640656481
104050.20528816
103997.213035677
103954.486601804
104010.217497284
103985.743940634
104011.291399542
104006.482793564
104002.380382037
103994.683444324
104033.472746857
104050.183638241
104014.375471629
103968.427428237
104016.095784246
104030.078774728
104027.150158501
103997.393703001
104031.299633398
103975.054196709
103964.406783653
104024.378321534
104035.774499008
104013.673322015
104001.754834169
104018.145698836
104008.791996144
103981.842568096
103982.991487081
103996.434981144
103993.736000914
104010.488537577
104024.646695866
104008.022448203
104040.95821933
104009.738945728
103986.448162942
104037.543638125
103997.079625615
104033.258249141
104031.279720701
103984.4481158
103994.634541542
104007.497942992
103997.509331896
103987.617443915
104009.113843906
104012.009932965
104008.447066466
104011.417521868
104003.354201485
104033.460188938
104004.63539838
104040.617350284
103963.835338581
104028.539866082
104019.066762605
104042.735892226
103998.529118696
104013.61476114
104038.678644022
104031.68264834
104002.744218988
104017.227394334
104004.917102285
104032.729432547
103992.398182651
104046.749790885
103985.799593317
104023.766521094
104037.991412616
103962.344064555
104017.752029922
103977.750452908
103989.617144671
104020.174991221
103936.586140363
103989.761934391
104010.688644675
103996.48763658
103987.577008761
104025.4882204
103996.107267996
104022.958462423
104011.668445189
104016.003548677
104009.755641047
104014.700369206
104045.205853072
103988.89010601
104002.878324291
104010.492741214
104006.367588326
104018.883650934
103998.38350708
104032.644195647
104009.036113296
103997.28029942
104027.121617983
103990.617961427
104027.999708503
104020.435020132
104017.051319547
104033.630926126
104003.191381235
104001.272963738
103973.953922481
103997.730421457
104022.331999278
104037.604115567
104001.866924668
103991.138609804
104008.028389157
104003.370581708
104019.976375021
104001.155901638
103968.729564845
104013.892996288
103976.835765054
104000.876794946
104007.786821192
104016.633030549
103973.258432979
103964.058240966
103980.991620729
103963.144773024
103995.57500454
104021.054002936
104025.897132959
103984.859452362
103967.745228316
104029.050404568
104023.415385129
103997.675228973
104000.67166223
104003.910544342
103999.891293238
104052.717007473
103994.536830511
104019.499337116
103997.939436688
104030.526560817
103997.283578011
104008.040418418
104048.603703665
104030.41612997
104008.515312646
103974.669031816
104076.598807379
104041.157802644
104035.691859191
104014.488478605
104025.023780767
103998.202992167
104039.302991673
104022.378448934
104047.736923416
104008.450940705
103978.927888333
104044.331777396
103991.044680981
103988.137993604
104033.025461229
104047.274486638
104004.972886831
103993.401864731
104039.070064583
103966.203396613
104016.865954812
104009.078445606
103996.778868141
104021.057581168
104000.467441918
103988.003868316
103989.197810291
103968.322632108
104033.797386094
104002.517381424
104008.174002205
104018.160130352
104024.23316844
104015.933047579
104025.842980447
104006.603474203
104007.355057337
104036.98519861
104029.083364527
103996.125621848
104026.117616969
104042.752050359
104022.35504385
104021.010977867
103991.329492403
103990.42814129
104006.105184995
104037.048300279
104043.390061824
104005.541456621
104023.918775227
104016.791064841
103991.595311822
103997.117765204
104022.274485422
104021.605252012
104006.00017878
103999.342708741
104013.603669869
104002.156765308
104017.534913181
104029.466110758
104002.38134299
104054.201012665
104027.908051826
104024.080724727
104004.678426706
103964.433852329
104036.308936809
104018.237407122
104002.773965454
104007.835294226
104013.52676356
103960.412137933
103988.250432343
103993.816574289
104007.934766789
104060.641363806
104029.443082139
103980.257806575
104037.234729154
104031.121364706
103998.735707446
104013.722041227
103993.766058698
104021.604177766
104014.059880186
104028.007402458
103979.392773711
104015.501423937
104015.031984419
104035.786479451
103984.410049509
103983.896843123
104000.6471697
104058.724819854
103964.130997009
104021.307967212
103999.920379049
103985.520203341
103999.461538654
103981.82426767
104012.968226009
103972.354040577
103995.936699727
103988.504169048
104007.545175045
104028.252668068
104060.774125421
104016.861285693
103974.278883862
103993.40674009
104015.402994262
104035.382810596
104019.397338318
104007.015549539
104017.18858538
104017.216189134
103987.231727685
104051.990728465
103976.042911527
104036.425318431
104009.756030097
103997.01903403
104014.457445501
104018.507819991
104036.406950633
103954.764730606
104005.145707397
104025.365411938
104009.065524196
104033.329618154
104050.722258011
103970.996034341
103940.330791919
103986.874798946
103965.005678641
104044.454155339
104071.578838074
104023.988420199
103976.737135062
104011.540390306
104019.490411559
104025.327558907
104008.365056334
104026.81077679
104008.374505445
103997.746775719
104004.028732499
103979.838588938
104017.121804869
104012.007487363
104013.97654948
104015.407595028
104036.10507834
104042.373260866
103983.093661602
103997.661604336
103963.276605446
103983.27189255
103995.061632733
104040.241481614
104015.937556324
103998.565032617
103974.933920094
104058.929285668
104003.465003956
104023.31933608
104009.004318217
103984.556379257
104035.497141182
104039.274387975
104027.750456506
103967.278693613
104017.22022607
104006.962829665
103991.651811989
103978.32288245
104025.324225886
103988.898252563
103991.834506997
104021.622934059
104000.385697192
104021.635988759
104030.00646204
104016.655787841
104035.71723163
103999.353893516
103990.66703546
104040.639035668
103999.193078384
104016.319861997
104034.123833882
103959.588114859
104029.582269441
103985.612282343
103985.01800271
103992.299080674
104044.5394657
104062.716048262
103984.681984073
104036.856445267
104049.965381218
104004.206376124
104004.464059997
104023.986890472
104004.227319429
103999.299278874
104045.474148716
104023.074777339
104040.540213472
103965.934944261
103985.569871106
104012.841933353
103993.305743143
104005.408540952
103993.11878687
103996.670400673
103982.539819094
104028.484948064
103993.752604447
103983.627942238
103984.78809495
103995.381180435
104011.259732471
103965.876247199
104049.655670205
104007.989765333
104010.159151844
104005.905584488
103967.263357626
103973.200684178
104000.075969065
104005.171258964
104012.977986522
104028.388736193
103959.709052324
103990.471837309
104036.804280462
104004.684898368
103996.021805702
103967.041406586
104036.714665959
103998.410453192
104021.496014856
103993.958577182
103998.225658921
103992.446359226
104008.580850377
103996.561629867
103977.184799043
103986.993810673
104015.464890183
103976.597399942
104009.149436608
103995.733144569
104002.901374236
104014.383905751
103999.833580181
104011.68105013
103980.429604241
104049.052719123
104026.691731264
104013.113644265
103984.987890335
104039.167222998
104044.496949871
103992.715453562
104043.818679017
104026.610121651
104007.553484227
104038.766849969
104028.116311233
103999.997872688
104027.098163217
103985.183029504
103990.517309785
104038.397218667
103987.323783698
104032.13058971
104000.252395338
103986.644209902
104007.487904753
103993.926015603
103971.026110828
104001.949846
103980.173630648
104009.105710569
103971.537633482
104020.871581159
104051.541440761
104050.849982926
104006.402615442
104071.406744083
103982.667918985
103994.296670377
103997.83557555
103992.061461279
104000.454368412
103995.946163457
103982.392617729
104035.191054807
104004.503675094
104027.677905682
104004.423230152
103998.708064937
103988.791112033
104026.61448466
104014.59174946
104018.914949936
104001.04341018
104006.464676809
103967.623867679
103985.424476399
104015.70825272
104044.372310024
104072.799892118
104008.262157858
103969.110588084
103983.454910393
104020.864700804
104020.621943371
103984.232555194
104033.54834707
104025.080533546
104019.503310725
103989.572699962
104046.427872937
104032.908632269
104018.871630908
104030.312567575
104044.843752938
104034.131570064
104019.613860513
104007.804680745
103982.726718797
104011.03558163
103960.316012796
104043.212856934
104005.796363426
103973.269023354
104002.325025987
103996.925792662
104004.074902306
103975.637062863
103994.366950293
104043.045483557
104011.275353678
103988.961476018
104072.298917017
104013.342227933
104025.724040502
104060.796973691
104038.169061309
103993.256861395
104026.067813782
103985.85582456
104007.533299483
104014.276643058
104000.489197805
103983.217126696
104020.78394318
104007.919745746
104002.840488572
103978.097854641
104023.930389927
104003.958992974
104000.121742453
104035.157114217
103948.57000173
104038.151364377
104066.780568846
104044.525702306
103998.413082047
104018.839342204
103997.376916057
104019.933759024
104004.495890792
104058.097481011
104017.974996864
104025.361950954
103976.539752862
103994.13239906
104038.118658758
104014.33914857
104040.336269577
103978.854866523
104011.630993778
103990.829058233
104046.425354108
103984.069825151
103989.946971067
104006.121204154
104026.469449967
103988.637668431
103994.717205376
103978.922890586
104009.47684452
104021.219355747
104045.008587223
103991.023070161
103940.013259595
104017.256022557
104062.324290638
