104159.64752646
103966.063913396
103970.082421805
104265.473042814
103933.60988579
104036.592031375
104072.097041639
104072.459828285
104079.725536632
103899.48228604
103975.109124236
104098.048698805
104115.297116685
103921.691016455
104204.494677935
104044.550643601
103923.681486018
104118.407059439
104077.473207258
104133.090733053
103815.369444031
104184.403538995
103947.562302868
104110.8191787
104143.767036696
104089.746527252
104015.092104806
103976.89045795
104042.33831965
104240.226444195
104128.297695571
104214.631449233
104184.253935313
103928.41987667
104170.392320836
104278.915457212
104048.084879984
104190.439541711
104000.002992686
104121.947789197
104009.379019337
103998.266879251
104186.986285531
104048.108726841
104173.47654042
104159.055673984
104083.941583569
104000.588051624
103972.772145727
104173.938324788
104104.748270371
104185.893597169
103927.038046834
103902.126961853
104049.451950559
103992.840749762
104066.673130015
103983.234867168
104068.979254204
103961.028091807
103989.426117348
103999.298251682
104057.632804209
104100.924060186
104059.31238591
104022.602612985
103784.436251686
104097.072821938
104034.344724092
104046.013852304
104111.408997179
103982.666995888
104056.513057342
104114.626546065
104019.237053901
104046.615818336
103899.206559474
104007.279632123
103999.598557067
104052.104272433
103935.456422768
103959.033317238
104059.29750082
104102.077421568
104164.872939079
104045.052299889
104243.409159582
103884.592427627
104321.015049169
104003.227748154
104168.790994166
104075.138824576
104039.323422298
104071.995579983
104096.672464339
103998.488039735
104155.933167115
104107.948554375
103960.126462518
104181.823274116
103980.702434076
104106.850677041
104189.375420182
104054.828208611
104072.012569701
103912.244799384
104009.955075786
104049.957536319
104069.749282618
104215.509313031
103844.873492932
103958.116407322
104058.643368967
103942.569802586
104178.602579743
103941.01024374
104068.678343008
104068.989459191
103955.199194519
104032.205034892
104096.490948068
104124.136021705
104180.485346763
104112.150663087
104140.998448243
104148.220610345
104055.409187398
103922.237357392
104067.11617646
104114.656267492
104016.375762139
104070.886076921
103953.440262112
103955.524078354
104128.33641757
104129.351351575
103985.859200031
103858.543984377
104088.818245705
103982.300422975
104024.35008155
104127.336264302
103948.976763062
104183.832517332
104181.735686342
104258.829388293
104043.356414287
104047.874988076
103977.67853496
103981.312864922
104251.692784747
104165.177387391
104097.373672444
104142.670495856
104056.444130214
104238.150157636
104256.99565737
104052.479095235
104088.340118778
103926.437725206
103885.367731922
104037.323027267
104085.467976443
104130.381675935
103999.270309219
104032.904454213
104126.500959252
104189.115123435
104130.210406944
104045.329452305
104171.571788276
103980.41279932
104039.530997248
103992.965864708
103972.54457005
103907.039399167
103994.99042307
103988.859498585
103995.189902362
104214.12191423
103904.459889687
104168.8884642
103907.128262731
104118.611878343
104188.198907293
103987.942569422
104050.175464744
104030.084432188
104103.538097338
104060.779694702
104151.981068007
104005.863742118
104011.222701791
104182.73689296
103942.43359116
104194.386187805
103999.249587465
103983.016069549
104251.923378723
104109.978548889
103983.772615889
103905.885350924
104143.653974326
104089.375319575
104016.834858808
104158.660553739
104014.845952016
104240.967387086
104109.92679152
104043.971155269
104097.70954734
104082.139101949
104107.029272664
104014.698862029
103985.411664467
104137.037199251
104013.753709889
104279.63721035
104139.933190321
104012.023806086
104070.411901689
104201.392984306
104189.107440147
104060.575497206
104168.364148591
104148.501130794
104107.949897562
104120.743084246
103988.383441886
103958.824269253
104253.680165403
104061.181428493
104072.968701496
104008.298139259
103821.376515344
104084.266505673
103876.055204762
104050.354753207
104171.548341651
103917.458189085
104161.210253686
103992.024386784
104103.760973003
104209.636375462
104275.066790299
104057.184933394
104297.568777305
104042.893211151
104121.035404788
104038.693834183
103956.962851651
104206.088877558
104131.648682956
104005.902057452
103917.013733614
104162.843614377
103958.380749484
104223.637147869
104169.916635661
103954.953271936
104241.874428329
104147.443388978
103943.615362463
104114.496642328
104117.026905259
104014.480910458
104003.154034541
103942.426504314
104038.141597177
104021.619369564
104164.495610145
103984.955706381
103970.043461602
103937.418981247
104181.735464237
103866.432181838
104112.297163783
104058.635976729
104128.871482591
104079.477674246
104027.792132861
103961.667006988
103917.741307662
104050.623792597
103996.765886899
103970.650253141
103992.36340596
104107.772355784
103977.546525121
104027.03014554
104107.422664883
103982.897618797
104008.678104331
104048.459727224
103907.092887438
103856.861451987
103889.166232176
103975.327985013
104121.291138855
104049.309805008
104080.482852513
104053.494122151
104335.478940246
104019.388476235
104117.335770904
104129.475299614
103970.838005852
103910.641883303
104139.460008411
104178.834488201
104099.052452355
104243.479268007
103978.570984229
103973.171002418
104035.804479907
104047.063696922
103998.128618708
104028.342521319
104003.14865054
104046.777903921
104206.638893148
104023.586232792
104174.100887526
104103.151577154
103919.701081211
104026.358512681
104028.382732412
104175.123235326
104067.55596568
103970.832474286
104216.026919235
104072.567869062
103971.500124072
104039.563534377
103932.042568394
103990.296658099
104043.739163457
104067.810135309
104055.943738317
104051.98214254
104060.568251305
104259.271384639
104135.538663573
103955.137445851
104078.866174191
103968.460432044
104013.775620084
103831.91943097
104163.120925912
104190.810343676
104074.256792909
104218.983585447
104006.646398053
104169.630968793
103979.15044097
104246.892104401
104117.311124403
104124.510994003
104165.556737777
104054.885055117
103934.365288643
103908.111243616
104257.485084042
103985.650727262
103961.323345303
104016.36042536
104106.972364654
104040.242466736
104112.215703522
103940.681392916
104174.285589189
104015.414152321
104067.409779657
103966.792965014
103796.442775113
104094.215642484
103963.418790615
104033.538082395
103930.520209984
104005.660058904
103841.447998985
104071.872114928
103963.949235367
103931.896843233
104034.826531816
104114.80762851
103879.230317387
104021.819412121
104105.113403167
104052.745360869
104002.210849449
104150.955633736
103911.056485944
104111.198460765
103934.849287
104005.074033731
104047.232221627
104143.659620012
104130.968159555
104076.493290343
104052.711427511
104125.41969245
103976.582014569
103820.400074817
103906.411215495
104030.655081176
104034.50185631
104162.861619082
104222.703406858
104174.722975809
104067.224935696
104087.268828882
104037.121607981
103928.833164969
104074.447401497
104092.439000644
104043.018950122
104098.936496335
104021.511060484
104169.00616624
103926.797709506
104155.000243071
104008.499963898
104124.674958568
103960.572931772
104174.4929086
104051.569891615
104212.851123443
104053.559119131
104005.158138165
103977.287977795
104176.712370957
103972.278702408
104273.189136138
104109.319898619
104101.889865065
104158.053120079
104080.298578019
104028.633601138
104040.743120931
104006.948958691
104195.421430099
104066.62851048
104080.796555554
104277.728787541
104106.295477679
104084.65427868
104212.564887708
104085.466172149
104318.750384328
103927.680342453
104082.222813607
104020.260883101
104059.029864215
104052.283481936
103948.900611971
104085.907912553
104148.83066887
103925.862320586
104096.713546376
104064.212071676
103938.622667654
104155.255913252
104153.812000627
103973.889968867
103987.104784582
104083.510913334
103944.003219757
104187.970406257
104153.331235232
104101.546705219
104032.343718313
104017.838343462
104054.557241822
104327.225632119
103880.942714715
103941.332443669
104139.557974303
104174.498886718
103997.434986389
103949.035948642
103981.648097548
103934.937856819
103977.899458463
104159.486019153
104125.249071574
104073.835700625
104076.04053716
103975.271804219
104108.709913694
103858.473103262
103957.891458448
104242.304794433
104054.92529774
104004.356863427
104035.326339115
103968.5503737
103903.982314428
103992.011039553
104111.784515911
104148.825404544
103989.715917506
104322.788396051
104128.939470923
103973.206041588
104072.165507904
104150.967109601
104251.796457961
103988.924521225
104151.683914473
104026.558442995
103894.373699316
103991.567819947
103997.967583496
104094.537236935
103980.473431865
103993.454543247
103904.954974271
104082.046814617
104239.06524726
103944.040260689
104131.840142323
104026.925667909
103957.188639907
104038.507739481
104031.923575769
103892.421918507
104216.976103044
104129.17153817
104035.269528602
104190.864392745
104095.285571844
103942.2004549
104110.678827246
104119.406074034
104102.859744115
104094.788014445
103921.361924412
104036.577316196
103919.205294499
104184.983249879
103859.976835126
104000.256266514
104149.222391396
104161.928577912
104034.707883831
104241.01442275
103957.583208874
104002.023746626
104001.419454957
104283.067469508
104138.058014
104047.334446537
104028.46829862
104105.217187084
104084.502213836
104203.540253821
104213.296900414
104005.231248665
104125.270829091
103958.594940355
104264.180438024
103982.316543982
103937.575221776
104028.390892825
104072.101996835
103912.449222706
103953.939369933
104091.697902272
104016.649127814
104071.05658757
104142.531961841
103903.26664812
104116.332866813
103964.212913079
104104.226968044
103968.980659372
103827.597978765
104174.790964815
104007.422700058
103970.81345066
103981.287841179
103956.963797242
104030.856036153
103959.229927055
104251.860192749
104136.956847136
103893.283787163
104151.923474259
103950.049707719
103869.026356698
103996.243709993
104161.175344512
104073.187897788
104053.510270662
104101.522377044
104207.296445026
104222.619723849
104097.474847947
103928.899481638
104208.543745898
103985.132659642
104042.680077081
103969.188789051
104058.251847161
104214.122257571
103995.181618462
104159.896510995
104026.77410816
103913.764257686
104127.720066277
104072.858284037
103912.994495119
104110.690890415
104063.22295456
104011.239031149
103976.991478402
103951.526961169
104102.25461108
104009.291687724
104049.584427509
104107.235778941
104156.786238025
104121.807931466
104058.238573052
104128.106796313
104001.182218271
103954.277381135
103935.561916267
104022.754075929
103841.53099879
104023.801956287
104131.45042853
104204.391878554
103969.84372451
104013.950502428
103963.61840574
104029.639119178
104164.898191838
104031.927256624
104127.922137298
104050.591389748
104015.239346584
104090.335707084
103930.935594593
104130.380826006
103951.184392751
103834.098997792
104156.294534249
103940.746806751
104073.334391055
104209.02306705
104022.504553282
104091.087960495
104000.131851679
104022.505896894
104057.216346085
104037.366957492
104130.324906644
103867.088181314
104218.768719597
104063.094632663
104199.790959967
104139.421875831
104041.180922943
104103.088059241
103983.265467578
104115.340063854
103867.933350743
103973.877680244
103893.922566988
104138.634565403
104154.194146379
103921.702715398
104082.430872906
103919.253157902
104019.089993699
104011.323950136
104072.965211583
103992.98599728
104017.221093372
104027.808661592
104049.591233198
104119.419273501
104176.01830522
104025.68665232
104201.313806864
104121.584360476
104102.714949155
104100.208045824
104074.115234379
104110.868947251
104017.770784738
104141.267114891
104002.421321858
103885.23657711
103961.465831287
104185.120511538
103900.940862841
104079.394700001
103987.240551717
104084.856451616
104123.222998668
103949.944344105
104119.922235505
103995.477914236
104056.316879634
103947.779905162
103964.562010075
104205.652311747
104087.538940143
104150.253618405
103971.415148813
104105.306728537
104065.200409133
104234.589982119
104092.526692108
104201.098410768
103950.368602152
104215.076983773
104078.964096237
104133.876272984
104043.852487505
104070.234313322
104021.163394386
104114.392228184
104008.469438963
104169.384208838
104316.383823792
104012.750562815
104127.325389568
103907.198597478
104234.642300531
103937.309441859
104028.302077573
103964.981578386
103978.5336844
104102.610525257
104196.627131591
104068.807561959
103939.283120487
103975.202575301
104142.645401351
103952.22565653
104136.96719502
103923.960916256
104119.66364584
104134.599933602
104079.218419158
104064.618590096
103961.271332257
103948.682253827
104043.823795906
104167.619036823
104017.603397176
103884.819874947
104094.203220878
103912.081284654
104009.31595448
104103.724619239
104105.498367498
104025.111977711
104199.99836913
104132.399683157
103859.104706517
103960.782260976
104096.035880104
104187.882793821
104121.336933489
104070.371762776
103869.694029396
104099.463993233
104076.593487541
104286.943256118
103839.689319203
104137.163571827
103949.761154302
104043.494173948
103950.261666311
104261.167364442
103983.230164225
104131.122800389
103933.965032448
104005.657137401
104217.462768205
104148.131454168
104084.426662986
103907.631185829
104079.723769602
103986.595449008
104136.084288199
104040.698371927
104176.274790151
104051.874433665
103912.477426921
104006.535880376
104036.975513896
104198.838324851
103973.363180874
104164.954572772
104060.158871559
104111.322886867
104113.114723266
104018.080305485
104130.26615407
104110.575375945
104030.9261285
104018.653831104
104169.306273671
104100.559452736
104086.775575522
104026.721013337
104095.630342354
104153.311204598
104145.347094003
104144.320532962
103889.996711608
104253.396039974
103959.140537141
103981.716123761
104073.12401689
104180.878823433
104030.731383571
104190.726352636
104011.789968993
104029.258627635
104104.598717077
104180.99597599
104090.587054417
103902.014710728
104067.821600901
104080.228185781
104164.343318558
104227.642179479
104025.121305477
104092.769345757
104147.0228487
104213.079763411
104121.299703142
103878.596217991
104166.27026528
104328.424142163
103993.146852105
104035.344071451
104083.354264051
104065.044670977
103946.90136863
104140.877064588
104089.789690851
104035.490395185
104126.850552564
104000.670351662
104035.635183856
103970.707050241
104316.413599039
104062.583662772
104150.786329921
103874.697187002
104007.265878132
104094.942255597
104167.846210583
103901.042888656
104087.395692759
104223.459335841
103887.098710353
104029.9628744
104042.802514024
104217.745354957
104089.78402483
104141.043757513
104018.06846985
104009.540389731
104053.295113496
104036.89748112
104043.073204779
104023.473075694
104214.945200875
104265.28512448
104014.667963972
103997.956673055
104197.298291597
104038.592231211
104153.728895253
104112.87905443
104054.783706846
103993.746173054
103942.554570984
104160.77885373
104099.77254505
104012.524163074
104100.054163146
104169.278216595
104173.098945389
103971.469303613
103999.212059565
103976.418534237
103922.889946442
103992.985356617
104037.760844067
104046.941895683
104145.771105448
103949.260347093
103982.732260942
104010.536924599
103903.365840988
104009.264674006
104096.793365439
104063.585906664
104165.504928719
104098.66830461
104134.303985203
104096.556674474
104143.457581617
104063.222013164
103999.683692838
104062.421506352
104153.459268575
104123.764483188
104023.203837203
104146.133412605
104194.825305912
104260.045413041
104020.580488504
103912.856612182
103946.107569648
103995.547603727
104228.991977929
104075.673644036
104089.105928688
103884.550338587
103996.831065704
103952.726322487
104220.833622741
104043.919077175
103983.479630954
103978.351663946
103948.913831026
103902.414974429
104139.989935239
104071.462541643
103911.661904198
104122.217053716
103980.428465012
103923.218162232
104016.516759537
104074.71025353
103960.535603632
104171.991734771
104068.776027157
103972.531707036
104149.666149178
104165.162523743
104101.413317177
104135.376704923
103903.110467337
104026.651146963
104056.534539593
103997.682802188
104083.416400193
104007.194945542
104037.429066972
104099.814901733
104148.755479857
104124.721428423
104180.563527293
103900.537674982
104012.916347402
103886.256943994
103955.53572682
104160.911586598
103918.264254525
103928.236049817
104157.303439886
103933.634218231
103881.634555051
103996.071017543
104058.735620307
104212.36243914
104127.461632221
104200.71563276
104157.293969658
103926.414563611
104074.447778049
104100.603218496
104162.052066881
104071.459952028
103982.900658244
104008.314261533
104149.023198123
104186.011353294
104088.496030611
104217.346743208
103944.067386835
104074.255335946
104113.382096433
103958.48837006
104140.167526339
104022.897259669
104180.66918139
103985.070702185
