104082.202318276
104114.522464509
104096.120109407
104128.19316388
104055.956230705
104058.691044883
104072.819374674
104025.629694769
104078.85354262
104018.637189115
104011.900641657
104096.841304342
104046.864547253
104092.647308684
104145.925285671
104108.614604999
104099.511494358
104051.941741401
104065.903224673
104004.142099706
104064.694528919
104084.644197223
104106.800489597
104122.272347476
104073.228259854
104039.909504273
104063.710183384
104113.862299521
104069.008539422
104067.651240715
104063.01686693
104137.479452795
104085.714140569
103979.969926966
104048.903389416
104122.402119175
104049.383544142
104071.093529531
104107.318375288
104050.62618531
104085.887931709
104034.970134254
104023.296081165
104041.525224039
104111.558199976
104104.303592548
104101.332819784
104078.297440615
103963.698827642
104162.151338871
104080.644464196
104076.368048061
104071.922224693
104011.866680212
104075.290857529
104072.84566444
104091.341323307
104075.292898086
104037.17486196
104085.892831063
104110.454008463
104200.659433213
104106.043659242
103963.692623718
104064.412573715
104084.611929914
104048.450748531
104063.989950118
104113.870343817
104061.186667991
104074.168946489
104040.097160318
104048.11025087
104057.446865185
104104.694502355
104110.809346862
104062.690197705
104103.292353386
104069.942090438
104037.921616722
104030.637125473
104049.358192797
104086.209003547
104057.222698427
104114.254055425
104006.406812193
104031.081166733
104107.477219827
104070.02315214
104040.319943456
104070.119360724
104119.954224742
103961.699161967
104052.197704195
104123.198212516
104055.343819635
104101.932175977
104054.729482963
104101.792300653
104099.391458778
104104.679344133
104102.124937534
104101.163424183
104105.568872609
104075.808677431
104052.392962243
104019.299057488
104106.052809078
104015.000298427
104039.931006756
104127.798183403
104050.236853676
104051.402892525
104086.351752067
104065.66982705
104066.279081644
104003.957781267
104081.283537632
104102.455006596
104081.42828597
104050.13230936
104006.920631607
104051.852188797
103937.112922291
104026.534580598
104075.780349497
104098.531858089
104054.641989686
104097.949543779
104038.177219503
104078.076480537
104058.107511132
104128.632276416
104114.560600439
104095.999405229
104096.132870979
104118.410559797
104054.810846133
104068.995856413
104054.492554228
104063.307012521
104041.001462104
104223.534474335
104038.309475298
104110.393352976
104047.516327897
104075.363774618
104078.140420727
104114.081560807
104115.177618737
104050.674363641
104093.026446145
104048.797882753
104087.421965677
104022.662977031
104049.996269876
104025.849486753
104095.930630092
104047.642544297
104021.548939252
104050.095641548
104059.347665166
104054.418211361
104028.265659396
104072.772417747
104058.615381281
104079.020829818
104044.392719225
104069.208284402
104108.064039498
104068.685762104
104003.124381852
104066.134797825
104091.405938735
104027.585072325
104049.960600814
104087.318867089
104072.170535457
104127.43688245
104016.889789125
104096.335513267
104077.905426878
104031.192189071
104044.394021758
104088.000056524
104089.361715407
104061.844784786
104036.950695483
104057.401696549
104000.057756741
104018.921673788
104071.115520729
104117.452362714
104068.41904124
104007.251613751
104077.271837083
104059.115578181
104030.983595571
103928.493691873
104043.71466214
104128.320585955
104070.703688792
104162.156308366
104049.855669993
104075.874086639
104058.369348859
104083.399441413
104007.941494434
104040.248749588
104063.819090053
104101.971524876
104133.960494595
104078.022704769
104060.902192752
104102.029431069
104124.077436661
104117.661556008
103922.841623379
103970.697145167
104098.120867581
104067.583943822
104030.483076667
104081.306551944
104069.158801992
103997.935586528
104106.668909454
104048.510306556
104030.030198132
104095.755542582
104035.466915972
104053.190191026
104059.917034975
104084.536822485
104062.097895476
104094.308527232
104094.839162309
104057.777533801
104079.888901062
104049.255491062
104103.137517929
104089.236004302
104150.515597741
104102.663391014
104047.278704486
104087.232276016
104062.532197638
104058.840231341
104065.237562725
104035.132194969
104048.750723236
104064.617271134
104064.458503563
104096.970863823
104038.163704193
104094.10079781
104125.474279258
104093.741534533
104058.019531379
104093.118404739
104035.63786482
104051.954983488
104068.925800623
103972.166746691
104128.543763357
103995.795910294
104138.773362771
104051.561937873
104034.656288933
104133.902276604
104031.530929181
104058.0010012
104064.348773017
104030.24295971
104066.083214287
104081.511351041
104089.999032826
104062.058823832
104107.427569332
104033.218725996
104004.478035536
104086.195698203
104052.214718716
104088.049871877
104054.655074504
104042.200370772
104044.930682
104070.74854476
104011.216510775
104084.857939784
104036.117382627
104107.123354069
104094.982701689
104079.741794695
104029.193576891
104088.679478444
104081.31292814
104021.141432138
104092.084616919
104014.258314575
104102.770153177
104073.524189758
104042.787431977
104107.145482412
104106.500229397
103991.32545394
104064.861025889
103979.574926056
104029.881804137
104036.381595842
104068.222014146
104054.172579387
104093.434704628
104091.286213499
104085.855529706
104044.618373897
103955.459545814
104100.470939422
104077.280444459
104090.007538711
104063.516748046
104090.456966915
104052.854988231
104087.846335132
104113.327801202
104110.142219159
104033.461583667
104109.97173247
104019.387622085
104084.582749222
104096.839782438
104080.777896541
104038.038705056
104011.958128217
104022.514484116
103988.370176215
104105.597918842
104062.179920644
104070.033394509
104076.377608086
104115.470717319
104035.454799835
104130.224701774
104040.240072238
104086.232028045
104114.05084574
104074.366137992
104003.151938762
104124.592631162
104008.980894006
104090.465990854
104044.245799268
104089.048918332
104082.990161822
104090.736796077
104049.175262926
104022.894087259
104048.187456797
104110.672182695
104029.072817765
104088.832865709
104085.812292519
104067.388659959
104078.461675681
104120.014224806
104038.946080606
104148.571412665
104038.803526427
104058.344898795
104107.623741123
104018.308181705
104048.082500671
104049.763371081
104147.901435285
104046.316341796
104092.655683252
104096.532000865
103953.605763074
104071.912148953
104058.440494547
104027.529494092
104085.350423015
104120.591980712
104088.181292887
104067.036149888
104045.848942518
104017.090487138
104057.737656747
104036.156776949
104049.421835801
103978.339103589
104060.896538849
104052.487125683
104061.830395408
104081.431619093
104070.174034512
104038.164437254
104032.891569871
104067.816260958
104054.277205768
104082.132940916
104064.184416308
104094.088013688
104064.25726813
104076.246966757
104120.589800819
104071.090949017
104096.812375419
104095.837474312
104101.513397829
104009.691379044
104139.309318174
104126.792904366
104151.562345644
103999.878079412
104066.962176236
104147.099086407
104063.795857052
104129.617393099
104076.41210852
104003.647101741
104147.490263154
104169.606215568
104015.083217041
104057.301319999
104079.838162432
104117.665305315
104111.208552968
104091.049381326
104026.777285605
104102.704003137
104012.887801489
104102.075039883
104073.162362675
104023.238550682
104051.024542862
104069.533070478
104059.204054682
104049.124704418
104060.283133844
104123.543694142
104029.017007287
104073.294003557
104067.510696175
104074.521124908
104077.498082515
104036.801719806
104052.286290893
104046.704162584
104072.963461547
104014.052880068
104025.798779937
104099.425631167
104073.436850169
104030.599489668
104100.761814582
104159.446358406
104000.736641821
104053.987445978
104079.494975805
104058.289389415
104066.987517956
103969.19272635
104053.42933892
104081.070276657
104122.596972281
104012.754222038
104094.921179315
104106.728420985
104013.556341813
104027.285621917
104046.79758231
104076.825524338
104102.183909601
104158.514936863
104064.987551869
103986.840061594
104053.575441412
104052.422311208
104030.251091721
104060.809226979
104063.552815123
104062.547910767
104078.305133917
104044.663996492
104040.476264504
104015.790273074
104080.5435572
103996.31769179
104048.426420061
104023.772383411
104064.597088833
104067.671779592
104042.209822338
104065.707969333
104067.015530786
104119.123795741
104135.865152522
104084.420455705
104084.840929667
104047.909302215
104013.261613995
104046.676394271
104061.837328611
104071.189118414
104071.734153843
104055.018743319
104076.408586298
104040.926461811
104096.136670783
104052.498013169
104003.949412147
104038.884688418
104081.299123773
104062.337635429
104046.587021963
104060.050968737
104065.805159367
104075.157952164
104016.823462478
104090.677561342
103982.747605
104017.403836428
104053.428479716
104082.642136823
104020.627977928
104058.85401536
104067.88325194
103999.882777077
104058.677877179
104136.908012593
104048.55304982
104091.536613704
104028.82161707
104081.764045457
104075.534171504
104091.843792929
104054.881041666
104071.184920484
103978.351691597
104047.145587746
104026.237064832
104077.609472139
104057.628210027
104090.995215941
103956.425220732
104132.753891892
104052.264576922
104085.620485412
104067.024550727
104062.676803839
104097.988578806
104000.227694396
104045.260954938
104043.205797442
104111.17252052
104018.393942702
104043.702534409
104048.022815788
104121.478745476
104054.892179009
104021.289471654
104115.52503027
104063.417735071
104020.200859913
104074.456989037
104096.502429944
104051.057321075
104032.896349062
104138.500780014
104069.157482691
104088.369252943
104069.935167226
104058.700671906
104119.708654683
104040.091206199
104075.95738431
104124.471801626
104088.513671811
104119.410973492
104029.983307392
104093.466785183
104059.537504094
104043.948373832
104086.660411278
104021.100232927
104027.841188375
104076.526146267
104095.659659445
104109.342486124
104123.586450363
104077.963057304
104088.379609107
104077.47418456
103975.226028667
104108.932219511
104033.593030239
104049.974322648
104122.572167483
104184.746128788
104019.910141067
104127.687967178
104094.729998798
104040.918544725
104084.854177814
104069.956714881
104013.432184862
104102.911073378
104082.996358544
104057.928123456
104106.362329904
104155.143104919
104083.453782465
104121.93000628
104104.270874096
104098.933346045
104054.269853873
104049.877975268
104122.784787266
104105.220807516
104031.962192478
104132.059896502
104033.574964203
104089.713459283
103994.571211016
104072.90056606
104069.130968632
104096.142445782
104090.136096336
104156.833710427
104094.256659692
104105.087368109
104089.119096511
104048.058226971
104090.660386642
104068.338042043
104051.985015482
104031.270980113
104078.108789152
104066.949112207
103977.169149368
104049.879357971
104073.855132694
104071.105235726
104046.677204838
104107.232824914
104067.177070149
103960.112262094
104065.997134541
104040.910753806
104048.216653059
104013.418431507
104073.699971781
104067.839437391
104044.699923145
104092.215973431
103967.524592145
104089.844884398
104080.978846052
104065.770450315
104014.912615275
104113.971679954
104119.941546114
104107.625681159
104038.605945643
104047.060697973
104024.306467089
104026.495527504
104076.978931836
104115.548285599
103900.631082257
103987.267389769
104086.35324825
104092.076544206
104167.780585847
104031.730937954
104062.123295775
103960.610936417
104072.629170043
103997.595048613
104119.741789532
104068.117051451
104101.225081795
104039.76684043
104070.064381692
104181.142626898
104079.279569319
104100.214526539
103984.073659901
104065.107774971
104058.650611872
104061.601478528
104052.59809654
104064.957774981
103969.062393323
104063.029269927
104065.037394943
104062.04762205
104096.184392875
104068.602919004
104180.381560451
104044.033567684
104029.218834718
104110.21730008
104075.87065253
104012.147511396
104032.452295773
104083.225623051
104089.457126444
104076.814987903
104122.989094665
104087.746686676
104056.289254347
104044.247059
104069.142042004
103997.483336816
104108.758148851
104120.996415544
104065.522292327
104092.797320532
104089.077484959
104009.98465105
103968.399852393
104063.085431291
104102.870678779
104080.571926724
104089.347152785
104058.615355078
104057.766361178
104024.64848519
104082.141187188
104050.419506055
104058.664903906
104051.717851504
104052.881010166
104069.446175056
104080.57184972
104040.951147768
104115.125386581
104076.317165985
104078.531677032
104072.797871362
103967.348429773
104110.128209043
103946.580819296
103966.222251196
103942.879541398
104049.560070319
104096.351325747
104038.888213887
104133.82578353
104081.236134937
104065.503363711
104088.354251002
104067.599507191
104108.063376767
104126.649153249
104045.044700466
104060.302834741
104106.046025728
104106.202302643
104075.940480102
103994.730035332
104021.658327907
104070.965895134
104114.571379008
104115.010225011
104036.642760744
104071.064687293
104027.486304703
104104.076278887
104112.906074889
104069.662295399
104081.926837504
104092.871201238
104065.571720324
103961.431442803
104038.572892667
104099.137375955
104023.266579145
104104.55239728
104141.7617932
104064.106129753
104032.532966842
104077.143338591
104101.246945813
104134.284494209
104050.343006313
103978.214214263
104055.460899591
104041.004695597
104109.067190071
104121.822715102
104102.829763498
104015.879394268
104033.589259776
103988.20544619
104066.066541115
104038.408951163
104054.999215552
104072.258961029
104054.46360702
103982.175816524
104118.505839919
104082.288005561
104065.586469248
104092.327973395
104018.522582782
104142.367190699
104037.927313901
104081.125553874
104072.71437286
104135.666598575
104084.979242908
104053.958169599
104021.966781684
104075.854071516
104028.953823023
104076.786589276
104115.738403817
104099.498451277
104040.508897463
104086.136926488
104016.852927571
104041.033718869
104130.611404407
104100.494789023
104059.071973449
104057.887818739
104013.057598248
104101.25698497
104063.656096831
104080.190721319
104089.087689794
104087.803905988
104088.476335482
104071.212857445
104062.365574932
104094.09721496
104043.493813952
104146.588483529
104069.826646906
104078.747826166
104085.676280307
104066.48970045
104105.103133681
104049.944722032
104092.628758869
104088.191047125
104096.278352297
104069.960433003
104077.143004699
104048.629723912
104009.695086608
104052.484932536
104042.406413649
104035.726732364
104090.688355572
104156.053474339
104089.484548366
104038.339675878
104096.817072111
104083.125914158
103969.098053608
104037.181339178
104085.059903269
104097.842206584
103990.556472261
104076.803384379
104100.645322748
104116.671041048
104119.759428801
104108.200095493
104063.475989153
104032.448880013
104030.255761895
104110.699846944
104116.936616714
104109.35639072
104010.32602731
103958.220874544
104086.135448771
103973.956191277
104062.080512515
104129.29140172
104069.836019471
104078.779863354
104044.838330238
104021.507238777
104054.681940814
104101.18387246
104068.918341356
104072.144585591
104038.693502575
104001.866114211
104048.914050511
104053.016074157
104137.306347837
104140.984341524
104049.753160169
104078.569456559
104015.626760166
104104.938652067
104053.133271971
104089.73167481
104087.233534702
103957.579070104
104057.293819603
104069.137965742
104046.67842932
104067.659043911
104064.547444294
104079.248556979
104042.430704921
104015.810239602
104076.241262946
104077.733564866
104124.069368091
104100.976597859
104067.794390189
104080.576317659
104177.074131152
104124.989271118
104034.056064586
104021.203767865
104058.424968286
104169.921675245
104057.673169571
104123.985734439
104100.376239782
104109.108291363
104117.706376986
104066.361059011
104041.417071964
104083.296542008
104080.892436174
104073.18836634
104081.696586012
104062.884345166
104051.951374042
104005.386565422
103991.662508174
104083.251360053
104095.913449276
104078.869149706
104073.188644997
104043.411354208
104099.931270205
104072.823104517
104083.700591702
104058.926481149
103960.226375179
104063.431300917
104084.747901713
104051.020642815
104121.65069662
104052.372020752
104102.554610457
104103.659081289
104044.628721543
103961.377752964
104094.782611503
104039.815963526
104087.646162676
104155.90691474
104060.15844516
104051.015670763
104005.786804321
104057.601484184
104085.53275914
104165.466931727
104093.440435477
104060.669057566
104085.532807171
104049.951639176
104057.293770106
104161.18694703
104057.958122443
104008.13026972
104064.068720291
104083.852947842
104044.813852698
104082.036618844
104035.257524425
104140.710916002
104079.099985102
104044.215099272
104049.501349966
104115.446039759
103979.371532677
104091.183297137
104098.092764054
104073.265843188
104068.877320496
104109.609308135
104070.099636452
104061.051299554
104065.062860255
104100.635232021
104094.715198356
104058.533538484
