104534.866624826
104552.361294765
104543.982544789
104553.725670569
104556.872349017
104550.056694704
104535.09641206
104538.537827709
104535.908997625
104547.76735359
104551.660899137
104539.295382097
104541.656754829
104541.957072512
104538.311740762
104535.045416746
104562.226507989
104535.908997625
104541.656754829
104538.174235987
104535.045416746
104555.144535288
104552.152995283
104551.397817889
104561.194559412
104555.387223865
104556.124157021
104551.49168839
104554.554187181
104551.544101405
104554.554187181
104555.144535288
104554.750117798
104553.489072487
104540.201116791
104534.492635144
104560.557665421
104560.557665421
104519.069683135
104557.506859573
104559.831925462
104555.387223865
104554.32543204
104521.297660557
104553.496410989
104534.866624826
104554.09812299
104554.554187181
104538.311740762
104560.771062246
104560.557665421
104556.872349017
104555.19274336
104549.704827303
104553.69944871
104554.323477213
104543.982544789
104540.201116791
104557.467468264
104535.820733383
104539.69463947
104541.724193356
104550.917818142
104535.908997625
104562.238005133
104538.585058954
104553.863534582
104547.792209039
104540.593892979
104561.194559412
104553.817649555
104534.866624826
104555.157655242
104553.69944871
104554.32543204
104550.456290211
104537.965209661
104553.703068441
104551.544101405
104551.544101405
104552.992496345
104552.992496345
104547.76735359
104553.489072487
104554.59217904
104540.593892979
104540.852018491
104539.295382097
104561.194559412
104545.708221182
104562.226507989
104540.852018491
104561.163818876
104562.238005133
104552.152995283
104553.703068441
104532.272521251
104555.422514987
104560.557665421
104557.683850174
104549.107987718
104550.456290211
104521.297660557
104557.683850174
104554.323477213
104556.249322035
104519.069683135
104549.704827303
104524.996717883
104558.534144976
104559.831925462
104556.249322035
104519.069683135
104558.537487041
104554.554187181
104537.242259042
104560.557665421
104524.996717883
104555.144535288
104557.683850174
104556.124157021
104552.484950299
104535.09641206
104554.59217904
104553.102031625
104553.489072487
104524.996717883
104538.585058954
104549.107987718
104562.226507989
104539.69463947
104562.238005133
104552.753065162
104535.908997625
104552.484950299
104538.537827709
104553.69944871
104556.872349017
104539.979926353
104553.69944871
104547.792209039
104550.454517576
104521.297660557
104553.817649555
104561.378528815
104553.725670569
104551.544101405
104535.908997625
104550.084801356
104557.506859573
104561.194559412
104533.520910711
104559.831925462
104557.683850174
104561.163818876
104534.86189989
104554.09812299
104554.323477213
104553.703068441
104541.724193356
104558.534144976
104538.311740762
104551.660899137
104551.49168839
104551.397817889
104554.323477213
104558.534144976
104534.266254138
104551.49168839
104540.201116791
104558.57577428
104554.323477213
104557.467468264
104539.295382097
104538.537827709
104553.496410989
104562.238005133
104519.069683135
104535.908997625
104553.93112547
104555.157655242
104556.872349017
104538.537827709
104555.144535288
104534.866624826
104547.76735359
104555.422514987
104539.979926353
104557.683850174
104561.194559412
104557.473704184
104532.272521251
104541.957072512
104555.19274336
104562.238005133
104540.852018491
104553.849466819
104547.76735359
104535.908997625
104559.831925462
104521.297660557
104549.107987718
104537.965209661
104540.201116791
104537.901523395
104555.387223865
104534.492635144
104524.996717883
104539.69463947
104550.692805276
104541.724193356
104545.708221182
104543.982544789
104552.753065162
104538.537827709
104535.914914816
104564.50372327
104552.501971204
104534.866624826
104558.57577428
104555.194922768
104537.901523395
104554.750117798
104547.76735359
104553.863534582
104555.194922768
104554.59217904
104554.59217904
104554.32543204
104540.201116791
104557.506859573
104557.085052595
104521.297660557
104553.93112547
104541.724193356
104558.537487041
104537.023256453
104541.724193356
104552.501971204
104539.69463947
104538.585058954
104551.397817889
104537.901523395
104538.814812193
104557.473704184
104535.914914816
104538.174235987
104534.266254138
104535.09641206
104534.86189989
104555.422514987
104550.084801356
104540.852018491
104547.76735359
104539.637684453
104534.866624826
104541.724193356
104551.429422935
104557.085052595
104538.311740762
104555.19274336
104524.996717883
104553.93112547
104519.069683135
104554.09812299
104554.59217904
104550.084801356
104547.792209039
104537.901523395
104540.201116791
104541.724193356
104558.534144976
104541.957072512
104535.09641206
104552.753065162
104553.725670569
104535.09641206
104538.537827709
104555.144535288
104551.397817889
104537.023256453
104539.69463947
104558.57577428
104553.496410989
104550.454517576
104554.867110694
104533.520910711
104539.295382097
104545.708221182
104558.537487041
104553.703068441
104532.272521251
104539.69463947
104554.792727387
104547.792209039
104538.814812193
104537.242259042
104534.266254138
104524.996717883
104531.180284459
104555.194922768
104539.69463947
104553.849466819
104559.831925462
104537.901523395
104557.085052595
104554.750117798
104552.501971204
104555.387223865
104555.387223865
104543.982544789
104537.965209661
104553.703068441
104557.085052595
104537.242259042
104547.76735359
104552.484950299
104554.32543204
104519.069683135
104521.297660557
104558.534144976
104549.107987718
104538.174235987
104552.361294765
104556.124157021
104550.692805276
104551.660899137
104538.311740762
104547.792209039
104551.544101405
104538.537827709
104541.981128377
104560.557665421
104550.454517576
104552.753065162
104540.852018491
104554.09812299
104553.817649555
104538.814812193
104537.242259042
104538.311740762
104553.703068441
104561.378528815
104519.069683135
104550.917818142
104556.124157021
104556.872349017
104551.49168839
104550.454517576
104550.084801356
104561.163818876
104553.496410989
104553.849466819
104553.863534582
104561.378528815
104555.144535288
104538.174235987
104561.194559412
104538.537827709
104535.820733383
104552.753065162
104552.484950299
104539.69463947
104537.965209661
104532.272521251
104540.607534166
104541.957072512
104540.852018491
104540.852018491
104556.249322035
104555.422514987
104534.86189989
104551.397817889
104553.817649555
104553.849466819
104543.982544789
104533.520910711
104557.473704184
104541.724193356
104539.295382097
104534.866624826
104540.852018491
104538.174235987
104551.429422935
104535.09641206
104539.979926353
104532.272521251
104553.725670569
104555.144535288
104549.107987718
104558.534144976
104550.084801356
104551.49168839
104524.996717883
104519.069683135
104552.766639678
104540.607534166
104561.378528815
104553.863534582
104543.982544789
104555.194922768
104521.297660557
104541.957072512
104537.965209661
104556.872349017
104555.144535288
104534.492635144
104553.863534582
104551.544101405
104534.492635144
104524.996717883
104552.501971204
104531.180284459
104555.144535288
104550.692805276
104549.704827303
104551.49168839
104557.085052595
104555.144535288
104561.163818876
104555.422514987
104556.872349017
104537.023256453
104552.361294765
104541.724193356
104532.272521251
104551.49168839
104547.76735359
104561.378528815
104547.792209039
104539.637684453
104535.914914816
104545.708221182
104541.981128377
104550.456290211
104554.867110694
104554.792727387
104550.456290211
104564.50372327
104551.397817889
104553.863534582
104557.085052595
104555.157655242
104537.242259042
104553.817649555
104553.817649555
104541.724193356
104541.981128377
104519.069683135
104550.056694704
104552.992496345
104534.266254138
104539.979926353
104564.50372327
104550.056694704
104550.456290211
104531.180284459
104550.456290211
104550.814764994
104551.660899137
104554.867110694
104554.323477213
104557.506859573
104557.085052595
104555.19274336
104562.226507989
104534.492635144
104541.981128377
104550.084801356
104538.585058954
104539.979926353
104543.982544789
104537.023256453
104534.86189989
104547.792209039
104554.867110694
104553.817649555
104557.683850174
104538.537827709
104562.238005133
104538.537827709
104554.792727387
104552.501971204
104555.144535288
104535.820733383
104560.557665421
104550.917818142
104540.201116791
104547.76735359
104558.534144976
104554.09812299
104534.266254138
104562.226507989
104539.69463947
104561.194559412
104557.473704184
104555.144535288
104557.683850174
104539.69463947
104538.585058954
104554.59217904
104550.917818142
104537.023256453
104551.544101405
104556.872349017
104552.992496345
104559.831925462
104551.49168839
104557.506859573
104551.397817889
104554.792727387
104557.085052595
104537.023256453
104535.908997625
104558.534144976
104564.50372327
104553.863534582
104540.607534166
104534.86189989
104541.724193356
104534.266254138
104519.069683135
104549.107987718
104540.852018491
104535.908997625
104541.656754829
104555.422514987
104557.683850174
104541.981128377
104553.863534582
104540.201116791
104541.724193356
104555.157655242
104553.725670569
104539.69463947
104551.544101405
104551.429422935
104553.703068441
104539.637684453
104554.323477213
104557.683850174
104549.107987718
104554.32543204
104531.180284459
104541.656754829
104560.557665421
104552.484950299
104556.249322035
104545.708221182
104535.908997625
104524.996717883
104557.085052595
104535.914914816
104557.683850174
104534.86189989
104555.157655242
104550.454517576
104540.593892979
104535.908997625
104551.544101405
104549.107987718
104550.814764994
104537.965209661
104551.397817889
104535.914914816
104554.323477213
104551.544101405
104555.19274336
104561.378528815
104550.917818142
104540.852018491
104551.429422935
104524.996717883
104562.238005133
104534.86189989
104553.93112547
104557.506859573
104537.965209661
104541.957072512
104559.831925462
104541.656754829
104555.144535288
104562.238005133
104553.703068441
104553.496410989
104552.484950299
104538.311740762
104561.378528815
104555.387223865
104562.226507989
104557.473704184
104521.297660557
104540.607534166
104550.814764994
104540.201116791
104553.817649555
104539.69463947
104541.724193356
104538.174235987
104534.266254138
104531.180284459
104550.084801356
104524.996717883
104553.863534582
104537.242259042
104553.849466819
104556.249322035
104554.554187181
104554.09812299
104553.69944871
104560.771062246
104537.965209661
104554.792727387
104537.242259042
104540.593892979
104519.069683135
104554.59217904
104558.534144976
104560.771062246
104557.506859573
104553.703068441
104532.272521251
104538.814812193
104558.537487041
104554.750117798
104552.152995283
104535.09641206
104561.378528815
104557.467468264
104519.069683135
104564.50372327
104537.242259042
104519.069683135
104534.266254138
104552.152995283
104555.194922768
104537.901523395
104551.660899137
104531.180284459
104554.867110694
104557.683850174
104533.520910711
104556.124157021
104545.708221182
104558.57577428
104547.76735359
104549.107987718
104540.852018491
104551.429422935
104561.194559412
104556.249322035
104554.09812299
104550.692805276
104550.454517576
104556.872349017
104541.656754829
104545.708221182
104551.49168839
104549.107987718
104535.820733383
104541.957072512
104538.814812193
104540.607534166
104540.607534166
104538.814812193
104555.422514987
104550.814764994
104545.708221182
104561.378528815
104539.637684453
104557.683850174
104556.124157021
104564.50372327
104553.849466819
104564.50372327
104537.242259042
104561.378528815
104554.554187181
104545.708221182
104540.593892979
104535.820733383
104554.09812299
104538.814812193
104538.311740762
104555.422514987
104551.429422935
104552.484950299
104547.792209039
104550.084801356
104541.957072512
104524.996717883
104558.537487041
104550.814764994
104557.085052595
104553.69944871
104538.174235987
104541.981128377
104552.753065162
104557.683850174
104535.045416746
104552.501971204
104559.831925462
104535.045416746
104555.422514987
104553.849466819
104551.397817889
104547.76735359
104557.683850174
104533.520910711
104540.852018491
104539.69463947
104557.467468264
104553.102031625
104540.607534166
104553.69944871
104552.152995283
104538.585058954
104553.93112547
104557.473704184
104540.852018491
104535.09641206
104555.194922768
104552.152995283
104561.194559412
104550.692805276
104550.456290211
104561.163818876
104539.295382097
104553.102031625
104549.107987718
104535.908997625
104537.901523395
104553.817649555
104554.09812299
104558.537487041
104553.102031625
104554.792727387
104534.866624826
104535.914914816
104545.708221182
104555.422514987
104557.467468264
104555.144535288
104552.361294765
104553.817649555
104538.311740762
104561.194559412
104553.863534582
104538.537827709
104559.831925462
104540.852018491
104532.272521251
104555.144535288
104555.194922768
104554.09812299
104552.992496345
104553.489072487
104561.194559412
104552.501971204
104537.965209661
104545.708221182
104540.593892979
104535.820733383
104554.750117798
104551.544101405
104553.863534582
104554.32543204
104558.534144976
104550.692805276
104554.750117798
104535.045416746
104551.49168839
104540.593892979
104550.056694704
104556.124157021
104557.683850174
104540.593892979
104531.180284459
104555.194922768
104562.226507989
104551.397817889
104551.397817889
104532.272521251
104539.69463947
104554.554187181
104552.484950299
104557.683850174
104551.397817889
104553.102031625
104553.817649555
104558.57577428
104551.660899137
104553.703068441
104534.866624826
104535.09641206
104537.023256453
104550.084801356
104561.163818876
104539.295382097
104557.683850174
104555.194922768
104555.157655242
104543.982544789
104552.361294765
104543.982544789
104552.484950299
104538.174235987
104547.76735359
104532.272521251
104549.107987718
104535.820733383
104555.157655242
104540.201116791
104557.085052595
104550.084801356
104554.792727387
104539.979926353
104553.93112547
104553.863534582
104534.266254138
104538.537827709
104540.201116791
104558.57577428
104551.544101405
104551.397817889
104537.901523395
104556.124157021
104539.295382097
104551.544101405
104538.174235987
104534.492635144
104553.849466819
104524.996717883
104537.965209661
104551.429422935
104521.297660557
104558.534144976
104555.144535288
104551.429422935
104552.501971204
104555.157655242
104553.496410989
104555.387223865
104521.297660557
104554.750117798
104553.102031625
104534.492635144
104553.69944871
104560.557665421
104551.429422935
104545.708221182
104534.86189989
104541.981128377
104549.704827303
104535.914914816
104557.506859573
104554.792727387
104555.157655242
104562.226507989
104555.387223865
104549.704827303
104560.771062246
104553.489072487
104552.992496345
104554.554187181
104557.473704184
104560.557665421
104550.814764994
104535.820733383
104558.537487041
104545.708221182
104547.792209039
104561.378528815
104539.979926353
104561.163818876
104562.226507989
104521.297660557
104554.750117798
104535.045416746
104552.992496345
104557.467468264
104554.750117798
104550.814764994
104553.863534582
104552.753065162
104532.272521251
104553.496410989
104537.965209661
104550.456290211
104549.107987718
104557.085052595
104541.981128377
104559.831925462
104540.201116791
104552.753065162
104535.908997625
104550.692805276
104562.238005133
104551.49168839
104553.93112547
104554.867110694
104550.692805276
104531.180284459
104534.492635144
104540.593892979
104534.866624826
104550.454517576
104552.152995283
104554.792727387
104552.753065162
104562.238005133
104561.194559412
104539.295382097
104553.69944871
104550.917818142
104541.656754829
104554.750117798
104537.023256453
104557.085052595
104555.19274336
104550.454517576
104554.59217904
104534.492635144
104535.914914816
104541.957072512
104541.656754829
104552.753065162
104558.537487041
104555.387223865
104549.107987718
104537.242259042
104549.704827303
104559.831925462
104556.249322035
104560.557665421
104551.660899137
104550.814764994
104550.917818142
104553.69944871
104540.593892979
104541.981128377
104554.32543204
104540.852018491
104555.19274336
104534.86189989
104538.537827709
104524.996717883
104553.93112547
104535.908997625
104537.965209661
104551.544101405
104553.69944871
104553.69944871
104540.852018491
104541.981128377
104549.107987718
104550.814764994
104554.323477213
104534.866624826
104554.792727387
104564.50372327
104549.704827303
104551.397817889
104558.534144976
104538.174235987
104554.792727387
104550.917818142
104538.814812193
104535.045416746
104560.557665421
104551.49168839
104561.194559412
104561.194559412
104559.831925462
104549.704827303
104550.814764994
104564.50372327
104524.996717883
104545.708221182
104551.660899137
104539.979926353
104554.59217904
104554.323477213
104552.152995283
104559.831925462
104557.467468264
104556.124157021
104557.467468264
104554.59217904
104551.397817889
104540.852018491
104540.852018491
104550.056694704
104555.144535288
104540.593892979
104553.496410989
104553.93112547
104556.249322035
104554.792727387
104553.489072487
