36862.747182114
36822.5702451796
36830.858404858
36821.401071684
36851.1517326239
36831.538825639
36786.7396234039
36895.586895076
36849.1431980716
36891.6667515425
36962.1718857107
36851.3520991716
36812.5398087872
36867.8960415773
36819.4010885073
36844.1431614064
36920.8285568901
36906.4973796148
36765.9097723839
36831.7488946151
36795.8221817728
36875.7870733881
36902.8607843417
36881.1474365985
36790.3437110333
36809.3396057433
36817.5305672963
36801.8610806138
36864.5182659273
36797.6533367164
36807.0762322258
36774.1994873093
36860.3840669437
36901.6667458122
36856.9607263779
36788.4058516379
36816.3469992669
36867.9119445689
36840.921533338
36884.7464051047
36771.6778880671
36836.2377212638
36789.9906301669
36891.2883070278
36784.8367994307
36838.3374336191
36836.6291425091
36834.5096197182
36824.6025536505
36883.410052327
36872.1820791297
36815.502095406
36837.297397656
36807.8591668733
36841.2563577446
36867.8259284581
36867.8531520896
36826.3376917016
36846.1279350496
36841.0792253932
36849.2181364693
36736.1255623866
36853.483049749
36815.5251931578
36863.2705616609
36831.252618519
36831.3484659541
36839.5235253308
36810.0007277009
36806.4067564861
36852.5667722475
36843.5203037914
36882.6524929614
36812.9862883487
36821.6267428353
36794.9153628449
36810.9636365563
36811.5040230381
36910.3891103231
36859.3306487296
36796.1737473312
36828.7104505797
36868.9770771787
36890.5222849961
36798.8428575851
36782.4747642337
36782.4618446844
36840.0234948744
36809.4850461245
36892.1906269578
36809.9843970403
36777.5316253948
36796.2660042486
36822.6225206229
36762.5974361606
36832.8096039059
36940.9681335984
36924.6532408783
36855.8958669804
36841.4979458698
36927.5981160426
36833.4654370751
36804.8603672395
36822.3279939406
36888.8259959693
36846.1258837881
36883.3627136858
36787.4315671424
36892.4255016639
36803.8390239021
36855.3084540832
36876.5292021136
36892.2186643769
36836.4740517225
36832.1113867385
36870.9617762528
36947.132545358
36878.2685100907
36891.3809824976
36792.8380028527
36888.9287331689
36878.4228231591
36819.8001396096
36795.3107632708
36862.5181743416
36826.711405766
36865.3391214068
36826.6755798197
36785.3554519171
36903.3971373803
36823.2500338463
36897.5625797681
36834.3318867409
36896.0795489952
36834.1124033308
36850.8698239937
36892.4599697516
36873.6301970897
36846.0352426285
36860.442168673
36792.9820525618
36859.3006626129
36867.9274970193
36889.271019911
36869.9066563171
36926.841570499
36767.1947263676
36894.4882738032
36791.8480017891
36841.5286596128
36816.5291245959
36813.3673029124
36761.8683627351
36793.1700438771
36923.2081099362
36815.0939717602
36880.3437513347
36889.8408810042
36867.5986422048
36841.6469687634
36883.8674580956
36865.0868588727
36819.3193225168
36779.1771169355
36821.1399263661
36889.8286878572
36873.525395044
36851.8270130491
36827.7704331216
36809.8060490047
36865.5983826886
36882.0096329143
36814.4512531632
36842.2046640706
36868.5312790007
36867.9639076925
36954.5260532965
36971.6338999203
36777.9152952116
36822.2629622218
36863.0525183868
36830.9573009343
36824.6496687812
36841.8144012968
36831.7479792936
36880.4996805192
36888.8374004756
36807.8901974847
36857.0589243442
36835.766220309
36817.4649671429
36800.1869546867
36804.9385719861
36895.9837228082
36887.7957133414
36858.7269335853
36871.924717904
36811.9363104283
36855.9176193042
36845.7807440583
36846.3436429314
36846.4018084473
36905.3002412778
36886.4488601597
36791.2326887156
36847.0735592313
36914.5678948962
36834.7162343205
36812.145640513
36949.7188141669
36900.7535157962
36837.8385799155
36908.8561288309
36865.0907299143
36864.7488882819
36881.6942972441
36924.9797738493
36893.275033757
36850.0182134154
36887.8359220541
36917.6268886736
36883.6379167781
36819.481510563
36815.509021044
36855.0424947003
36800.8019723985
36761.0236289271
36774.1066502009
36812.5564095005
36875.8891396984
36833.996092425
36849.0442910806
36820.4231846784
36821.4549306071
36842.0877831958
36869.6336603829
36801.7399455072
36773.6731847112
36852.2545960077
36873.0301165246
36851.0344222943
36821.767022836
36827.5361156024
36866.0252746394
36896.9909710732
36797.6090050835
36758.5896783037
36791.9451242067
36833.2442140713
36813.803284623
36836.6209739525
36874.5380683767
36762.5053210678
36794.4192425104
36888.599434449
36829.3053901039
36831.251667893
36823.6930670647
36870.447990636
36817.7650760304
36857.4334554081
36873.0605533373
36805.5988296344
36788.9365114579
36877.7941763108
36832.1779036495
36792.8932412064
36949.0714750096
36843.6318411838
36847.7018819824
36806.9836172867
36830.0797546575
36821.6365188805
36782.2700189045
36881.9903454056
36869.3865774761
36809.1558629064
36862.2886739849
36878.8253234263
36785.2107245641
36799.4606015885
36806.3621210582
36874.6066092049
36830.3975078901
36798.1607546401
36868.3441318949
36887.2779601152
36830.7635316458
36880.8484127093
36806.6407380865
36813.1198588003
36832.8888129974
36806.0185296574
36804.4233601326
36812.4223585087
36782.7962764814
36811.9461526934
36881.3712566032
36892.5430907512
36848.2638190283
36819.3751586971
36875.4882795476
36853.6368173671
36827.974541716
36819.748423888
36799.9834779391
36828.2267596678
36867.0238644451
36801.0399688086
36812.1536915894
36874.2958357685
36956.5243651126
36862.3805566503
36828.288955062
36850.5709582033
36791.4317270064
36832.4730382525
36836.7794746857
36808.3889102829
36804.3408041733
36784.8113732099
36860.9428942515
36739.5259777034
36926.0038786065
36845.7383096208
36775.550586446
36801.4302582106
36804.621916424
36817.2333357017
36831.8853850107
36807.1973965398
36837.3450225018
36790.48423397
36787.7966798245
36822.6683158463
36830.0975205681
36856.4646530526
36841.6135002104
36932.934555022
36873.6860872181
36836.3483924777
36861.6963568601
36872.6567379757
36858.8425335203
36828.2849132193
36816.2475924681
36856.5896598796
36855.0255604045
36875.2908700739
36808.3354941991
36828.2078472482
36847.6064764912
36890.7934738147
36912.6128851329
36915.2022096204
36733.3155854533
36849.9665541686
36834.9331369769
36880.3879741811
36794.3338780861
36828.351403077
36831.6283926653
36865.854635216
36897.2972438408
36843.9019731764
36910.0880481631
36878.1332258309
36898.745673158
36845.993137536
36869.0541161496
36770.118753086
36838.7577166751
36795.7232759785
36872.815830106
36839.900615403
36874.8056806621
36833.8144182797
36784.5340950185
36826.7095590244
36790.1210955707
36826.6422209318
36859.193454388
36822.1632862373
36865.746967647
36898.0018750305
36942.3899230315
36852.7008697043
36818.0320383244
36813.982603613
36881.97222584
36808.9498368925
36781.4872752055
36857.8281539738
36834.6252350638
36782.0344070791
36836.7083319513
36781.9017155768
36846.1824636751
36845.3518443525
36857.3661277903
36856.0065872121
36835.89086136
36852.6808113706
36799.9811644783
36809.1391264605
36834.6396055234
36884.2217902333
36862.1932326888
36918.1733134121
36817.7088702674
36870.3662267061
36833.1997483655
36781.0552068597
36868.5477454516
36881.6634444051
36886.0331064379
36785.968965675
36826.2962263719
36860.2548349907
36792.2738292854
36877.744725042
36798.4342788025
36857.4139898841
36758.804696843
36815.7015860331
36809.7837463418
36855.1640593534
36910.0290618353
36880.5749995885
36788.4249510436
36833.1618576553
36789.5064761118
36780.9283046229
36836.470857755
36860.110730699
36898.3991548451
36807.2575624679
36790.0859871463
36822.5205630949
36893.8024350509
36813.9611897946
36857.5642630662
36789.7857712556
36855.8327955328
36836.398735696
36873.0819773049
36814.3480266668
36875.5883787525
36869.2908712717
36816.5573187486
36784.4303355881
36872.3150840327
36827.7056987523
36804.9102835623
36948.2839856582
36843.8847328372
36804.8380912001
36892.4311083708
36819.5353256228
36871.4981830382
36850.7325374214
36798.9337519812
36803.6647923557
36836.9638006181
36809.1994290643
36916.1800605077
36800.3754656714
36873.6725724359
36754.1572932197
36807.3176605061
36864.9997219577
36804.6521200024
36863.1695000468
36919.2260803325
36882.3608525091
36778.9974716706
36841.7487067476
36862.0205587511
36832.6010609726
36799.1706626587
36825.3367584732
36868.2879756024
36752.8638915827
36795.4517556768
36889.4905371882
36831.0880443627
36814.9941837609
36830.0850473179
36788.56857126
36816.8422005446
36784.160646113
36831.868556996
36805.9291381063
36829.5243101491
36798.9854419912
36860.0913525637
36838.5050016624
36872.8557790563
36773.6811613955
36825.4812561488
36846.9007660367
36821.5512255819
36818.058145686
36805.9871974174
36815.0892686212
36809.0166314918
36849.3765578488
36813.7067064169
36844.2448811975
36819.6526796525
36872.0111139703
36819.6527560083
36890.9213673693
36920.4695709053
36849.476058763
36826.7065302399
36825.9358035959
36907.6493068657
36936.4378133419
36730.9169441136
36873.22515043
36811.4323589608
36873.6077181832
36859.5310045285
36812.6554814481
36835.9362310631
36888.9374052131
36872.9123548513
36836.8450580944
36806.3515763829
36838.2187510268
36814.7521955935
36796.5361647515
36828.1488598349
36912.1131311706
36859.2000918399
36845.8641005162
36902.3037293848
36903.3414273123
36826.2569209817
36783.3190694545
36821.9319597096
36796.7267271363
36796.2880358508
36931.0867534264
36833.8144223884
36835.687686626
36801.3169184519
36870.7825781518
36865.3762941652
36852.4148670099
36847.9310718657
36846.8998204657
36850.5344667041
36904.6355903317
36854.4749803514
36814.1816768982
36762.0164543132
36810.5568691397
36796.0860948881
36788.9483996949
36951.1944135445
36810.3059286042
36852.0471378517
36824.8473285775
36812.8938468203
36791.9755608503
36810.3081785623
36821.6116041302
36807.154651619
36901.8811935053
36809.1649965859
36834.3761427591
36782.2069420869
36854.1748339851
36838.3033951554
36944.5524351105
36779.474448043
36815.8363204674
36759.1035543752
36807.3391292886
36846.417273843
36845.0733215738
36801.5609278712
36802.7070433168
36847.7356046825
36867.1258106228
36839.7284951163
36973.4219712759
36852.2609819937
36859.7503871807
36881.7422248062
36793.5828902267
36930.1071408376
36825.9905600213
36879.4169488219
36866.6436582903
36918.8097811019
36849.774876573
36839.8140343658
36867.1149577101
36848.0281275693
36813.6375009414
36828.8347359659
36864.0625496077
36828.6119678833
36840.4095559496
36868.243592156
36822.0619643954
36861.0324440063
36868.0080981928
36815.0192600341
36849.9193290398
36829.1174765263
36796.2283625408
36861.3231499591
36792.3825718755
36790.3605534311
36985.5040980824
36849.2122332966
36873.3085572824
36835.6250028695
36766.5339381644
36832.522235586
36865.5769573157
36828.7272887142
36811.8252875372
36730.2644292793
36945.7992320598
36828.1978731527
36865.3077008504
36824.2293189762
36827.1556611324
36777.3745311876
36817.9174201966
36817.4595419587
36904.0644076831
36786.2611342063
36905.68721942
36799.520085416
36871.0836818231
36853.9261406078
36741.7796083982
36822.6747162212
36814.6357554598
36862.4561286164
36851.8827224523
36928.0798094465
36950.7509823294
36853.5798211868
36887.8738880938
36811.4722124471
36862.6089371911
36833.1386974781
36795.3151430567
36896.8075218298
36854.1467592809
36863.8979064014
36791.1299884623
36832.7743704026
36792.5589757828
36883.5955015803
36787.3957646455
36879.203019216
36876.6479351756
36769.5768757979
36857.0189896621
36799.30924806
36902.3278953884
36852.8788557036
36917.1047303365
36923.6676370214
36819.8421962155
36940.3448836892
36863.8079128534
36843.5787638475
36796.051425387
36907.7091386664
36899.0859029906
36866.2955210743
36893.3822356729
36959.1150364819
36934.1781550903
36843.1727379168
36818.1035028636
36904.6988610481
36799.057922816
36838.1748543273
36825.2253322661
36869.0787280704
36828.8532437899
36892.8129153072
36879.046783641
36835.711348135
36854.8527770469
36828.9974064365
36818.2438342174
36939.4757466085
36845.3452312093
36806.7666096738
36892.7553219299
36730.9472980729
36829.779758536
36890.8573541414
36880.2977150801
36800.2095058203
36797.3503582479
36855.3187266167
36859.5941055884
36812.829694798
36774.7052580914
36863.2194492693
36857.7087412138
36980.264765172
36889.4212228119
36818.2510321575
36814.3054209729
36802.8065308581
36830.6389914088
36826.3257444805
36849.5265968065
36817.5296886494
36836.0818111361
36798.4303313421
36759.1794903449
36804.921707979
36811.1962340939
36891.1784923022
36842.3872336841
36862.7707156839
36775.0938943076
36801.3916631079
36842.1334255381
36867.3948459598
36897.9955344881
36875.0843634497
36852.8501914186
36893.4758084014
36811.4878054988
36860.5899544744
36848.4372618106
36907.6032533836
36913.9105406022
36837.9288366239
36796.6617502494
36836.3814093006
36756.072118457
36804.2185317822
36816.3693882698
36848.5255608857
36837.0890565587
36959.4389204196
36838.6559016093
36776.9792543564
36850.7134242284
36895.1961257654
36824.2818493285
36891.5468705704
36890.5575541788
36845.4554326296
36773.5021743184
36849.7372185666
36802.6407577645
36868.9913415305
36916.2337487745
36942.5655731196
36871.3049503003
36898.4836149276
36832.8588069242
36850.964086446
36855.5282917337
36811.2436521174
36758.6227622914
36852.2367543393
36837.1407895513
36817.1863814506
36849.9753662446
36788.049977381
36875.5100323195
36849.6478347948
36794.789981119
36842.1298564701
36777.718797737
36790.4907126884
36821.9586306407
36803.4797984818
36963.951681541
36917.3218876652
36734.9363008481
36817.6026145902
36913.4569996565
36913.0925952116
36842.5336091243
36754.4516845222
36834.071160188
36807.2260631359
36729.4850471967
36813.1937729968
36842.3472426857
36815.841580028
36855.0372408767
36845.2004649821
36851.6291473411
36834.6547207557
36873.6772087531
36765.9996633155
36854.340519857
36831.2288502614
36814.2980283779
36835.0694915734
36798.8860279468
36815.5725974752
36875.2405162957
36838.461571865
36893.4253422639
36762.3342912649
36867.8687507319
36899.2037478571
36879.5725391024
36835.3585331807
36919.6256972598
36893.4842407571
36830.2051247863
36867.6664490372
36792.1682449879
36914.4010581395
36826.3979248487
36879.4068032728
36823.1445345046
36867.8197364438
36783.7744427878
36807.0198742075
36807.0532397755
36836.8598429624
36879.3975595256
36819.1425957819
36838.0747282327
36791.349048817
36777.9613939551
36885.9540442704
36947.4496473735
36873.8745824871
36887.6916940063
36845.8887477523
36789.1166861737
36778.4751367372
36825.4546183986
36841.8207591544
36848.8909506562
36817.9132233143
36900.8353634938
36851.3633284447
36844.5234267461
36833.4980956499
36778.2766666825
36825.4081154706
36830.8229852113
36867.9511938735
36782.4488365804
36830.0014279749
36864.325879818
36877.5076841541
36842.3845837639
36809.2918896776
36807.7721280756
36774.385766975
36872.0491377206
36807.0782519545
36901.8280973108
36839.9203142067
36793.3770185484
36819.0302363995
36863.8691018011
36827.6351456069
36805.0243137744
36803.8231785749
36849.5794688282
36928.9007123563
36767.1548405262
36832.56297636
36879.5339525927
36828.1166213982
36831.0303650939
36789.6209625757
36844.4905928921
36941.9389753521
36855.9985037922
36786.8664123426
36813.2550651778
36768.8707469769
36898.009685436
36880.6324476703
36862.7918825701
36836.5025226171
36876.4858790935
36827.2240148693
36846.2528434947
36793.593855212
36895.6896664162
36867.9147640426
36816.6293939384
36830.858017186
36895.7754178469
36824.6791457589
36791.4903804175
36923.2127389691
36845.2255002233
36867.3058568151
36880.7807968636
36825.2847106232
36796.5351504045
36781.5166553658
36833.3426536653
36916.7160875806
36862.103552246
36891.6250983816
36932.2850295349
36819.2627048033
36829.4360625191
36857.5928655767
36807.8531951777
36919.8514590229
36818.6823364864
36914.6029685448
36830.886621502
36892.7093294514
36813.4827579928
36825.4711645529
36842.3363589653
36854.0334823582
36829.7895575121
36852.3147558433
36804.5119923693
36843.5925849147
36801.9294450187
36778.1950612796
36839.8637805776
36823.4841307274
36811.7554817293
36764.2290070632
36822.3666807354
36793.5223267899
36785.6478671139
36861.6033434065
36815.5032428926
36805.8284546124
36846.1361668834
36830.7067961431
36814.6391068692
36859.5831454657
36874.9170644641
36834.8996745843
36895.3950750876
36856.3130877521
36804.3838935854
36807.822632572
36856.6032119461
36852.9130694896
36921.9918684577
36837.2560302587
36819.4034626544
36834.5499411838
36876.4045627675
36814.206273086
36912.9736640618
36813.6673157789
36820.2323736027
36817.1787111617
36899.654995996
36886.0335170181
36899.0642136206
36766.1616891787
36850.8846332027
36853.5246477556
36900.2900297025
36826.7609626788
36837.0673267248
36891.9444350235
36854.7308145266
36859.7045359747
36829.4407438568
36777.2565334531
36890.4998218131
36856.0227350076
36939.8195196912
36847.8474017127
36906.8129393306
36836.6330552382
36929.7755284391
36819.3029348114
36820.1606099836
36877.275712782
36817.5744008614
36854.6988524496
36849.4399794446
36807.3233147663
36751.890645784
36874.2331048601
36819.1060242227
36846.9063253577
