36773.0600094715
36786.5246536533
36741.7780372539
36823.7288974904
36825.1530560058
36883.4568162702
36792.733269772
36781.580500419
36756.7040422921
36759.3930059451
36816.8701381579
36735.9910065952
36844.0087620485
36798.7035491124
36764.0004047993
36880.864246647
36768.502456228
36760.1943591431
36716.1156887335
36763.4682803317
36789.4144638792
36764.2122213118
36747.9990979098
36801.3954653762
36799.4334803805
36761.0603761428
36793.9227122959
36768.5428949945
36784.4400994873
36790.7291142332
36714.0709231088
36727.114893421
36757.9488627298
36746.605632584
36793.4752226278
36810.9156698239
36756.5054826282
36754.5945998085
36806.1911015375
36772.0001018166
36749.3544691313
36801.9911065142
36789.2256214852
36727.8999186075
36820.7162637916
36771.0905460955
36779.1910751476
36799.4416384051
36717.4086037963
36727.1688360342
36737.3582308945
36837.4560669731
36786.4663818194
36744.9065325185
36832.465684775
36796.8252860206
36840.8171025671
36850.3812253991
36755.5279404694
36885.8548762799
36757.1344869049
36700.9689414127
36851.8691037543
36807.1436885813
36763.7496706087
36744.0785463014
36754.4547521598
36746.0950782547
36748.9076222194
36836.9986851437
36759.1986256926
36805.1922210087
36735.1363843489
36806.5603790738
36706.1786660673
36755.4249331468
36754.7645043154
36833.9776499365
36771.5985520823
36740.7373089424
36780.234975131
36740.6176673177
36695.9358932721
36768.5703743235
36851.2066357466
36774.1690392954
36809.8652286432
36760.2097276467
36825.5408625312
36774.264688582
36802.3095363185
36776.3117588582
36692.1311648034
36750.9891876149
36811.4382202244
36838.9496837673
36771.9677026214
36766.5486973297
36768.4805781928
36848.8820406916
36787.669815461
36820.6272137459
36754.1553670795
36793.6233740084
36772.6628033973
36770.4522852757
36791.4211865682
36755.6390606231
36761.3970179571
36772.7480460111
36780.8306042612
36767.9673919742
36811.6270385599
36755.230783656
36758.9229595347
36813.398662184
36804.3727129861
36770.2441851914
36791.2756093499
36765.6069080121
36770.4287998047
36825.4666789917
36760.9968444979
36848.666092515
36784.1557201119
36731.5934564709
36761.2377579806
36792.5842763348
36774.8495081524
36826.4592861321
36820.2114656807
36747.6882134144
36739.916754321
36859.1426953088
36785.7961696375
36773.7470299278
36750.6647185335
36765.5516915274
36719.5885158856
36767.9564794838
36768.3582504208
36826.9567982183
36768.7673665599
36825.8680687074
36782.3929590524
36808.4007749926
36779.6905555064
36854.748005344
36753.6681533788
36702.1768693027
36730.0662602726
36760.3313656684
36738.7173357753
36737.8829243072
36736.0288115106
36752.5639140971
36826.2363861453
36776.7399909188
36786.2994695711
36790.1941667982
36785.9277544441
36735.7195470003
36806.566357551
36728.6741724425
36793.9257403685
36776.1451032954
36776.1823048243
36770.6724827908
36815.5158763024
36768.3194915961
36774.844543848
36786.3747348758
36807.4200685168
36732.2682900215
36779.2012930215
36801.2341643336
36819.8692180708
36748.9355362426
36746.4402713956
36732.4404790807
36827.5911053931
36790.7881554103
36849.0334808107
36783.0819525954
36769.9495800578
36788.4200340049
36700.1452030051
36761.1265613091
36775.4103199732
36708.1580917072
36813.5739012258
36770.9738312914
36842.269724468
36745.5191656093
36730.8785094455
36788.758788636
36763.7170242967
36781.53453726
36779.1909379024
36774.7163273098
36842.6909124925
36745.6152990946
36813.4113162374
36824.6321717542
36784.1362441966
36787.587901503
36775.5302772763
36773.3943752489
36796.8942482409
36792.1113760638
36730.7897135691
36804.4215017381
36757.7083423194
36740.2431252545
36760.2776142791
36779.8155697195
36766.3165644841
36720.0508272315
36726.9134869752
36783.2069229433
36738.429820571
36754.9554204286
36793.3255321784
36783.5599778298
36709.572352121
36749.5526270852
36787.9489999869
36753.2995342514
36781.984794136
36750.6483166141
36825.8957664467
36752.6141773658
36828.6957906304
36730.1460777942
36748.493107502
36824.970971928
36803.7402876096
36833.7873393012
36793.6963500386
36768.6107377714
36753.2959226165
36774.9711311491
36742.8640872862
36814.8270956112
36810.8204064571
36799.7228250106
36778.5881658851
36830.7554326168
36736.0078127943
36739.6160992041
36777.1312094495
36815.0781969187
36768.5288562582
36795.587010653
36801.3378334751
36859.8849730171
36763.6677496111
36749.2719366818
36759.1729862927
36793.0302938934
36752.5390352311
36780.6145597918
36768.5174060772
36833.0306697137
36774.6632638381
36748.8827098458
36754.380608885
36725.1893035644
36855.642224722
36721.3818913301
36744.8340122289
36736.3270998032
36778.9469493186
36764.6195387738
36865.5667593095
36740.0927319883
36716.311110161
36733.0113178507
36763.4761340366
36827.4158577175
36799.9703902876
36805.0614857855
36738.3252767577
36758.6101253084
36785.8879538454
36779.4722555993
36773.7269783911
36765.2417509719
36777.7459264986
36711.9970311276
36745.4355858772
36740.5397332902
36719.4349982055
36748.7852222306
36799.7236499849
36790.2239476492
36758.3951322374
36862.6301160118
36834.3925192903
36817.0662212131
36806.6676880845
36749.699741861
36783.2872502003
36759.1032282178
36774.1103201756
36797.5929642008
36729.5764689225
36808.6883082895
36771.4970519696
36783.411133231
36820.3931330875
36770.2108919953
36778.4179807151
36782.8475535076
36796.602029564
36818.8155699698
36758.0286591428
36782.3009711263
36768.29482401
36687.9915253072
36782.253994108
36772.2314435259
36850.3188725587
36795.6784090808
36749.7465765581
36749.4149651832
36781.4602653552
36855.6218465876
36797.4161507356
36765.0746147159
36723.9417627983
36790.2127011537
36811.599262832
36762.5655344441
36757.676190757
36804.0236006254
36787.4585356575
36743.3914422308
36773.8935245281
36871.6729707836
36865.3200767946
36724.7652923272
36824.1933766638
36769.5364007071
36780.8936127616
36863.9946857393
36799.9032731405
36765.7433290974
36812.1707232574
36749.5547780138
36762.8911580633
36846.5926532854
36739.9283071778
36779.6113731138
36792.1330377868
36795.3501292955
36758.7727736148
36762.7634039218
36738.4794389547
36761.3506218051
36841.2744466646
36785.9833218612
36748.5693825976
36853.4184161022
36770.2402362307
36831.2927859196
36757.5366374697
36818.2003782457
36828.1393905034
36755.4312997415
36824.9275972272
36859.6028064869
36823.9405887354
36774.8534753804
36736.7158940953
36850.3312445892
36701.1197871692
36811.3467754435
36809.7651723708
36778.0925828336
36762.6695318176
36762.6113541665
36806.0385829766
36821.9092531253
36727.6051355129
36827.0131691439
36807.1543630605
36777.1196028404
36858.2964729194
36738.7811152089
36768.9319647518
36740.875159617
36819.6433746821
36741.8143361104
36774.3088701071
36759.6939070439
36777.6596573014
36851.24479959
36777.7692130755
36792.0388999907
36795.8060681972
36771.4529172464
36818.4145976521
36804.8099549645
36736.3415982114
36726.442238365
36812.5574063847
36768.6071483973
36768.2546735853
36709.7890598457
36769.097145961
36856.0272289562
36747.0242815845
36754.0738083481
36790.8991261445
36758.4410946292
36740.22937445
36739.9003143944
36829.0949252757
36820.4913505793
36772.6262751543
36768.299878418
36778.8028668753
36769.103500149
36751.1762066974
36811.0135325125
36781.9037952735
36806.7643248807
36834.6161580603
36771.1480905565
36725.027420109
36745.2658170411
36742.6881965097
36807.7327177923
36800.6803860893
36770.3141245094
36757.9637428077
36823.1519027199
36741.086458271
36712.4485467797
36770.1917786793
36718.8172393165
36736.0613118921
36791.7471047508
36798.6680051308
36780.614782179
36843.2556628978
36820.9723598467
36761.4282889532
36768.0048253795
36720.4758824841
36835.3190587215
36796.2828951362
36733.2074735069
36721.4230195237
36761.4111614831
36791.1358642008
36787.1350397695
36735.3330512844
36777.9000560948
36816.9158372529
36747.5057906402
36747.8299841346
36784.7687330777
36726.1760857732
36809.5465641454
36797.3263244129
36758.6487172758
36758.6496073977
36780.9976945161
36788.3063367189
36736.5531422631
36793.9956184222
36804.9416633192
36749.1781143208
36794.8656742709
36795.4128686081
36813.9519067007
36776.4028977045
36837.6740933112
36729.2563353387
36732.2978380469
36770.0609221726
36750.2162674103
36817.2499618631
36778.2974281452
36796.790083849
36800.1421764211
36820.0727572584
36738.9330804655
36755.4069465603
36768.3221259641
36737.5049648512
36768.3660179286
36773.1011824058
36766.985194708
36804.9527319154
36779.2404357442
36746.5757903905
36776.0837547277
36781.1363107523
36765.6749348657
36772.6904298879
36765.9591557684
36730.5401877185
36788.3926528125
36802.7654270381
36739.7281328028
36756.0157805928
36814.5846417513
36803.7609004528
36746.1385627028
36830.679263508
36779.0078405403
36818.8612926285
36782.2140314143
36775.8141221187
36812.906831835
36744.9310736915
36749.1954372357
36803.3053736572
36743.0081003525
36766.5163143091
36804.7704130826
36789.2410574175
36852.0314339841
36810.9937140392
36827.9019083547
36794.3988728283
36787.5681239942
36747.8569226735
36822.3387962329
36816.0670979249
36731.636487547
36826.5192252826
36740.6268124588
36762.6065282857
36769.6522755623
36812.2363558307
36818.6422706147
36784.4836780263
36763.4601816397
36782.1642128973
36729.7700377222
36798.7365492894
36812.0321852963
36770.9895619832
36870.0171143928
36760.5028220773
36732.2672523464
36774.3659429274
36741.7160052236
36743.6956862415
36858.6818190942
36795.052163893
36865.3264570749
36780.0059606833
36799.1562607762
36771.7224007479
36779.520505887
36807.3931488859
36739.5964535931
36759.207056195
36742.007062883
36788.9650654405
36850.0223587032
36767.2858508832
36779.1979965976
36792.8723829824
36801.0901310136
36856.2020461415
36757.4434788113
36755.9223267287
36774.5894095553
36727.9086846286
36746.0731280087
36696.6535604083
36814.6549466262
36788.971528355
36782.8326182463
36748.0026896408
36796.2246534513
36768.3413307182
36731.5714928983
36743.411176634
36711.3193136141
36818.8961910866
36822.6801713561
36787.9642529248
36739.8634548479
36744.3420229032
36787.677417742
36761.6395595013
36737.4117472848
36746.9076161093
36753.2000973492
36820.5678206591
36803.5064783299
36780.2726357787
36790.0110863705
36740.4646015564
36788.3455558622
36778.232834321
36853.7183851927
36777.4560342386
36726.2474104949
36771.9791178934
36745.5455750188
36764.7635637507
36698.7090850898
36787.3419736509
36740.2822524882
36764.6516111076
36792.7457115191
36798.8283278204
36790.3493939762
36786.6454587197
36732.489581241
36767.4467704548
36769.2134962084
36814.0283058644
36835.6955203182
36754.0958927372
36813.3436348121
36779.4524118763
36836.7660872178
36763.9522782835
36767.4741322088
36748.9732586914
36761.3514841466
36767.4664536521
36779.7297450566
36725.3371391293
36862.6977055361
36773.9909698521
36695.578704127
36799.2978179125
36751.2364136638
36786.918936061
36734.27399368
36765.9570045764
36750.3666716575
36786.2108922396
36779.5680624862
36787.043568578
36839.9908975987
36782.5720546181
36785.4650790635
36768.4613521571
36762.0247118808
36735.963412744
36776.6698605539
36798.5148556351
36786.0779679492
36765.8393596518
36777.9976522295
36743.1707150479
36728.4022830355
36780.6321647754
36778.717267484
36737.6934086003
36782.4888759531
36806.7576471693
36766.8181165972
36774.7100910793
36763.5480395707
36834.9241801446
36796.0549763893
36718.4794843075
36789.039157136
36818.8235305313
36805.3682463132
36764.8260922032
36701.8988006655
36743.8078926278
36787.7678894568
36823.8555964061
36848.5746153372
36835.0912658126
36776.3487251153
36818.5311532755
36778.3674468558
36799.4579929173
36722.8768808146
36766.4596970709
36759.7051565176
36751.754054519
36787.140467703
36777.3133072649
36855.0532379209
36745.2707350848
36804.6069915728
36763.5314402827
36787.6628939312
36769.8273683946
36721.3254323228
36871.9362819992
36827.667762755
36745.8466669393
36769.1427940243
36828.400791238
36767.6614066309
36832.2088832381
36755.1984829997
36766.0937574357
36706.0208219209
36751.7644913763
36809.8891644985
36862.3332431804
36809.8232415812
36827.3027753092
36734.0772126868
36799.1920843924
36784.2046795379
36788.3705500295
36801.8485528413
36858.7807670475
36777.5245697331
36785.9904176624
36734.445742165
36829.7596605193
36798.1179489072
36798.470915505
36799.0128223622
36752.3706789902
36801.753940355
36763.3917510096
36777.6852403323
36737.857650599
36764.809906073
36784.3115844758
36741.0506825615
36732.8119176882
36737.5861985875
36756.8852585807
36844.9607205667
36763.7779723
36816.1730200437
36699.6731462763
36866.9010040839
36815.3511073128
36693.5626074014
36789.304946777
36760.4482735537
36756.8249831346
36752.2514168473
36790.907283969
36755.9082899255
36793.0116672829
36834.969371723
36749.2495893654
36811.0703805508
36711.1096333947
36739.647158631
36724.920765203
36752.6925105616
36765.897588539
36720.4959278563
36784.9205918252
36780.9002281822
36798.1209812956
36785.6867025142
36754.1039020614
36738.9269859519
36794.5058687202
36812.7014573028
36806.511265214
36831.4161465387
36751.1275389852
36777.3629278459
36817.3117662591
36748.2923870466
36817.2734232764
36757.0400295202
36766.5776918749
36806.2271542389
36754.2035738654
36789.4287856217
36816.4496755192
36767.7574708487
36729.6101585477
36783.5557133751
36729.0097382393
36858.507858505
36708.9468523501
36802.7364528045
36780.6293207487
36788.5893939837
36787.8542998179
36756.9194627658
36779.0622583556
36754.9122254952
36745.2556062185
36758.1149549344
36776.2577379218
36743.2534132711
36769.8229201043
36783.9930997711
36788.0081539508
36813.7748176128
36864.8918085868
36752.8491032504
36777.6789681459
36785.2426056793
36769.1137603987
36748.3695640656
36780.1215677488
36797.0164404405
36783.8924354173
36788.9800631105
36754.5796574649
36751.2332387682
36782.3978121973
36840.401464936
36775.5446772297
36838.9630770416
36764.5684107359
36831.2552466098
36798.8053764312
36759.7392121438
36794.0769775629
36820.7047013626
36796.363345986
36755.2458326514
36781.5616445743
36792.7948037645
36803.2685991792
36819.9609295179
36760.1330994385
36763.6287604443
36799.0662008178
36729.341429802
36776.7650634772
36791.232624574
36791.1156594473
36797.9436088711
36740.1947607154
36854.3235511685
36771.1182409951
36762.2547502861
36829.1469319999
36770.9868527574
36800.5898741648
36804.0964178037
36802.342416217
36815.5347052464
36778.1523232566
36763.1412014752
36745.3051159528
36771.0322838635
36745.6409576506
36750.2855663069
36780.325299534
36859.3683046881
36748.7825583292
36730.1414807695
36836.335114844
36794.5045749861
36756.1288313164
36798.762800869
36815.6464322544
36768.638982484
36816.076038545
36770.6423849771
36824.7057673686
36813.1039901397
36757.2282773139
36733.8019708013
36781.5381487408
36737.7803448477
36727.11459795
36792.84600417
36858.4440198037
36818.9807656424
36753.2606961546
36809.3411769659
36768.6380837311
36736.1980119165
36783.1467166973
36828.8988674789
36744.4701041688
36724.382453399
36760.74075117
36777.5266699934
36785.3650984838
36878.3110800627
36764.9810368938
36740.0551622283
36803.8774779398
36752.2916365268
36773.282879173
36796.3785040012
36776.9168449433
36713.446984397
36750.429836791
36803.2822200944
36802.3522551107
36758.752481268
36790.4687823094
36756.2677794573
36722.8967121394
36781.9784996522
36778.0551991733
36771.1195122271
36762.151805145
36746.6195966868
36783.2019056505
36776.9450657835
36871.3920459855
36816.5390235935
36785.9746547671
36814.1876618026
36749.4256136362
36780.3046505012
36775.5959068301
36820.0201703251
36743.309732363
36777.5628031086
36763.5913615607
36811.4863049925
36876.5602890512
36787.8575095682
36767.1988384854
36851.8861308201
36775.0845750111
36759.9198522302
36733.3462399988
36774.9782919019
36789.8778871482
36819.5723935831
36737.867744103
36748.676120946
36788.8169380754
36774.2088070585
36784.1555273546
36727.547809747
36772.8079027276
36785.6211928089
36798.4526070834
36835.6135492586
36805.1109064072
36749.2202629926
36775.0493620926
36833.4467790731
36750.3045774559
36788.2402952854
36771.7022961454
36786.1424354806
36820.7070703935
36777.9960552724
36783.9960373428
36779.8148365008
36744.0315883789
36772.2983717212
36805.5107364026
36779.7564012999
36776.0105833409
36816.4992285727
36741.2378839279
36763.24162269
36776.311189605
36810.573562559
36784.7827706873
36765.836712299
36745.7886491011
36806.3381778701
36794.6181223881
36681.7320680613
36796.7944839335
36722.3514805437
36740.1948546594
36778.2361059486
36744.6536634484
36818.2030711026
36789.1751403807
36749.983875985
36713.3888113801
36760.5196016523
36769.6352686812
36835.8702513711
36747.9458120878
36778.8756610144
36767.313206482
36761.5491625869
36808.4982557932
36797.986249701
36806.9364654244
36748.3744421389
36776.2628599598
36863.9640109987
36768.7988924056
36782.0605459838
36803.5845435315
36752.8764677313
36751.2611569659
36846.1678139011
36727.4942109013
36721.498115543
36783.4542632698
36828.195320593
