36823.6337411612
36805.2169248945
36858.3448835301
36796.5166817016
36783.3028936762
36785.1898597004
36889.3623588587
36798.6814490003
36814.2614693246
36817.9391679081
36778.9600994371
36810.7437609918
36794.6101709244
36793.533633991
36829.8567952352
36863.6166123887
36833.178708256
36810.1123640968
36798.8670860657
36743.4792170372
36877.0127715686
36823.6987545953
36766.2475868977
36768.1000406163
36778.2619492275
36806.4309993155
36813.2015399803
36849.2273958261
36850.3003659298
36773.1665495058
36875.7604191564
36831.0357613464
36836.0025590098
36848.7705698559
36795.3929662552
36854.2894535569
36791.9507830528
36779.307569327
36770.8887476271
36805.2960297553
36884.8609310439
36945.9567977274
36829.8955225108
36779.1721029341
36789.6026165456
36834.6241125051
36754.3650111925
36893.4741944716
36830.560764003
36893.8946293035
36820.2706834016
36838.7780709644
36848.4514719996
36793.0753479321
36754.5145895241
36765.8686488737
36754.009436665
36829.3413814719
36800.0524981284
36860.2802618954
36808.0637380469
36763.1762146839
36763.8977838048
36789.1398921104
36771.870580138
36779.8871080073
36788.2882974026
36806.3457901279
36813.9367782323
36747.5026096727
36773.123136503
36833.4566908981
36833.2285660681
36851.7049614201
36785.8412458046
36833.9343717436
36803.9927122504
36814.9475316282
36827.3191255462
36781.170642202
36860.8123972909
36768.9181125855
36927.2910600243
36876.1766013178
36858.3612516718
36778.4699179922
36766.8277164668
36861.6370128781
36801.7928512175
36836.3617247594
36776.9700314279
36851.1204010364
36787.8999152824
36844.030968783
36786.3420838928
36755.0056497499
36834.1463890839
36935.9804351435
36790.2502638501
36828.9785615373
36791.8676209467
36827.2969759556
36808.7442531335
36724.7355955061
36767.9726150218
36868.2666669284
36743.5019697679
36797.9562999482
36781.4825934375
36841.1038410901
36844.5481724628
36814.4684561786
36765.8125856867
36794.3983403975
36825.6220119118
36751.6356307575
36803.1104473188
36781.5873111291
36835.1955107967
36878.7118600579
36730.0607493251
36802.9987930168
36873.2999810572
36860.6578689262
36786.0460227363
36760.4249791098
36858.867876166
36832.3023172205
36837.3739690877
36778.8426379235
36746.2888411936
36752.2181460013
36811.655759878
36779.5031042943
36856.2054432895
36875.4590876833
36915.4260959085
36828.5912900079
36758.9290078589
36894.6690715494
36797.7199053032
36765.694819911
36728.0469913553
36873.2236902643
36778.076015021
36804.5822026544
36857.4931721231
36838.9821902522
36822.5875963782
36840.0856192661
36821.8255219222
36770.7811558524
36854.2378816576
36854.2362727183
36783.4651430525
36889.9632594138
36760.2792159581
36839.4005624302
36781.5243774397
36790.5329173944
36811.752222734
36917.6569563074
36756.8885333035
36818.9378827428
36776.3321178111
36782.1222011565
36757.8035854728
36817.0183902849
36783.6738963494
36791.3143549416
36843.0881962085
36795.9508696491
36816.444450552
36875.4708273362
36799.4965223352
36780.8710591095
36803.218671277
36796.4833412861
36744.0461232259
36830.4522156224
36792.9507495651
36881.2794879532
36809.5505608894
36813.9387685115
36818.6895318214
36740.1487850758
36764.9564445339
36775.1274608604
36782.6857853406
36793.1850706358
36765.5609048707
36850.6295747898
36811.1109256753
36767.3949324794
36799.6610658159
36746.2238805075
36781.7387286296
36758.3014086227
36841.5166271343
36855.5409523475
36926.735817551
36817.9581276138
36794.3595637406
36828.8050046884
36824.212517567
36797.0528789311
36790.9847899364
36890.1075890778
36822.5864240564
36806.8160560808
36790.0794321989
36781.8995292596
36844.2770321392
36740.73872281
36752.2293368517
36761.994376623
36861.5689781581
36769.2851535959
36748.9342240606
36839.9290229087
36825.6087340869
36780.9865140166
36814.2919097296
36793.09635392
36828.2059083554
36858.7887603625
36842.5269816541
36840.5733419181
36780.9609246624
36788.8071905724
36844.504985492
36786.4919638143
36822.7171086265
36824.3053801292
36846.9965857755
36874.3324292505
36784.2327539511
36769.3900724477
36865.9278386501
36896.4667251509
36808.4344196022
36801.4466514631
36774.8789809494
36835.3443424855
36881.9195990393
36833.2060008871
36868.723964249
36834.9841953441
36816.7008150636
36857.8657394931
36771.5292542775
36803.1066842367
36802.3154528196
36884.9203174989
36833.473156975
36813.1219535561
36785.0040512139
36733.2216648379
36864.9149705398
36795.7126513492
36794.0522098771
36876.4999210025
36837.2544352198
36766.7205814287
36700.1802746607
36824.5505936309
36776.3668172506
36818.9484014967
36802.1562072665
36763.7002648971
36780.9150183242
36804.6500606531
36773.9109618985
36763.3273761966
36764.9521803449
36773.5171366341
36830.0964993138
36806.9355343741
36865.3591594004
36858.016419823
36850.452330287
36876.569424512
36775.7757334468
36824.2444394911
36743.4338842991
36780.1846749282
36812.8418270528
36860.4489679421
36859.6919031143
36767.8222200111
36810.095542217
36778.6806347178
36813.9714389362
36793.4540746282
36769.8876988712
36834.3460465139
36818.9600324348
36791.0951516033
36784.4085955878
36845.9812596838
36800.735727192
36801.0015359223
36752.6519411334
36744.4164031017
36773.835119113
36768.0994966419
36828.6927914571
36870.2016229304
36908.6145974908
36770.3835950592
36827.2529135864
36783.7861958775
36916.4108277632
36754.7748733088
36806.9866136112
36800.9174750071
36765.0662462821
36825.78484599
36811.7821931356
36853.0350209821
36856.912186102
36861.5970114852
36794.8073618871
36844.6464022797
36777.1688703881
36833.3108077905
36849.9039669042
36755.9713066499
36805.885112765
36779.4344384234
36838.9507654163
36749.8045163674
36814.5577452545
36911.6318191516
36858.2860370089
36752.9529306096
36769.9320538676
36762.2943384365
36761.8736936242
36779.8915144087
36783.209610064
36765.9904041417
36786.8225808346
36798.4441492418
36770.369023111
36843.0965705153
36755.5582674309
36829.6491851705
36785.7192138875
36845.6573264037
36800.8760487337
36799.3076020969
36847.0851545578
36805.6839005217
36826.8346897361
36800.5843030679
36768.4394087674
36779.3425180674
36769.3740072079
36790.7213126072
36803.9415824553
36751.70000535
36818.1805649503
36807.786914036
36799.8448376408
36786.6984893371
36798.2565604753
36747.1584819103
36822.8810891957
36847.046831247
36826.7897056169
36798.5445292198
36811.434929338
36818.3485233911
36803.3585741567
36812.4323382953
36786.1261914241
36800.8215409179
36765.4043574313
36831.9663814624
36765.793650429
36742.6286632179
36812.6266985982
36776.7137726798
36766.8989507207
36845.4346684834
36778.4910682024
36775.7233957839
36801.8998954301
36818.8587958771
36801.8454790275
36798.1835649033
36740.2341309032
36789.1365669983
36774.3006461464
36846.6341120204
36834.6151180209
36784.1381352628
36775.5550276074
36832.5185998098
36838.9680065745
36793.360068797
36834.8291378739
36800.6342142231
36777.4825927188
36891.82519448
36812.9121992415
36792.9977883308
36770.6599562134
36827.7454084186
36792.35575311
36790.3443570246
36799.430347209
36768.0194165515
36793.0998769946
36792.2817723926
36844.7915941033
36776.7095174539
36771.8552886712
36846.9739152285
36842.1457688843
36778.4430952124
36856.6108938675
36819.8299799069
36730.0015751659
36777.2380031368
36804.3664732834
36806.4617435629
36864.1690265449
36784.0197658179
36855.6551121106
36756.9198346518
36787.4585693841
36798.4959367679
36781.8718766475
36772.8626045406
36896.108549037
36774.446694297
36822.5770643619
36730.1506208692
36808.7729632549
36792.3717038819
36826.3057916928
36852.027128514
36784.7439150092
36835.5275720057
36847.8398210146
36787.3169769294
36729.9476308692
36735.1071304301
36854.1159885534
36827.1016381317
36859.4558087212
36765.778050879
36806.273067442
36749.0919886783
36784.3041570795
36828.986061693
36703.3972777078
36891.8319001369
36812.5366148255
36883.4076704631
36777.3929557426
36795.7431719054
36811.7053823912
36850.2275942183
36813.9217162233
36827.7212804002
36796.3646909739
36767.8702371378
36800.9869351717
36821.9529454361
36842.1678837358
36801.4834360863
36787.9905803547
36877.871232506
36800.3110902869
36816.9527825862
36797.1652517885
36807.258081583
36745.2987889908
36854.9129210466
36895.8797302955
36850.84767179
36844.654647229
36786.91021336
36833.3638958976
36796.5593289048
36780.0943585741
36814.3363772962
36802.2527168357
36875.1807501814
36874.5512252846
36826.3908040107
36814.7103742749
36799.6698526101
36823.6665555145
36733.5700493321
36837.4359661282
36800.2481772429
36845.2842872335
36747.8830211387
36795.2110584542
36863.4495869752
36792.2635769274
36802.1387224502
36805.5441996252
36808.7719971286
36848.9415375916
36815.6147316028
36844.9325509466
36795.1479217733
36832.1618431712
36786.3148666913
36788.3977846598
36834.0862715494
36895.6664382713
36809.1439570697
36791.0262486366
36800.3816127395
36847.3624420069
36771.3318432071
36807.1332461346
36799.7854187392
36786.5031272937
36787.7167340726
36814.153497354
36748.8264946132
36830.0999230714
36888.7726901064
36810.0948533298
36783.917819798
36821.4010734265
36764.3503824595
36815.4618341419
36834.8517238098
36813.0371250696
36808.0665344943
36751.8442994789
36859.8964952009
36820.0667241292
36856.978244484
36802.9260964878
36841.7541747434
36779.9459685508
36824.2719847395
36856.0635181815
36821.2172937372
36821.9741415742
36829.6841972848
36768.2264200038
36785.1582766265
36809.4695409589
36848.7807134852
36787.4525087394
36819.3421706207
36799.9230449016
36732.4683187082
36835.6082744109
36846.1934148853
36785.7305236241
36778.5342854841
36782.2469398284
36770.4826111629
36812.5114260187
36803.5106602259
36832.7931508995
36833.6014332114
36876.6541923672
36827.317305688
36863.8327703532
36761.9280595508
36798.5838074671
36779.8038017837
36804.4004393496
36778.5582055056
36836.191278175
36781.6572994631
36812.1549334099
36828.1356985379
36817.5459097645
36755.7291911779
36802.5170448598
36812.6552185037
36787.2421257081
36798.7352811304
36803.1644300394
36836.7793842134
36879.692617944
36829.4798315244
36827.9366540329
36812.6124576191
36877.6441635025
36753.5193502898
36770.3895481189
36784.3907850666
36772.1765676198
36817.8206240053
36752.4316979233
36896.6527122374
36853.7244821384
36813.8255680494
36805.6857589929
36745.3309405848
36775.0255752694
36838.4848976156
36848.3135192353
36792.7780602896
36809.3033438324
36762.8915030656
36819.08117321
36816.2364712339
36747.5815147514
36837.6003145906
36818.4734838189
36803.2715408347
36792.6450602616
36782.5422455027
36846.8659775197
36755.6751283267
36953.0572775409
36771.324346755
36770.4742915048
36836.4091223716
36790.8860587083
36764.0316043046
36954.4962108136
36784.9567460579
36827.9267885316
36815.7106005619
36742.6833045168
36870.0523786416
36806.587352393
36850.763275716
36783.6287063533
36850.5621060467
36844.0917489337
36792.5208447851
36807.7957220762
36808.2377661737
36776.9885951695
36775.7267777826
36850.5930906327
36861.2560131654
36835.649662041
36826.8739729828
36853.6468900699
36827.9362449957
36773.212142474
36796.6107653712
36824.8373364445
36860.3139295732
36824.3751466055
36846.0077838704
36825.2528843086
36813.4058108058
36741.4698475442
36795.7928888716
36811.8276243401
36833.0145859407
36856.7839444019
36847.0505921153
36753.039531654
36809.0286446301
36759.9229206257
36758.681547683
36823.3098521583
36759.5492692387
36893.5999550044
36783.1754827401
36776.6665184182
36834.511787597
36777.0372239547
36814.2253358514
36851.2773070985
36804.9596038106
36883.6052557649
36758.2337161245
36835.9741836219
36841.1709756262
36846.3536662101
36793.3124741612
36814.3601265806
36779.2226652164
36823.4926447672
36817.5797395832
36910.6136270873
36766.8250018279
36859.0641206137
36759.7676967983
36818.7383322836
36864.4143920879
36841.6014163965
36837.4254029917
36762.3738512663
36836.7469184173
36845.7340766281
36795.7448487561
36773.6149023675
36850.9773106167
36773.2270416107
36734.0275818346
36797.900319343
36749.6189667879
36787.5889131064
36796.2747064143
36750.2555854748
36795.7395034922
36852.9400047851
36807.6153811035
36769.7922426906
36926.6495239855
36801.0321175577
36871.2145265188
36742.020494031
36875.9711773618
36856.5857952116
36854.231580507
36860.8295110551
36872.7764517138
36809.1377492472
36783.9500042101
36785.3848682125
36802.5132110748
36795.0558481711
36771.6665764451
36809.5902733735
36786.253017972
36848.4488480356
36802.2622890325
36798.0351357525
36776.9939951937
36822.0113761268
36783.743826995
36826.898522671
36787.7436671376
36805.1945905363
36789.728978504
36787.2827841197
36834.3209537416
36728.8443955866
36819.8886104011
36752.4084846194
36790.6100131759
36901.36622522
36842.8978556505
36786.0939353083
36721.2158822825
36813.8238903143
36771.3370172526
36771.9457423338
36724.4138562967
36828.692617849
36771.6554101857
36884.9615269212
36794.1743956755
36738.5451437885
36790.1698557754
36791.5825403701
36833.7524906862
36785.7943571431
36846.5061411022
36910.3509078286
36780.2734964745
36784.1841126368
36723.1172378945
36859.3813977611
36787.0432040871
36823.5296801847
36767.7161265961
36799.8154451302
36809.5055332289
36861.3629716258
36804.9229343891
36797.3819559836
36836.2358713887
36838.2052344186
36822.099507456
36820.4787009949
36765.1891411557
36825.2364781947
36846.710675237
36816.29860185
36771.2760768113
36866.4227652605
36822.581149545
36741.4739172297
36809.893258164
36729.5607957391
36866.2789414825
36823.147472614
36852.80619152
36755.4102958111
36850.7108963283
36817.3631022228
36814.2433709263
36774.5410806637
36784.7544994147
36817.3196733628
36772.9111668408
36762.1254996032
36802.645095195
36795.5695296824
36827.2720724246
36870.8014188757
36827.4505449865
36820.1826449244
36749.2548219114
36863.3625616787
36781.9149527299
36857.8159117373
36785.285624347
36816.5062326732
36852.8171860348
36829.802973171
36787.8917742978
36756.2884424632
36759.2631690304
36817.9900145873
36875.5996957079
36811.5985018539
36765.4733775016
36817.4615159353
36847.9810293844
36830.0910921496
36817.1632634488
36883.2295842563
36847.2918166904
36807.9485181874
36768.4628426254
36830.1949191406
36751.5314549115
36782.6152337855
36819.4434090853
36796.0296876538
36800.7240993187
36888.6208136426
36730.358576517
36809.9115559507
36771.5976439519
36734.5346168602
36842.792668344
36839.4862590529
36793.4692511285
36777.6611002443
36745.2884404334
36733.1137950146
36765.0064254862
36762.0383367028
36816.2868925817
36835.6972867531
36773.5983322381
36754.2087646071
36772.2969032461
36809.0036517196
36841.5245953511
36827.7993815012
36807.325723465
36788.6263985894
36847.1737136285
36799.3895009425
36823.235524982
36903.3057708492
36811.9700006044
36758.6093189918
36819.9107306099
36821.1732939303
36859.9227860843
36806.8210088771
36787.8459934711
36825.010542663
36792.0375096944
36881.097556901
36777.1148735517
36814.9863641221
36741.1131002776
36743.2090396612
36822.3119724558
36733.1919231739
36802.857790707
36714.7980981047
36786.3807217562
36850.7708491441
36794.3079212694
36829.007557751
36827.2214110467
36912.7717548812
36817.8723118082
36795.9159945146
36743.7034230013
36767.0047110859
36762.9980291982
36805.6662264092
36798.580242325
36824.3964981936
36851.4796176575
36792.7779575725
36879.9849991665
36818.1514642077
36880.3882046813
36778.0274416301
36797.802486178
36789.872560716
36887.5395951947
36810.8257472772
36854.4474475815
36878.7469741905
36790.4332385164
36731.1424308134
36850.6399340424
36787.0323271373
36762.4515729733
36861.1696247265
36847.3920700998
36853.4918560483
36833.1520326612
36789.9844816541
36824.6522587721
36823.2879134219
36795.0179512477
36747.3327178183
36845.6109868482
36912.8408839495
36794.2219459215
36882.9682208997
36846.8070116273
36808.8137275539
36761.2557078775
36804.8530156074
36801.3126538521
36797.2519081594
36785.0093663215
36866.2754702933
36806.9002597957
36803.2125223009
36813.4918724577
36804.6448531189
36793.9943994349
36825.8976697955
36776.6910385337
36791.8550126524
36779.1477011847
36783.3564231468
36866.0724485449
36828.0084825532
36861.6740896105
36799.5725827868
36795.5617888592
36826.4040282176
36848.9515923609
36776.2163736034
36767.9949993764
36843.7924846263
36799.0665273802
36858.3321632045
36842.4479218433
36744.6131968251
36802.2956930799
36804.5641313487
36693.8341574866
36738.6279104547
36734.2029852151
36815.2230051594
36815.1296289014
36837.6504760994
36769.1971749629
36818.0898562266
36814.7581728519
36799.1792674704
36749.1579509852
36815.9761497304
36795.166281473
36844.8735633499
36832.4584435445
36787.8289731019
36785.8436121504
36761.0001058566
36780.0868779568
36794.9326113847
36832.0747339543
36783.0294100921
36854.3567872874
36812.436717089
36831.3615851449
36838.7762618017
36834.0493710854
36838.0550825472
36781.5963556784
36805.1342671162
36785.4825884768
36773.3099994165
36750.2125515338
36825.6611501445
36810.1596670159
36796.017500467
36870.7659463219
36818.7607111251
36764.8336330024
36825.341937983
36794.8914504222
