36778.1411961736
36713.4105351164
36798.0535364004
36766.8224395812
36744.5913523075
36779.0258491591
36732.2665346278
36735.9610966379
36718.4282920312
36735.1253887431
36759.7835995419
36756.3852352425
36724.4679945148
36781.2911901206
36729.7373959802
36769.0898578119
36739.1966312856
36780.6216865221
36707.7962943791
36796.4789993103
36774.9255493813
36725.9639050257
36744.8314241624
36737.7962856716
36767.5992543993
36739.659757442
36785.4342203327
36744.9258689928
36712.2413184066
36757.351835377
36780.7580512853
36794.8961097582
36761.320511988
36809.4019610941
36797.6973320264
36744.6999767673
36751.8887660989
36736.8674532289
36769.2117562455
36734.0270514887
36752.028403344
36741.633030896
36738.6200744305
36858.0342377233
36733.9740522896
36771.5003448395
36731.8169795726
36735.1993661226
36765.1008112932
36775.4204665247
36759.9242073837
36804.3200841703
36745.9727987478
36733.1514766534
36731.5922073082
36738.0847431348
36735.1352334259
36727.5479145399
36737.201216617
36713.3320306506
36751.9822592889
36721.4369596417
36709.5428782028
36740.0660196908
36738.6488712052
36787.3297372496
36752.9242969924
36838.0556363372
36802.5876111305
36730.5029390325
36765.0978872531
36720.0653167464
36750.1122195174
36803.2053405304
36758.1115196317
36749.1802756651
36742.556170862
36757.6392948195
36798.3432102452
36774.3281902959
36770.3465559496
36778.0812781644
36740.8313554575
36737.6170115368
36714.269938783
36752.0344272419
36708.9906570928
36764.9673228068
36793.1504434453
36712.7146125215
36752.1246891984
36755.4763512055
36729.2463626813
36760.0203065603
36690.6083940417
36702.2645677222
36741.5483723531
36738.3939961749
36747.3789681245
36725.8525590023
36766.870185435
36735.5952134261
36766.6325969121
36795.4127704481
36784.6349692018
36777.2014322447
36776.59606007
36734.1747011808
36754.120504007
36747.4674916102
36742.1256611947
36763.3094764038
36686.6552526833
36750.7376554618
36712.1736056565
36720.7432236752
36781.591094176
36724.3684711925
36732.7730953255
36779.4186260553
36722.8994837209
36771.369541606
36745.5900770988
36733.982227748
36744.1803713417
36745.5016677553
36747.6653018259
36737.5762229811
36717.4710229248
36759.1542537449
36781.3777984187
36713.2998562732
36779.589617259
36738.4533784653
36789.3517674939
36797.254923505
36735.0854652196
36759.0191616645
36740.965203602
36822.7422384941
36726.806763719
36767.0082231931
36792.7677396885
36756.9887690301
36746.0606058397
36736.8892080355
36801.0372461245
36712.2892270961
36751.7745083788
36756.8999871795
36750.6291732788
36789.940336062
36712.3705590172
36731.6178070827
36758.6726402868
36728.538690953
36776.6072101667
36746.9815258763
36756.43438555
36778.5070379335
36814.4346848799
36795.0719596782
36734.939794414
36765.6700737574
36709.1314536224
36725.1583317544
36708.1906082536
36716.2336774242
36747.387821143
36742.6628281746
36777.7751794994
36718.3833020601
36729.6944036167
36811.9399848558
36731.3780628451
36746.8573283951
36818.0477326804
36751.0409446368
36781.9134327179
36729.1080977719
36710.8154023719
36783.7085011425
36745.4441973103
36735.9052979295
36726.5883452018
36743.0794673816
36749.7225991197
36740.8702685652
36773.2154049097
36751.4734147301
36730.7078570171
36734.1755313208
36717.5701444895
36767.7229352473
36784.7312616235
36775.4602788296
36766.7399733763
36750.2711574235
36785.521159381
36773.0200639817
36791.3232919075
36744.1968841434
36724.4568526234
36735.5003416782
36722.8187284757
36733.8772163746
36717.0870696343
36748.5639301008
36756.9300316808
36736.5858264655
36719.1011552943
36716.6812565417
36717.2466594432
36760.2503362568
36736.7866661742
36715.4615035106
36754.7071858594
36776.6278855113
36753.9540088043
36714.5035156034
36760.1290270903
36769.4917572407
36736.5859025511
36816.2392784159
36810.7749320336
36773.2468723443
36705.5800400547
36780.2867428753
36741.3595416389
36753.8323058796
36774.2206295369
36806.5564686643
36738.692410001
36741.7097730162
36757.6406816647
36721.6448723631
36736.7987930334
36774.0392478791
36782.1403917916
36730.8446840697
36712.4940899428
36776.1731313061
36757.8805774216
36731.4341166314
36781.8132009564
36747.055611356
36749.3847955033
36758.0832738651
36754.0320037481
36732.9980278306
36726.6179712783
36746.6192609311
36764.7076122038
36740.9643255666
36742.5494811478
36820.9469098724
36722.0458099271
36770.0133426633
36734.3687009783
36772.2305102321
36755.464715141
36755.9135080405
36742.2049927299
36740.6844945218
36746.0983996634
36752.7173043712
36789.5784287813
36740.1925317159
36771.1360547106
36745.6891789871
36842.2575836189
36834.3748663551
36722.5968368067
36734.3447980294
36766.9186509964
36748.7633107295
36739.7443387251
36695.9450958673
36745.3981632377
36741.6990749675
36723.8491515125
36763.1266838871
36736.8775507363
36756.3080389646
36726.7116919858
36782.7783309824
36782.8531928998
36726.6018463955
36741.4174824843
36740.3533311022
36769.4746830256
36772.299309005
36763.1185693515
36764.5399199909
36793.6264762378
36783.3420240982
36750.2370312668
36773.0148231918
36712.9717116099
36763.2851002875
36719.9308240667
36743.9711796585
36766.2291216931
36797.5987582461
36716.4008133512
36774.4413370863
36755.0151934638
36805.3141458286
36794.9434679257
36749.4640381051
36726.0857479124
36785.8755296156
36758.2533419489
36760.0088926701
36719.6644995973
36714.2331411047
36761.2626026147
36782.1355032729
36813.3261536163
36728.8246782484
36785.3815161458
36808.1192862353
36750.7612717907
36738.1582654971
36746.0003517008
36745.9569041915
36738.79706701
36723.3833100725
36748.7747536138
36785.5025146032
36800.3125454661
36756.4209971677
36753.3297116781
36735.539644459
36732.7562517162
36779.3785023175
36720.8704821005
36837.8904828067
36740.5220074911
36733.3098533642
36752.5091086639
36768.3972683813
36747.9447403794
36777.3118095697
36707.2654602199
36773.0497829563
36768.1150536248
36719.6049540208
36740.3178164866
36750.8036053382
36759.1240251934
36693.1364908999
36742.0452578662
36736.5305015586
36709.5039571939
36768.232370871
36791.9150404597
36764.9709245224
36748.2407345224
36776.6732982172
36776.9698247404
36704.7813212523
36775.409330648
36748.6720930688
36787.776869006
36710.1963725901
36777.7159970285
36797.1566934213
36754.7657355789
36728.4757370334
36772.0687493581
36722.9027576393
36738.3826801227
36726.250812541
36732.9036174235
36798.5656891439
36764.2454105304
36726.8429356772
36740.5068272878
36773.6441932791
36763.1930318227
36769.0785409076
36727.7385265218
36730.4838975337
36758.3648637429
36763.0229313291
36784.9612747609
36770.5000629547
36807.0306803329
36803.4837142977
36789.578250568
36801.4417674003
36741.2727282663
36750.9108925854
36748.4395084831
36737.9021927631
36743.7198430752
36728.2275672404
36783.5535484994
36756.6683941977
36780.4487570473
36740.5188942208
36765.5103868492
36757.8467254212
36760.8972466763
36775.3239469816
36808.2552992272
36734.9962475802
36729.5082355837
36773.5773775665
36782.6278410692
36730.8203170641
36767.5502566859
36743.4883372152
36739.1276380643
36757.0619863838
36760.0167472372
36802.8964618624
36765.4264577772
36756.1162425632
36763.0204222299
36745.0106355253
36752.7825014363
36745.5986901393
36766.5622637087
36735.8020537534
36747.5845169047
36754.7043635113
36769.8391365283
36729.8527235902
36761.8722195407
36738.9215318847
36781.6727260306
36739.7389392712
36702.887999721
36854.3320822887
36748.8485952709
36760.9154580511
36774.4632811107
36740.9624586915
36759.8761672241
36725.6854115645
36839.1476093249
36765.5379236027
36719.4054818303
36751.9310753276
36728.2694829497
36779.8086478673
36767.8620159194
36742.3646813935
36744.3134284062
36752.0961201103
36754.5795760809
36829.6835993235
36736.7581054559
36748.3191937612
36727.958603852
36777.9160523049
36741.9605124348
36739.5447803997
36737.9341030254
36781.305199273
36759.8503710733
36767.3007902661
36760.2426688016
36740.092462602
36751.5847617705
36769.066933788
36717.6716597465
36792.7326637167
36722.7065960114
36707.3197555115
36800.626450108
36754.4395447917
36733.8702314868
36758.0254786264
36777.8936245538
36732.7600318692
36744.8745173664
36778.4897181388
36771.9688106033
36728.1876597991
36760.9156309874
36758.1284591417
36718.697825332
36741.2832904757
36698.5836945037
36765.7261604864
36755.0696671406
36703.4014838376
36792.3050357207
36744.0338402269
36761.3593149512
36779.0877872459
36757.3047131463
36722.5462332109
36727.9854814608
36747.463591533
36737.493098706
36716.7442248588
36769.3178908841
36752.05047476
36713.8055353759
36802.6961959751
36776.8379494948
36756.3349085861
36724.2265447725
36731.020066812
36756.1845799068
36771.8644083726
36740.34746
36729.86972749
36764.3786498718
36707.6230913203
36719.4969980908
36808.231547045
36777.2257110797
36723.8375712193
36742.8099392626
36766.3708866581
36844.8346382676
36755.8741259571
36745.9436467776
36763.8980801935
36784.8212474413
36757.6308129246
36734.9465181417
36754.3192848651
36719.8893953872
36758.3370335603
36728.157985214
36732.8035420328
36779.2330401603
36747.5948392187
36813.5259141585
36750.0941289002
36772.2085241694
36737.4525707418
36712.2706439315
36740.0914223839
36765.7465754555
36725.6817434348
36750.6714974025
36749.8157269519
36777.1083676162
36756.1696182987
36760.8032452984
36746.2817854944
36779.7266261168
36760.2705535316
36747.434655067
36732.6349424676
36745.6608657706
36792.2516883986
36743.7025577743
36745.1689908416
36771.8873614645
36716.8359071827
36709.199844367
36728.2557655837
36756.6190583988
36714.5634655096
36723.8445561314
36737.7629214404
36713.2599737351
36733.7791317291
36783.5783589544
36765.3656573496
36723.3534116629
36806.9302634258
36727.9943208621
36761.4754265266
36731.6949529202
36757.1826938425
36741.4648120683
36728.5543057166
36763.4028556002
36755.9094204949
36768.376702792
36731.746869526
36718.4248987178
36773.6471814378
36793.3650321257
36828.3119601975
36720.2350228778
36720.101492616
36767.2170703312
36789.5192581791
36745.6257741015
36733.3595796375
36791.2485786042
36758.1973253636
36749.410609148
36724.0250311928
36781.334907019
36823.8056123177
36772.2829267519
36730.9548623579
36746.8005577186
36789.4105626682
36782.5714501884
36793.7833817328
36754.981002015
36744.9246121092
36735.4783001401
36722.9346107203
36696.9654048525
36794.043058874
36756.3414302871
36720.8147474091
36760.3219025697
36794.1418184365
36735.8908587712
36708.1534008739
36735.2089082894
36709.7770639638
36763.4938831981
36755.8849179241
36753.2308568529
36760.6382322238
36764.2958435574
36745.421092591
36738.3270644869
36735.2246031423
36774.204416792
36725.7661183272
36762.1560434365
36772.8163009846
36762.6824550714
36737.9804350199
36739.125170126
36751.5287811462
36745.0876412893
36725.5652483678
36778.9955480095
36739.4524579159
36753.2100367903
36773.7761287786
36690.9095274635
36737.9495383944
36744.7542116074
36741.780773454
36761.398493782
36749.9249698518
36736.1262247316
36762.6858464271
36737.0925886888
36745.6787118344
36808.558660472
36731.067762302
36759.5241300327
36733.5939551404
36734.7784242824
36769.6634573876
36777.7616711372
36739.1398830718
36797.7758951305
36749.7105771912
36724.2591655801
36781.3977891369
36721.6237440652
36790.4738685792
36747.0444333372
36790.790663792
36731.2180137494
36769.3468104239
36786.3276359646
36779.0542671768
36745.468526829
36718.9646588029
36741.9062218086
36739.14078247
36706.6830486432
36721.3996700654
36733.0694005712
36737.4998827906
36772.7468763022
36776.0225622384
36742.5111248979
36748.8458407788
36747.4718279961
36768.4591410051
36798.9147528867
36818.9045080945
36789.4216084715
36756.7163361322
36760.9290915231
36809.9424582519
36734.2352136846
36737.8722908114
36771.2607855737
36773.574185977
36739.7977665143
36764.1229710096
36723.6950761161
36790.949028199
36737.7879089196
36725.5302426014
36733.5842476205
36714.1608104659
36754.8945214559
36770.0425444156
36737.6562380925
36756.5612954757
36748.3294471609
36719.8395670241
36732.5385288327
36755.852759364
36730.6098086876
36777.1992009813
36748.4645890646
36708.28004903
36777.2320599094
36752.55237668
36746.3621832471
36748.162343676
36768.8778619448
36753.9478077238
36771.3426237393
36715.9860815695
36706.570757768
36719.9519319922
36790.9499444313
36853.4050508412
36738.8023930886
36785.5262984017
36770.9508583209
36721.395332103
36794.0336360482
36759.1566863911
36796.3866867981
36751.8183445311
36766.5723413118
36749.7054539939
36785.7666457953
36716.2650083426
36722.3915082224
36710.5865267729
36781.2267576451
36706.8431931011
36764.5516548163
36755.2414729971
36721.1002414885
36762.7042334903
36772.3397624797
36753.9835571876
36757.8429620319
36741.5567989774
36733.9485424251
36729.1102031127
36724.0730185398
36793.2041101999
36734.5158760654
36735.9623825905
36731.9175796519
36789.3202031032
36731.967240337
36709.7311053858
36719.136194125
36760.0314039815
36770.7628549463
36737.2056803342
36756.470608014
36773.9817292927
36727.9293568409
36750.5847197432
36819.7092915612
36754.8495712168
36773.8995399205
36742.6124213798
36779.9658137709
36744.2005575599
36760.4875519847
36744.8519624854
36733.2754062455
36755.4825397516
36735.0776230808
36690.291651669
36771.7453705378
36730.4802776838
36769.3575529033
36685.2017296138
36810.3082497192
36722.507486199
36738.1422781709
36722.2429826927
36729.908689905
36742.1940621586
36714.9201396642
36807.2043208584
36701.4152079592
36737.5243834847
36787.7570575206
36717.5260050285
36745.9882511218
36741.8526285841
36784.2966813167
36754.5732762415
36776.8830719497
36793.2159808667
36731.1489736399
36722.3435382865
36714.8615701871
36792.0114992844
36765.2999972341
36751.3362568237
36779.8145012757
36729.0148780478
36735.6095380066
36738.7082819488
36801.6977703133
36789.1396320636
36741.714960153
36714.3817262842
36733.5078530258
36736.6803275737
36743.1018145778
36791.9396480978
36809.7247684738
36792.9179909354
36736.6748305749
36734.6434031111
36791.5345381135
36746.9736207612
36764.3071398353
36748.4695537241
36734.4832885209
36709.6965786575
36734.7388931045
36722.7748920199
36729.6878138573
36776.2436702957
36839.0513509948
36731.6069131514
36759.4703283328
36799.0764417273
36739.0573182123
36713.1288926062
36705.7875267159
36745.7009666701
36765.1672515988
36753.3666337668
36702.6833802004
36806.1668742628
36724.8364174479
36780.6403496521
36767.1333036231
36713.2399388638
36797.9586393652
36731.1907123723
36745.4325641203
36752.1253667574
36711.2150895914
36756.145128579
36751.6145966061
36732.7671356155
36733.9600149654
36754.7705392418
36743.8769126172
36759.7021388384
36711.3340216453
36747.9255243756
36737.1224397668
36783.2914461314
36793.0225580809
36780.4238249616
36716.2253564107
36772.9507840796
36778.8508247042
36708.3800070752
36748.6045646466
36728.9293075227
36748.564647032
36765.2502914161
36758.9432613516
36747.1929314401
36729.1694368032
36832.9873550754
36718.536602507
36741.0261428162
36782.6502478479
36801.4968077056
36785.9005531974
36782.2001085988
36743.9420625893
36750.2366173812
36813.0226665224
36750.9714641277
36788.7393660493
36764.7490309764
36803.5038097961
36741.3531026016
36748.3672956802
36771.5316968336
36786.0828599958
36750.6388867785
36747.3865190831
36782.6621181774
36761.651295954
36807.7112825423
36723.7487998923
36777.703428529
36773.6384923684
36709.7970193611
36760.1772135009
36727.4213309954
36760.7133810535
36720.2608951916
36795.6380520892
36761.3917661031
36760.34766892
36745.3202488606
36739.6618678478
36818.9939586225
36789.9482788599
36790.7783343308
36860.3502307643
36732.3721993659
36729.4318278445
36741.7211969787
36747.153841819
36685.8384720944
36740.8282066868
36836.874649412
36795.1430239626
36756.1478032215
36786.1056216146
36717.4522906593
36705.2356200791
36720.9704152845
36752.5083662508
36724.2570746651
36770.335814637
36751.0143613033
36745.5301824921
36728.9473345711
36819.3179005272
36747.9221668943
36781.2127855035
36735.7843442134
36738.0819396921
36734.1298947059
36739.2749480443
36734.8509089951
36777.5378337971
36810.3035880929
36747.0167525859
36806.4066361281
36744.669421901
36719.1069174455
36775.2483578698
36733.7573111022
36758.6855072778
36757.2788169208
36753.1203461107
36806.2866135176
36768.2789551597
36751.5125101392
36714.1559563909
36721.7920085643
36736.9932813467
36710.9707871666
36797.2039878375
36761.718269928
36726.8408066583
36783.7075567422
36750.3599251767
36751.805160119
36743.5951637185
36762.6851378026
36714.2310525087
36735.8898367274
36750.5458331255
36760.9753103779
36764.0565236022
36796.4369610694
36723.6603699503
36740.944740496
36734.9312475323
36724.0060970212
36768.1580963364
36712.6638358698
36730.2120500887
36753.1307985737
36771.0735893708
36756.0862701532
36812.1515764065
36830.886844644
36796.8574156707
36721.1296983726
36808.2902951315
36716.3255822945
36796.6981662393
36778.721187193
36738.3142962332
36780.6611865138
36731.0404378583
36725.6605941858
36722.7059226431
36838.0046933483
