36730.7248989511
36724.6432591297
36712.7902564126
36717.2509390877
36715.9305467132
36737.8517064975
36729.0346173379
36715.9925902499
36722.0097945599
36738.6756500014
36710.50735359
36719.2206795164
36721.339923569
36724.5878552452
36744.5412202713
36729.1258038283
36766.021947143
36713.9707626038
36708.4701658581
36718.7459471969
36753.9831569272
36721.4551752661
36724.5184853756
36725.8476965032
36718.6638078094
36721.9186555848
36713.4781874514
36738.7343330944
36724.893377078
36738.8700924765
36715.0080359494
36762.9566062595
36737.8511686939
36729.2535890919
36714.7066673367
36722.6823245941
36718.3151098299
36722.9290938345
36715.1501379447
36718.0455078457
36716.7458002954
36731.7573095435
36716.7330375715
36710.5439264463
36713.469023385
36715.9590323011
36723.7939913446
36713.6189113577
36720.6038621137
36722.5769509225
36736.8865869957
36721.5583501732
36735.5253673315
36734.2746195008
36734.0216791111
36709.0224244793
36721.6953479325
36729.792555147
36721.0649193944
36715.6397970706
36714.0451177731
36718.030529472
36715.3626680104
36722.3274132723
36737.1596342803
36714.7457115297
36762.1394236022
36734.0090889834
36724.0164821534
36725.9689805278
36738.3228993784
36718.4436148458
36714.0358832502
36718.0614703099
36732.0713009408
36710.1917261644
36728.125378441
36725.4321218556
36764.0602869241
36735.6472102247
36720.6793789346
36728.7333638641
36742.9531953062
36746.2101797743
36728.0138542495
36717.1996024565
36723.4732331975
36732.6795344468
36718.4945080329
36770.7361613853
36716.3302715665
36727.897433927
36715.4253149773
36769.025179991
36713.3929345516
36711.400103188
36721.1342532106
36757.3271173031
36721.5374867577
36708.9216367074
36718.0345752421
36754.6462710521
36719.7463952699
36718.61012473
36724.1821704169
36739.2194324806
36736.4738539476
36742.8717820298
36728.7885271182
36723.2520142553
36721.3209727303
36718.7597257424
36719.5964327028
36711.3546494504
36710.9811565329
36737.1624793798
36733.6021361003
36727.7158122178
36753.4643741747
36749.9981124803
36717.9670590048
36722.0370220389
36719.8662576292
36709.7471987386
36724.9129615161
36715.9037511863
36710.6966515282
36733.1399201843
36717.4868134654
36711.4097656834
36718.7562993464
36758.1901554445
36721.0005924896
36716.6708885505
36713.4974684433
36727.8663109495
36732.6203553949
36726.1354452756
36715.6572091605
36717.255146944
36730.3388685535
36726.0994722456
36710.9530213033
36730.6261224218
36720.2292811897
36710.4490251746
36717.222122147
36721.9610103187
36751.2406714121
36723.9535517757
36717.5187222624
36711.2126016087
36751.7019759419
36717.1472503047
36727.0447367048
36743.2163872833
36719.7488055283
36723.9231156063
36738.6509652756
36721.0787371367
36726.3872755072
36766.182750619
36738.6405577179
36709.2177181581
36716.6715706249
36710.3413930722
36721.1486865123
36721.2727479776
36705.7804477952
36722.942551065
36746.9297968759
36715.8732904588
36737.5618537696
36728.192204128
36758.891398881
36712.6660735074
36708.0479461211
36733.9950557039
36755.0354914668
36715.7951263305
36738.3650274696
36702.9972780859
36727.3708863941
36713.2965799116
36728.0613745613
36716.2097291407
36706.388945495
36756.2827328951
36725.9238671977
36725.9966706788
36716.7708694982
36756.0882905832
36733.4197709644
36721.3117855453
36718.3153469869
36730.9324109628
36742.2017280156
36713.9218125262
36730.8461039403
36718.1606309079
36729.8708285298
36720.9685545006
36739.0425542267
36715.5925990339
36720.9473409797
36735.6390280759
36727.7569058739
36733.1849229057
36729.4660382329
36721.6426622599
36712.9412218693
36723.1457085638
36728.3707768343
36722.1240038904
36726.8112805503
36731.5165181343
36726.14495961
36721.6524042868
36718.3208175657
36733.0179268084
36712.4737467552
36721.376659825
36723.3962031159
36742.5396639914
36724.379738227
36748.948089774
36729.5511366386
36722.780654119
36737.471434916
36714.9327874896
36710.598147061
36718.7080755997
36725.2111477201
36731.3797581548
36719.4675196975
36713.6588445184
36735.0813239645
36723.4660297468
36715.3500873098
36736.1557252512
36715.628249985
36723.1425423168
36722.2162559441
36730.8175264024
36711.8258336923
36724.6829405421
36722.2047626218
36728.50286355
36736.0423786285
36702.3763739052
36725.3385430998
36721.0053692749
36719.3649508946
36749.5846208127
36724.3641873338
36714.5430882085
36729.2699443565
36718.419769573
36721.04804101
36706.0208712991
36714.0808110118
36715.7865783819
36733.5595692333
36727.580255806
36722.898638678
36712.3040474589
36732.9662000911
36719.6850893812
36727.9083584104
36730.2734825987
36720.0480233554
36718.6637444527
36724.5956863536
36718.088700101
36736.8289978056
36733.1297138348
36724.0852270609
36715.3777344672
36732.1387518199
36757.8285059905
36717.9574547413
36728.9647083074
36717.0787659721
36727.7791950096
36752.0402792888
36719.5438586026
36740.1645467113
36753.5670885402
36716.927432408
36709.1259392465
36724.2111393676
36721.0332018756
36726.5031815109
36766.9659192937
36710.8526139432
36706.923326635
36744.7428825519
36738.2695360707
36725.8458005849
36720.4015228133
36745.3788677395
36720.4043356044
36713.8327782958
36707.5399897948
36715.9274746589
36729.4457383544
36719.8767329212
36721.78261929
36726.2527537974
36745.3441999704
36719.1029776797
36708.634249287
36710.9268383941
36719.5153238448
36725.6075745611
36720.5033405841
36713.8125018927
36714.4011543911
36733.4743583987
36723.5099669702
36716.1476738348
36726.134114174
36742.9542913827
36720.6765810945
36733.3478045429
36722.6567101775
36718.473414301
36722.3775374577
36715.8314217888
36710.0857769646
36740.1537832428
36714.3320035626
36723.0761874567
36718.9584726805
36720.8267230692
36718.4949219208
36713.0865166622
36720.5505679686
36709.9349717559
36724.4292278694
36724.4713806032
36713.0507716143
36719.8466704786
36729.903042739
36709.7123691622
36719.7012043486
36747.8790362534
36735.9998869108
36737.108402235
36722.0692602813
36728.1046384363
36710.258471945
36734.0274580949
36714.0826546139
36732.4794144231
36713.7843582782
36710.2065743318
36756.0453509424
36721.3172661434
36709.9083664169
36719.3021203126
36739.1751157819
36723.3433735198
36720.7808262893
36731.6589216629
36724.8664828708
36754.5042181629
36719.4561840266
36721.6692598914
36712.0479432132
36711.4217207837
36716.556765715
36730.1023449362
36713.045693419
36709.3728617974
36728.7574290725
36743.7168093619
36725.9421989121
36727.7745183345
36723.217764216
36724.1819586163
36726.2865593238
36734.6311614939
36752.2749985883
36740.46224463
36745.3531007783
36727.7462677486
36715.6632141765
36718.1199317108
36733.3342679459
36721.0175952095
36722.4360590101
36718.5782114641
36719.791060459
36722.3454567849
36726.6480017974
36720.114907872
36723.2336645403
36727.9358414246
36760.4543290618
36719.625366568
36719.4972380935
36720.6410096038
36709.1093168331
36710.6364983126
36730.1306563788
36723.6268013877
36716.0497302389
36728.1740404104
36723.1248611841
36719.5019393677
36721.6485989271
36728.0215102189
36725.5760444988
36719.2672367644
36725.7874339152
36716.942816422
36725.2398012143
36715.5523701174
36714.65951039
36722.5627892154
36711.00743247
36710.043517112
36738.5773116244
36750.0875990886
36717.0366607041
36719.3114263361
36757.4629177131
36728.6402057706
36717.886043915
36729.1226760623
36719.3966783563
36717.6854697285
36715.0362448528
36714.2389019733
36735.639378399
36760.3371600689
36718.6134878558
36748.5337223911
36733.8884617136
36718.4617466234
36725.7593022699
36724.4154182578
36724.7988821202
36720.4129925191
36724.5673126125
36730.4487305468
36707.8950351418
36711.4769237915
36719.6805413333
36732.1621667169
36716.5130350817
36731.8193767954
36727.4725108211
36732.1629015545
36716.9857374707
36723.2978201239
36714.9579655439
36713.9415952181
36705.4921247706
36736.3094577089
36727.6962497417
36740.1621676368
36740.0931626596
36712.4445135534
36728.8838112122
36705.5048878009
36708.2498333533
36720.5494297392
36732.9956193215
36716.2170538376
36756.9184845457
36757.9963037916
36711.8020213078
36723.3676787288
36721.1826714586
36704.1693017097
36733.4226510838
36724.214066552
36758.0252112716
36753.7570946019
36720.0403713804
36717.950837726
36731.9476832751
36720.4682193856
36730.7788525853
36727.9033624118
36725.5824700214
36725.4978169864
36717.1387857804
36720.3562472674
36735.3780910484
36738.2361536495
36703.4124611984
36713.1913606691
36756.3806395586
36727.3618713285
36733.8306538534
36762.6575009421
36717.4354256009
36722.1210493011
36719.3059739697
36720.8050911609
36712.9096143458
36722.8762686317
36717.8099706414
36717.4032485559
36756.1861993672
36738.2766214693
36713.813877221
36726.9537046216
36719.5622314365
36712.989185872
36723.1374091873
36717.0273799721
36738.6123942714
36723.9500735961
36715.8332773681
36723.0867063164
36728.4935787304
36717.7204355025
36727.516968838
36719.7795552915
36723.8963100639
36711.8696440288
36714.4517384277
36711.7366348095
36734.3783331228
36715.4620683672
36714.9929477125
36717.8945995868
36704.5917914236
36724.1594404841
36715.0479114413
36726.550393251
36713.4986141971
36717.1036283377
36724.3285871384
36731.003945844
36706.3283247025
36721.2049685188
36741.5569880945
36727.4192370886
36773.3044238865
36710.9265986364
36722.8523187861
36696.3280807722
36715.0991221416
36718.1143895841
36711.121926079
36714.8471221763
36763.2674853073
36719.4753280751
36717.7584660663
36709.8204920449
36720.4869104854
36803.6330998128
36716.0259090914
36728.124353792
36718.1504959431
36746.9774133853
36714.8425521835
36728.4777407526
36727.345385201
36739.9673143709
36720.9636940765
36708.8566046765
36713.2121364596
36707.4518544137
36718.3741009368
36722.9667099035
36730.7977080468
36738.5397249489
36720.0699297819
36718.0605638981
36718.4109020912
36717.4447972984
36726.190510441
36750.500271059
36745.0143686864
36726.0162436093
36711.5597328961
36742.8301169472
36718.8182882308
36716.0653374947
36719.008171409
36741.2033403531
36733.8929949769
36712.8275246602
36727.7519931338
36718.2503672653
36738.2064536341
36717.9500851121
36723.0250637111
36718.7291259177
36712.0126408694
36721.7713527799
36740.3554670622
36725.7701388314
36726.1411192088
36727.5421115327
36729.4668681113
36755.285929789
36708.4609209818
36713.46137906
36708.0925211412
36732.3221329922
36740.9549448038
36718.1857780999
36714.7443723958
36728.2733990129
36726.8806484525
36744.4029106186
36717.9926964706
36732.7934039318
36731.8581445043
36733.878198488
36746.4269550149
36720.0647476889
36718.7971660776
36726.1466019391
36720.3827638346
36714.8234558761
36758.0006074948
36710.2313372152
36729.2628993962
36714.563462106
36756.1794252129
36737.5671809935
36713.6476838315
36720.7449521902
36735.456898854
36712.091109494
36730.4180571325
36729.9414052519
36730.9435827206
36718.8781254056
36723.6174885718
36731.1304277993
36732.6836527793
36756.2395808861
36720.3460641359
36720.6469398746
36721.0771876831
36750.0399624414
36716.1919437476
36740.7697696724
36718.2628275765
36725.4577415052
36763.9297575081
36738.1050583924
36705.9992825805
36750.279199787
36717.7743187416
36720.8340546766
36720.6327978659
36766.7132403809
36717.7571619592
36720.7336975412
36747.8853959457
36723.2231525682
36730.308082509
36714.3432703024
36724.2968056903
36738.6923545431
36737.6956114197
36718.1531000138
36712.6118275231
36725.4343648694
36711.5455709952
36714.9464221908
36720.9101346205
36722.8308564979
36716.8807745969
36710.3513243902
36726.1956999716
36726.4429151635
36725.8602967138
36724.6048342955
36717.3273891295
36720.5029869322
36713.8254099552
36725.9826522891
36726.0635663973
36762.3311317961
36737.3783811992
36749.3254187862
36712.0626398375
36717.0174009991
36720.7952530912
36738.523708499
36722.3288279993
36716.4857247684
36712.5085595875
36726.3586261052
36724.0316948
36748.9956675839
36717.8899956674
36747.222744575
36730.7177742135
36712.3326038455
36736.4732286945
36719.7281817778
36720.0995924412
36710.7186130488
36725.1574748922
36771.2619666919
36725.7135674125
36721.4360583143
36728.3902453546
36732.8364691377
36755.3091722744
36710.6145940284
36725.1459149763
36706.8634607624
36711.8782652309
36715.4779664232
36724.7486626513
36709.4169550345
36723.4084630223
36724.9442906918
36736.872451384
36729.4452278265
36721.7685915543
36744.7423005325
36729.8519751799
36717.4487769475
36721.6151916094
36729.6655878088
36718.1765097036
36725.202502182
36712.8933317672
36722.8239149355
36724.3052088814
36756.8085990711
36713.3184824837
36713.3442135082
36723.8245707059
36718.0110091339
36718.1303994947
36722.4520422144
36720.4002743499
36721.778561234
36720.4150517707
36809.257376238
36729.6105992875
36726.5743340253
36718.8836658643
36726.0656293015
36733.5979686463
36719.1817488294
36713.4585996653
36711.8618866873
36762.8231334642
36725.0257944852
36719.6085210629
36723.1781991559
36707.230634379
36711.0834497224
36714.0178650001
36715.1115234299
36713.9908426582
36722.3945666705
36722.5770027029
36744.611480018
36723.8550760155
36751.8552776329
36722.933273821
36716.5313933747
36739.6888881441
36705.8386391349
36756.9819947484
36724.156413509
36722.0931954854
36719.4373873214
36732.7198126471
36714.3742172703
36737.0119978041
36728.5823478286
36716.2173274032
36714.7324695089
36732.1852683812
36719.7383688726
36722.9682464586
36736.8630350965
36710.8852625269
36715.401407586
36736.3579572534
36715.7246975621
36707.0633034412
36712.9267695806
36719.1294265812
36729.6793293165
36703.3598679063
36721.8944475946
36720.6218968717
36712.757425465
36727.55514585
36741.896426521
36719.4070000842
36767.9798145534
36733.1940798611
36745.0199758314
36712.0546100954
36700.1341781597
36721.3716321322
36713.6818760921
36713.9057805075
36722.0423390174
36736.9470234077
36720.0995875923
36715.6551431161
36719.4444206329
36724.7744355281
36725.9531276679
36718.1347574402
36726.1573299819
36734.1381912316
36723.2128034093
36711.5792713579
36732.4060493639
36728.7654187273
36748.270439244
36717.8224952181
36734.056958826
36726.0826718433
36722.4385764066
36714.9568574329
36715.0943285212
36705.1809490097
36722.2885674368
36746.7236881933
36740.2683367225
36724.7838440506
36722.5588190422
36725.6520492871
36716.4456794906
36720.8370695717
36752.7012212038
36735.3786341185
36735.2550283631
36724.3495498767
36730.1342099824
36719.5544368936
36729.0703914566
36723.3922476598
36714.6672302355
36711.9584272875
36737.2184386988
36721.3798716291
36723.5762672687
36718.0441711315
36726.5363837623
36732.1673066542
36727.4306597756
36718.5689679519
36718.0363302378
36722.1101277049
36722.4132106966
36726.114171938
36723.7194432645
36730.9928419941
36721.4549087755
36734.0449709799
36728.3679577783
36729.5631446642
36742.0490786892
36713.7963536542
36754.2123019673
36734.6338776272
36719.3370887288
36766.5770867215
36770.7569171763
36718.2700021632
36715.8804889779
36712.7080695623
36727.8130802719
36741.8176357537
36721.1328280495
36730.4617476047
36713.0177450066
36711.0669106444
36750.1466129231
36732.4140257306
36710.8621019596
36764.3501259222
36755.9983473013
36703.3181369327
36710.9711742008
36737.3344253874
36740.4727611689
36715.5410082198
36730.9727676859
36717.0192352131
36719.1800784595
36714.7997424092
36743.1254792346
36721.1232625268
36714.0587263764
36720.9133123431
36704.9271690756
36726.1414288914
36699.7531052194
36732.8867966684
36722.9412969803
36713.3685231373
36722.9194015715
36712.5533488697
36712.7370319282
36733.1438674774
36729.8958202687
36722.2910800465
36727.8618894173
36726.1157379065
36721.3276225551
36725.8616917242
36738.0914948666
36719.4623788815
36732.9738305012
36757.1821496427
36733.63857309
36705.3920408551
36721.6211213093
36752.9665705222
36724.9114850608
36716.3894083052
36717.2530982675
36729.4744402255
36715.1477048133
36710.7843036889
36759.2977957008
36727.0272780633
36714.1101766306
36725.2760810026
36714.0542370198
36729.5654784394
36706.0602093874
36721.5013487845
36731.1297507179
36712.4032778256
36725.2423039363
36728.463310238
36744.6953964906
36716.0305242738
36717.1448890748
36726.2689104513
36711.9316510751
36751.2692427373
36716.5336688986
36720.0683711943
36722.1528181102
36712.7554298256
36716.0660387424
36728.5836169991
36727.4341638984
36734.7034828418
36714.8146962078
36725.1459394825
36710.1091041245
36740.2184813383
36718.5762813853
36712.1085456625
36720.2054417822
36720.146311593
36730.3628108588
36724.1844568538
36717.6652796508
36727.2672791268
36730.1596353464
36716.4304997558
36719.2447517519
36734.0674197457
36782.9715362329
36759.5724192302
36727.8865493991
36733.5764587152
36713.511115164
36711.4136105098
36725.5814725127
36711.374404811
36736.1917003499
36724.3922154426
36725.641625119
36722.8713209784
36721.237959761
36730.6663996075
36725.8865743003
36698.5865671496
36723.223155111
36738.1888349615
36747.7777173932
36716.8886500912
36763.3485465676
36713.0247386961
36721.63265084
36725.8448295481
36729.831757024
36724.3234356606
36725.731405051
36719.9948152719
