36975.8402794356
37072.2240641228
36863.2657304227
36985.2820870605
36972.4544665845
37002.7524286966
36869.5489306975
36885.4883319765
36960.9974205905
37020.2083382862
36933.4484938063
36848.3792019815
36962.8079308564
36882.8455279682
36951.6326453694
36863.8194397419
36905.4716456095
37006.7944385635
36829.4465200808
37030.1946609034
36906.5846378983
36993.9229941579
36967.9898210684
36964.4710177482
37026.3503423109
37009.6559869556
36920.0848806162
36962.2909469727
36949.7886865163
36968.0864165727
36995.0083541354
36961.0867972872
36970.4715241924
36996.9319940867
36922.4504558557
37004.7187501626
37000.4797239329
37050.4939199558
37022.4677128582
37034.5100345001
36984.0654636876
37008.2956747151
36985.9556767129
37009.576918473
36945.4589565963
36798.0499773535
36957.2433887137
36994.7070164935
36954.879354889
36964.0116984736
37033.3988690172
37064.2027689409
37008.1605292393
36951.5216645109
36945.3008007747
37005.7526908458
36964.220919173
37031.6326022619
37048.8687028358
37048.2391842068
36937.4963575283
37013.8417337204
36848.2358371107
36992.7933251694
37026.6798809599
37057.476275802
36985.5934106177
37001.2785701475
37021.2675723761
36997.5673438858
36928.6384901746
36910.5455005934
36894.0309240047
36888.99562653
36935.065740423
36972.1743469277
37041.9659028974
36920.9673150002
36957.8772424898
36972.5890552493
37015.4458935869
37030.9681919928
36976.6992085553
36948.9664955376
36945.9014988363
36986.1304361307
36976.4750751735
36984.8476758753
36861.890158207
37096.2554622277
36930.0166245578
36911.1271193301
37063.4205706197
36961.8874654274
36976.0509943268
36948.92860354
36877.4865065496
36924.9899604024
37025.5699300226
36920.1343890163
36968.0116142963
36908.0818269219
36887.5906469127
37080.2076794094
36937.2815619295
36966.0741809634
36950.166009282
36886.6435611667
36993.3871095762
36946.5509038083
36992.2124484585
37024.1564013674
36901.5905396157
36956.7855598104
37046.4940751646
37010.6122153932
37019.5055668862
36943.02116741
36967.5272115274
36967.8693816789
37065.6227249284
36994.331478431
37017.9384986392
37003.0288657055
36927.1481304599
37010.5630508011
36986.6890632199
36916.857197502
37094.1131888925
36897.7193046952
36990.2054370195
37038.0212223334
36899.2957859436
36931.2783784126
36973.7447894273
36994.1508937835
36951.8056596119
36879.0667759749
36897.1111299583
36961.884736318
36943.0640407502
36941.6061495927
37005.0637656424
37106.925683811
36944.4446074133
36962.9398414766
36894.2137218622
37009.2142156997
36964.1375829694
37078.8996830284
37015.7959282721
36939.8636010426
36903.9878481253
36922.0838909349
36961.4907258752
36889.3226825118
36974.6425311549
37006.0063759852
36945.573679594
36930.1717625648
37000.7999868538
37069.9793156032
36861.9160182285
36952.915080703
37076.3973578201
36960.9113804666
36958.0385279449
36960.0264483175
36906.5364447161
37052.2754479025
36912.0085634078
36922.0148466903
37034.3087450025
37049.0123209868
37007.0830570344
36858.6353791563
36851.7389662703
36969.1412875283
36880.8088645797
36992.0184313741
37020.3023759178
36882.2650556721
36897.7358642472
36933.6626190918
36940.6478228987
36928.3259080336
36958.2241892603
36943.0550032953
36955.7569981137
36948.9773364772
36931.4680401501
36881.542345407
37031.4455737341
36922.8667745747
36935.7545192111
36995.7460965739
37004.9645611419
37042.4339257247
36956.670447402
36892.7602261654
37060.1485149764
36894.1422616088
36904.5874433515
36904.2778763027
36982.523679328
36897.9667375155
36918.723548643
36876.8940504153
36993.2031577039
36988.3511335367
36963.7796398705
37020.222347895
37004.2687319858
36955.8914942833
37010.6773908368
36925.8828074201
36966.0515790976
36891.0159863096
36956.9426194033
37025.5407072297
36905.6930343583
37092.0915785289
37044.2743842801
37036.1488392765
36991.2357001359
36875.5004052911
36969.7713239877
36965.8986281744
37010.7745027566
36947.3985796993
37053.0582196492
36948.3315297185
37057.0136220058
36974.2704273085
36928.601158119
37042.9772232886
36975.5453728158
36932.0297847714
36970.1823008727
36999.4584273039
36991.1616475434
36967.7904711589
37006.1276692156
36839.9713210864
36900.0486073788
37003.3137372228
36940.5561612089
36924.1178730508
36883.4174498342
37047.2976582797
36986.196341346
37029.5752561305
36868.3629342373
36954.5145484699
36878.3240472392
36994.3956267726
36925.2041822445
36937.5701036364
36881.2025885155
36996.4697690459
36986.5968084919
37053.6190104248
37082.2307202197
36941.0629880274
37044.3197229633
36970.0051070642
36974.5898966193
37007.0377308959
37005.3776448144
36895.8343526069
36906.5714328591
36990.2686910694
36977.1455085322
36971.611432224
37042.5538988527
36989.5470801949
37035.1699292989
36942.1085696314
36959.1593059346
36871.9700633058
36946.6753900993
36937.4416887283
36942.8149438191
36896.4472397352
36919.4036387909
36960.2128719608
36929.9139452354
36950.5644961811
36968.4922462649
36985.2433068294
36979.2472351694
36924.1463360339
36949.379725961
37021.1118597479
37019.5416263279
36950.7827486894
36943.1922653773
37004.7352759143
36998.4676662433
37019.2015376818
36945.0820186961
36982.2896334758
36924.5205092219
36905.5192501947
36876.6584569774
36977.6181702004
36953.4201542379
36946.2794886209
36948.4137100973
36925.3071558528
36918.5847666447
36879.3344434247
36928.2100408516
36932.0926529429
36995.5866866284
37095.6896972349
36940.4638816212
36934.2663222805
36917.6935005416
36940.092865673
36969.0115853358
36939.9888170856
36855.990503222
37110.7497093727
36909.5934828197
36980.6618568653
36908.9397659481
36948.9360089943
36860.3274845734
36933.7114274837
36871.0038658638
36956.5537309196
36883.9495479093
37015.4368262109
36935.1516666285
36926.1395787067
37035.414446671
36968.9863381747
36969.8548910789
36936.4570266053
36950.8631501604
36892.8237751504
36970.7019139153
36898.7917224946
36930.2238199601
36917.3521099539
37080.2446287967
36924.9129719703
36939.6604331444
37082.2757859009
36962.6771636785
36935.4743219323
36957.5837064568
36864.3722269968
36873.6529681338
36962.5386614871
36925.8308064466
36974.939440208
36955.5353397526
36979.5350060001
36955.0595729491
36957.5215454773
36976.6605206128
37092.9735799929
37005.5091401929
36974.8236549764
36843.8850647567
36998.1950539984
36912.3136619393
36960.9696986431
36976.0566285828
36912.6378085399
36993.6254031006
37028.4341499681
36948.9302139911
36877.513853531
36873.1292629006
36938.249025882
37084.3741513144
36931.440022128
36916.4369221684
37108.98095352
37114.945691758
36933.941423039
37013.0294267522
36979.1882584279
36991.6402357458
36970.6931304124
36880.9918131438
36930.4691135342
36992.6801335537
36973.7615289252
37182.3229523751
37028.2044807995
36906.5310788055
36953.7069346814
37015.200274374
37016.0066447398
36887.0846122584
37040.9259762022
36982.2107192026
36999.9154105417
36945.6922613674
37002.1537294243
36958.4529617482
36929.3008334713
36978.6923002098
36963.3189187925
37020.7215063098
36906.861627572
36982.6041700767
36892.6111326992
37028.5950042747
36969.5120600258
36989.447094943
37000.4101635857
36923.6156656881
37004.2513476098
36938.8108886518
37079.6410860822
37095.5514084954
37043.1781441901
36980.1753123566
36907.8321153489
36960.3316805269
36966.6931149529
36939.9549738966
36942.1073644608
36972.6871959565
36910.1820431202
36949.7269025364
37032.7143437774
36996.2034442702
36952.7845085761
36963.8543080315
36984.2748315655
36910.2724972333
37053.26706396
36875.5447497748
37024.1091165469
37047.1574783559
36933.3868570069
37087.6739383897
36983.0596400555
36890.4004159525
36959.701247922
36930.907611692
36974.0606819911
37001.972071448
36923.1386326663
36952.9870567695
36925.6795879363
36973.5294504239
36994.7670672793
37025.8708228994
36908.9977390932
36985.0650841653
37060.0825663723
36921.692811903
36972.6410349351
36840.2212472089
36934.6441955897
36950.9480858726
36888.2513076479
36800.8585759947
36958.2807358276
36867.2445224745
36953.5954758608
36966.6670421239
36880.6504484856
36936.9915805654
36887.6223763393
36833.7683509327
36932.6650794358
36983.207189871
36978.1693590055
36956.4392605696
36943.2010807765
36948.33188832
36959.4708716361
36916.7546958286
36960.0326130151
36980.0387632584
36940.9763187679
36944.167987446
36993.2218948824
36897.7774920624
36914.0770415321
36944.9073243266
37055.9366444528
37057.2215531642
37038.900792665
36823.672098542
36904.574622844
36873.2022500583
36943.3905617924
37008.7440277838
36907.7969539485
36837.0028060376
36936.6715280433
37024.2949129199
37021.2741305306
36961.9499391085
37032.5185732432
36898.6962088453
36949.2570272632
36980.8295067113
36889.1159537466
37005.7356493971
37116.9827366159
37038.4551485498
37053.8433040666
37005.8035020074
36866.2906803843
37004.8741759786
36940.0689243102
36997.6471486262
36990.7500247773
36978.9033739525
37025.2808060173
36977.8753416567
37048.6160551343
36923.9650499184
36953.5990372297
36929.4138146576
36884.6103096915
36935.4208956132
36918.5060566692
37001.8744764974
36888.4379217624
36939.5074828204
36930.115226124
36957.280325987
36938.6525125717
36864.1527943975
37012.5660032961
37070.1666838941
36982.2842962674
36918.7985366474
36948.5588091437
36938.487747094
37041.4605216992
37080.5068183059
36934.5582279815
36980.615465768
36976.085335659
36975.4747830642
36902.3127753054
36917.0203524756
37004.1309033344
36925.5664219532
37028.9721880499
37054.4268249274
36981.1284177521
36965.5204619924
36967.0385563673
36980.3185354602
36859.9274677208
36853.9129437
36911.7869180002
37060.7996261529
37135.24617951
36977.0385528282
36953.0902801028
37046.3083496419
36966.7029565657
36917.7967691585
36982.353457447
36991.7965775828
36983.5491040345
36957.6888835645
36943.8087518026
36883.5715510777
36975.6116240289
36965.489920098
36948.4257717746
36962.3602942414
36954.6855639825
36958.5762838311
36944.1473522037
37047.0728516807
36949.3309371887
36958.3313426905
36951.4970146674
37004.2091245937
37017.495234459
36869.4615256069
36920.1782363366
37015.3415990578
36970.2332009533
37012.8995887217
36934.9478303707
36995.3663445423
36922.6763096284
36940.9249556837
36962.2230297985
36898.6362382606
37001.1805856072
36998.1885961958
36943.9874497156
36961.1757945309
36937.5030353332
37130.9465613229
36942.8364944732
36989.6600576627
37132.2314500486
37118.0287204236
36999.1027739878
37062.7867012768
36967.8078619814
37075.3312681489
36930.461715983
36887.4163216619
36959.4319319956
36967.1349022814
36889.9808109615
36962.9508370634
37093.221671045
36876.500091224
36914.9707320713
36965.9256553653
36989.4175738128
36916.3586205951
37024.2470055073
36895.7819411816
36984.8106000065
37005.2901165534
37057.0370768019
36967.6680176622
37047.346255728
37046.4302121276
36947.1907034023
37063.5150557156
36849.5682474369
36913.1103196147
37109.1131210567
36924.699491171
36956.7029646156
36888.1549661206
36993.9896080245
36899.461860695
36973.0775910675
36963.4321147063
36962.9979059946
36837.1032232249
36942.5037173765
36974.5822520899
36872.2350638087
36869.2243927212
36996.4960228372
36936.9818227461
36954.8840599698
36973.7155376851
36993.5292192365
36956.7376095361
36920.8246729556
36939.0583605321
36995.9907178609
36877.0398639744
37077.6480602431
36961.7826589014
37060.4204168548
36932.1907633941
36963.3388307192
36904.290622479
37012.9357680459
36850.0988494414
36931.0379084466
36996.5319220576
36989.0066313157
36972.2183972013
36910.9724897801
36834.3045741719
36949.0416461896
37070.0190051751
36979.437302901
36938.0728973223
37012.3685306698
37086.6857224939
36963.4400042134
36918.3161007477
36904.6477123746
36946.0041905563
37063.6454549965
37041.7349424162
36962.7092946038
36896.2668587189
36966.539196874
36864.8086158523
37022.6226883465
36950.1474196297
36929.6164963344
36926.2476257077
36935.6311629773
36858.0864046305
36930.4636072806
37026.1377498959
36900.1403017028
36993.3632412951
36997.8801298683
36930.5035709539
36902.9424661032
37094.7554648917
37000.6136599419
36902.1503972583
36953.1054948982
36991.3323866746
36978.8881232927
37007.7713864774
36980.5182497827
36879.8432211686
36921.9649121645
36943.0145947477
36880.2368913242
36968.731600516
36913.1638607093
36937.9995781992
37010.6269881624
36919.9698401486
36945.3253989248
37119.8541052663
37028.3971722052
37028.0448586515
36963.8857681491
36984.6565906801
36951.8399373729
37107.5310989369
36934.3603204551
36967.8969939944
36965.1765962986
37022.9515219936
36923.4856114683
36968.4239611338
36916.5829955568
36947.9176459152
36949.4063461383
36945.1279395354
36960.1381167856
36837.0720326762
36905.4186974855
36931.8457735846
36962.2196487237
36882.4808559594
36917.3256913613
36948.977749156
36837.3183021019
37000.7018054449
36876.0287844446
36968.6213057949
36992.3468480203
36921.5902096293
36918.8307606939
37044.0909591234
36943.2554717075
36967.941796049
36938.6157603731
36979.8495201578
36882.2892541435
37014.1410361101
37022.1910043973
36968.6819876138
37057.1323636581
36962.8673304792
36933.9002701907
36952.8837609705
36947.7678213586
36969.5697015746
36919.2504559
36878.2166817726
37031.0604568591
36895.9531698241
36914.6163874002
36833.9954691546
36856.5185189525
36883.832067198
36920.9242015605
36903.4345958889
37059.5789518829
36897.5259026791
36935.3750981417
37005.7010097494
36940.0401259651
36958.9017708205
36953.6341747839
37044.4965046256
37112.8148763032
36995.1130387199
36881.9433026981
36968.846659237
36988.7010028818
36945.2527404826
36966.2618232885
36997.0689620054
36931.2469206033
36918.3747923622
36936.2830770159
36999.918793223
36920.9023272782
36982.9072385399
36963.1177453616
36817.0318923171
36938.8634504935
36918.64947427
37010.9808469597
36895.9415772285
36922.912993736
36888.6179083474
36962.1931516934
36935.5197008608
36882.6619949531
36937.9180363089
36985.4490597119
36989.3527286971
37021.0892397507
36958.1706651203
36988.1466936686
37035.3363415117
36954.1527921969
36991.6032727551
36981.681764612
36904.6139931062
36944.6868631423
36926.2080943289
36904.2671852569
36928.045491467
36934.8065168037
36966.927875518
36992.0664141914
36952.7222425159
36924.3307644432
37027.4460809903
36977.9392631245
36940.3471115661
37169.681716143
36913.6395952028
37031.6194469886
36957.8349028772
36976.3449157159
36887.1282154173
36968.6412400223
36882.9664084114
36980.2508786446
36901.2502441028
36955.7146842712
36986.0766662992
36886.2161864242
36961.5088168203
36911.659860197
36999.9351440831
36961.911311862
37057.1794718952
36892.9689283344
36971.3759958925
37003.2539427946
36941.2231319519
36911.0569620175
37097.9950564829
36922.4518597884
37035.9854803349
36916.5471329463
37055.2103919648
36965.2504393685
37004.383026783
36997.5827041831
36963.0377649655
37021.2863592131
36991.6795221151
37083.9117677667
37005.4553108339
36967.599656253
36902.0762871983
36984.0421652876
37039.7819719541
36941.2666031468
36968.8029099278
36948.1047389168
36878.6594331123
36996.6657638171
36991.5140476228
36979.2395882013
37196.8482540439
36955.2782901798
36909.8269014704
36967.1188527766
36929.7479933356
36943.5932082974
36862.0668872094
37020.2629014643
36964.0889258589
36925.6290101341
37032.7393436809
36906.3884037144
37060.6226872977
36961.9001147764
37014.0271382207
36973.6288732677
36919.0378383781
36997.5822133921
36976.4149575165
37007.1482913563
36995.556275416
36924.9330163846
36960.3162503904
37018.7170709857
36994.1391478821
37139.7436668989
36895.1412964461
36849.5233581925
36946.6403357864
37062.8165480911
36865.8450092969
36885.726777512
36986.9264741575
37128.5801312845
36994.2937298967
36900.4659767244
36917.6638288177
37003.2054919621
36929.1873054236
36902.4543504721
36937.2033343624
36849.1779013619
36983.0064708655
37021.5008870345
36957.320193801
36972.8744658945
36893.2952206539
36903.3587722697
36989.3493917715
36957.8376087549
36904.2290366353
36993.5136631427
37012.6224033675
36947.9933961432
36925.4334508741
37039.5956076358
37053.5351740004
36931.4790754528
36910.5781458949
36915.6829235703
37029.9053327306
36977.6330162275
37016.4402998524
36913.6108640052
36939.816624443
36881.3171750698
36940.1208712315
36951.0508921505
36928.6245865698
36975.7455677777
37036.9331443035
36957.7485025464
36987.3444231817
36932.6406609311
36928.5450253661
36969.4962511046
37048.2549292674
37064.6933859436
36889.8279461419
36933.8970246084
36885.8090736591
36928.6709200577
37110.4557477181
36920.3008857565
36974.7865675334
36939.3770507768
36970.2330438436
36973.6684319087
37110.1998817823
37026.2387842926
36997.0905799232
36995.0232628462
36958.125618386
36954.3150006769
37037.4910782962
36958.1050667401
36997.1934776383
37083.0778619264
36992.7205109104
36933.5293023782
36964.1232669039
36935.6053929194
37078.0307610936
36943.1283241002
36958.1110011999
36946.0896860987
36995.6906632986
36987.7831054397
36903.8127821981
36942.2558171418
36846.3577443241
36931.4854353409
36930.0233410476
36976.8885433907
36941.2211428481
36966.5682802231
37036.967360988
37006.239513611
36912.3822224847
37014.2398455731
