36871.946078726
36807.9914733411
36838.9838943468
36854.7647658192
36890.3064107394
36873.026112351
36885.3908478002
36916.7712485038
36873.1184396055
36886.4871269075
36919.028822117
36863.0637962411
36792.4916152843
36895.1742410012
36912.6494063084
36913.8108245033
36898.7955831375
36826.7532933208
36933.9166002897
36875.3274799486
36813.165926913
36916.092555111
36865.8985783926
36923.3542843277
36864.2492510859
36927.3827917748
36897.9291960556
36939.6945447926
36942.1472914024
36836.3261772705
36891.961687691
36841.8963480502
36919.3175357687
36872.9422461618
36794.9629699882
36814.0075988443
36817.347802854
36860.6610095473
36888.5176222028
36812.89464877
36878.9614050957
36857.0408054134
37002.3548291925
36895.0482799926
36879.2644253282
36910.5953309827
36908.0587649289
36849.9474799176
36881.3976851372
36879.7159427891
36828.0768270107
36876.1234756409
36801.3553336512
36994.439289167
36797.5910434665
36876.0005887441
36845.6073885755
36916.923548118
36892.949706829
36881.2804702254
36879.6268457466
36936.4304474039
36880.6175480077
36835.5971952417
36802.7547056239
37009.9925050807
36899.5773481728
36809.4919151636
36890.182452398
36941.6381773159
36884.5783002239
36899.6566530195
36821.3835632604
36886.2732482324
36919.3974398995
36916.6072646075
36883.4113694247
36848.6899818192
36964.7694261206
36849.3277778956
36914.0305375428
36843.7639000608
36815.9645496662
36873.3281686975
37006.5005451231
36925.3878792681
36921.0712483987
36782.645161782
36928.1952467569
36766.6482054704
36878.1044957589
36903.2726478485
36882.7632118377
36902.9791685102
36907.9377324915
36822.5654846061
36874.5489186053
36876.24520544
36881.0910306747
36837.6034736183
36890.6614613973
36909.8630760849
36918.0669212797
36942.6983435616
36930.7478434969
36859.7080686787
36911.6250562684
36889.2504108995
36902.8789733388
36879.2591807504
36979.3547289286
36877.3922890554
36936.1640221332
36954.8867063645
36806.0049220902
36873.5422404611
36988.3939193533
36872.9795073103
36905.9355500982
36854.2501666186
36906.9131830943
36901.188356825
36916.1656876628
36835.8488985765
36864.1462984541
36845.0883928385
36913.9625448978
36934.2822203982
37023.4506100965
36882.7332125292
36872.7885224754
36849.0792254218
36888.8202648385
36843.7757407116
36882.1970762741
36849.5944924789
36863.6926189457
37021.5230358998
36930.9961434524
36963.5457862342
36927.0371633966
36818.6883912822
36980.5164565205
36852.0431524886
36880.096675094
36818.8466641268
36905.6481890762
36884.7105558893
36982.7192545856
36881.7676536003
36854.906136358
36867.2627392366
36857.2501566554
36894.0146145198
36860.2097871495
36849.3251585298
36861.9492711732
36877.9300700884
36847.9187801277
36877.2679103309
36801.5711124131
36848.9952077492
36927.9163336332
36888.3355421021
36851.5648962797
36842.0678837694
36843.6284824445
36971.6167168901
36923.497764206
36876.0970932422
36841.4193428076
36899.9940181746
36924.2328309216
36935.0749474851
36963.4631171255
36875.5750551926
36852.8739093229
36871.4831654331
36880.404721608
36910.8139660556
36868.4882403881
36834.236003558
36844.0240783069
36883.0651626566
36889.164965662
36906.4105769336
36856.811917902
36873.1279465131
36883.4973406443
36914.7607641145
36948.7638562562
36825.4352488867
36796.721335404
36816.9192162038
36939.9316469732
36804.533714735
36881.3575500501
36968.6714823581
36920.2064728591
36808.292266961
37011.5432038426
36883.2767326661
36925.318661923
36963.1419905261
36880.2588772663
36908.0602576135
36938.1183867037
36849.9224476723
36871.6998823609
36824.8093835221
36830.336287409
36843.5924571465
36889.9607189557
36826.424437632
36937.0325247781
36870.1698696216
36844.7457990721
36907.0114485502
36863.7056042407
36885.9824960027
36918.5381628496
36872.2116119096
36920.8683290466
36885.8272742065
36923.208197288
36919.2748994764
36933.7093118309
36898.9171558696
36886.1661487237
36927.4343333037
36794.2410675812
36878.4977389331
36828.9025737704
36893.5193764262
36856.3700133043
36939.3876849411
36907.7724470474
36814.3170124057
36929.4983334516
36875.8157654454
36865.7413019894
36787.678359037
36976.8137491947
36851.2379613982
36826.7243871507
36919.5615976037
36907.3748417882
36920.032596158
36878.1312277762
36932.8023334419
36965.3580617909
36833.3557851697
36816.7422053653
36865.3330555163
36912.663454645
36889.5732607845
36898.5422826616
36812.4028746029
36884.4972150362
36913.0352026012
36969.3559016142
36968.6034611429
36879.4328552649
36823.1591087393
36927.1823750563
36841.5658024448
36880.6902356237
36848.7736787145
36833.3281170055
36881.3345294263
36877.2187802102
36893.3655496723
36933.6848767297
36885.4241745638
36878.1664460927
36788.3532347338
36916.3834284986
36881.6630170193
36842.8138016197
36826.380746974
36859.9176743188
36852.6373731748
36781.3066075667
36905.0391914115
36944.5659651632
36954.1067087135
36773.3927551239
36948.9402089102
36885.1862737145
36944.5250111753
36856.878560224
36947.177015353
36874.8445352145
36845.3647844489
36963.7889713282
36862.246743283
36833.5385681662
36888.4462006206
36810.550218487
36817.6725943021
36890.5994895348
36819.7075501853
36858.9666269669
36998.1326397153
36835.2731369837
36874.5663218473
37034.216170113
36867.8657431799
36860.7232587665
36863.1305221486
36845.9761951387
36869.8131128968
36915.5628393321
36822.635075957
36813.7527628902
36854.3114682045
36825.5757640015
36854.4444035821
36926.7862430431
36914.7056504578
36870.5797639861
36854.7780751769
36786.7309912993
36839.8876573077
36931.5811521564
36916.8156968944
36875.3984655482
36953.8148202637
36869.361609186
36986.4450929689
36896.2838394237
36884.7033624543
36893.914793671
36878.7646755033
36864.8052043299
36864.0883291543
36830.4912300359
36833.0933948778
36904.7924833268
36959.0441625562
36828.8268372468
36843.5277533656
36877.6409277203
36966.8647568583
36897.1060954383
36886.4252792806
36873.6003276942
36814.6058487884
36782.404917845
36922.8715071576
36944.596662738
36839.4317505141
36896.0572965907
36938.082331473
37002.1715556385
36908.7273465684
36797.6512262916
36956.7336347915
36861.8663884067
36890.0335418649
36883.8294594496
36854.8319652933
36903.3765143
36836.8561508315
36859.4264934853
36850.6152826661
36798.4892423677
36817.8598745013
36946.4752729619
36948.5665862514
36768.9253781617
36962.967571024
36864.2207855751
36871.3704103093
36887.3588621336
36935.052562796
36947.4778980439
36861.8841706012
36932.3392430911
37005.1838840907
37010.7987712778
36910.961142972
36852.1503800165
36834.086517661
36884.2092326148
36916.2146628321
37003.6749026762
36911.9560194639
36859.956637444
36843.0387557644
36918.6873288368
36899.811589365
36878.0561061243
36944.1685514061
36919.1681045767
36843.835941722
36909.0070628578
36873.7088926965
36965.4961559277
36842.1176231094
36922.5271415325
36830.9005430023
36862.6092706614
36871.201900267
36903.7675969963
36880.9025419802
36937.4103361807
36969.2864000957
36935.3423894614
36859.3875327017
36955.6469472295
36901.6795500829
36889.4024727915
36853.5187602164
36896.6601473112
36897.0856898089
36920.4971653153
36887.0823256528
36921.1381665648
36863.1014366369
36966.0701155578
36883.1498096104
36882.9141104799
36814.4233907157
36854.9085563221
36862.4968763331
36836.0421000002
36921.7685934207
36865.9869293703
36930.204870537
36961.6807779228
36900.8609855685
36892.1165070684
36947.7314290509
36835.8835105743
36880.7666183195
36885.7987021125
36969.5582727499
36833.8589306011
36861.9598334919
36829.1842184289
36819.2129913119
36941.4430093089
36897.8693573017
36863.7013709382
36895.1332565656
36882.9541537822
36882.1922301427
36884.6480509778
36803.5699577913
36885.1286174995
36882.2553549359
36848.7886442085
36827.7309655896
36860.6918824876
37051.6516050307
36855.5202512347
36918.8890896298
36885.7669815662
36838.1621986999
36854.6830947389
36869.2122441679
36871.0968681927
36847.4117853983
36841.2075256649
36904.0041689052
36835.6463166124
36894.6029192607
36857.8354570162
36896.5467703738
36926.1397989738
36855.6019235011
36980.8691942296
36843.1794367804
36897.5766214419
36954.7381762272
36838.7525054035
36927.6671174064
36914.5421399687
36824.5626121075
36821.9364004824
36883.6275037275
36963.6375662544
36877.7127142031
36908.9478715105
36902.9004566357
37020.7114641378
36910.7851410033
36856.5078385493
36874.462109612
36940.19380273
36896.7668681228
36870.6053077945
36832.6023954892
36796.8435032821
36871.7629259782
36833.4130868776
36919.3458625985
36852.2419212477
36864.19875328
36845.3286389816
36965.4970645443
36970.0989464276
36813.6785141655
36906.1391369125
36843.9290796297
36842.5300214667
36825.2360659953
36874.609087273
36978.0081050592
36842.7954776764
36823.363502533
36891.6803983061
36899.85184184
36951.848378497
36945.1380723367
36886.2506181183
36845.4394518032
36887.2642031894
36862.3306229475
36921.0928698002
37020.8125399851
36857.4721789586
36939.8963986081
36959.8828849515
36892.1484637214
36861.4179105502
36842.0128439572
36838.7502684356
36873.596143901
36752.3490044083
36863.6621690926
36921.2875452766
36913.57476202
36985.9974930287
36843.2726120346
36858.9378662638
36815.787483926
36784.3699807744
36908.1540918081
36995.3194063118
36871.5343958442
36882.4095208515
36896.8433866032
36856.1359850936
36876.6712648786
36954.0566260539
36973.3075349716
36857.3809226405
36943.4226651691
36850.9490450689
36877.2753437998
37005.7785971711
36899.6355934474
36802.9718869044
36899.400361173
36742.3890519596
36874.9814414136
36893.6920136726
36896.9007104729
36904.8652909595
36876.5368530589
36836.7194279264
36902.3336971261
36785.03177737
36883.4762301105
36885.4269372194
36943.9902690483
36834.3944242738
36923.1684318958
36873.4593653603
36983.0911173383
36890.834068523
36916.8883743341
36858.5780474835
36925.7127081578
36795.1885483728
36886.7466292918
36864.128354006
36838.383390153
36821.2396827825
36857.2236723129
36896.4444096978
36880.9987244272
36911.1306605151
36920.1533301063
36829.8936986862
36942.4654494721
36886.7863971455
36895.9903633552
37003.7136421707
36903.7063431451
36886.5512738006
36895.3958608601
36898.4017183811
36888.0568172169
36972.9673290874
36961.544838816
36914.398052978
36814.9313751294
36895.8357521553
36861.3492304077
36917.0728024651
36875.2367219935
36884.4448805339
36995.3069107299
36887.4861952134
36818.707573933
36785.4330847117
36891.116068245
36930.2320275118
36837.1099391211
36846.874058178
36942.652295905
37011.3213593769
36858.1311371688
36875.2100813191
36867.8826639433
36861.5790554007
36879.4365352552
36846.9510560765
36870.1243131285
36883.1303279511
36910.068813128
36964.1622597421
37005.4656558466
36817.0913650954
36896.8376322502
36886.0062679832
36885.4591005026
36883.8008624665
36948.9762803788
36931.8588769721
36886.7521849599
36884.1632298895
36829.3254427107
36860.8866588173
36766.5434902059
36951.3350614328
36855.3575519029
36865.019756005
36866.6271264165
37057.5214507539
36933.1515802404
36887.6201143471
36953.9999070079
36894.972785627
36848.3783396271
36807.675320831
36823.7675710276
36900.8416402719
36852.8597373502
36867.2470424683
36879.8671044713
36853.5543040883
36825.614437972
36854.0271320333
36877.1923931292
36849.4189117719
36809.7379097213
36923.9642941593
36916.493283341
36805.0025011918
36881.549380225
36939.8513502151
36906.5430885993
36895.0834435433
36939.4311893559
36764.60844575
36996.4631343942
36921.721529331
36858.6053334016
36845.514050203
36822.9907138903
36885.0576761253
36854.8803708125
36809.2402895292
36902.2724478744
36838.332550014
36825.49884761
36930.3081891484
36939.3971377209
36883.3574181232
36955.3140626508
36875.2385025332
36894.746319025
36918.5327138288
36919.7345871215
36849.9403759395
36878.05077195
36933.878024366
36900.2193263831
36804.5438371311
36864.991578016
36924.5230574846
36919.050729228
36847.680245519
36834.874884444
36846.9396656943
36890.7553672812
36938.9282517826
36883.5987921962
36872.001469777
36905.2743332613
36900.8776860291
36872.4310902685
36922.6723243162
36894.6810481373
36922.8968554093
36902.0710293076
36912.9754294071
36888.2239702714
36842.7888157612
36920.4551347056
36838.3112663842
36823.9847599407
36830.045686158
36851.5591324752
36880.3620661019
36904.6905453542
36958.1970179686
36887.9998929993
36900.1854816888
36918.5921293088
36843.1051645302
36963.9228030564
36908.4096977117
36901.6527917774
36824.6916256032
36928.556911912
36820.329334104
36869.9424434522
36878.9116988132
36803.5762388089
36921.8396612017
36939.6185670433
36899.2332921032
36833.1952463222
36861.2080942979
36771.2621875101
36885.0589622332
36881.0652709901
36915.2334712142
36938.4776990597
36890.9035052875
36906.4131636791
36858.5149692382
36994.0888880351
36853.7219417914
36861.8233009531
36866.264825749
36951.1404330239
36821.4798854568
36868.4247338433
36993.0956471509
36962.3075788019
36845.0708925964
36882.3362251257
36930.7906614526
37034.8320869667
36962.200763093
36879.2742499668
36875.6910429931
36816.6395013635
36932.8140665953
36790.7241313808
36837.8139220973
36907.5719662098
36829.4406518406
36920.4426674646
36935.5141102127
36908.7603126257
36898.6214607916
36871.4962838529
36875.248126993
36838.6942529596
36854.3721234618
36897.0891851445
36952.7435580285
36904.1785249406
36920.9855687505
36846.866217688
36917.401801473
36856.1292947624
36828.0806758727
36945.6575853855
36944.212676803
36842.4852351444
36928.8169065422
36822.0550780356
36828.3298985783
36888.6480944312
36857.143371783
36887.9542439337
36891.7448660451
36896.4786704504
36823.6488518128
36943.3408361274
36856.1926013163
36875.2737596759
36967.0895963656
36814.4691032985
36944.6266896232
36788.0336347469
36899.7889443915
36857.5193303937
36879.866579686
36873.5744682246
36851.7252861597
36946.0590740979
36883.9919927128
36839.9276502308
36829.8374474548
36900.66621472
36956.5253333291
36895.386722191
36917.5543433638
36854.0603968925
36936.3892845919
36796.7377840432
36857.9916823971
36894.720252608
36927.2800551425
36884.4974869143
36895.8092214292
36866.5577896278
36849.4636416026
36831.4769431848
36950.0292842932
36794.5272149527
36841.9736327283
36920.9723848176
36905.2032256745
36883.0906338572
36873.5692067085
36851.093590363
36870.9293561252
36816.9017781515
36978.3558926637
36947.9461162159
36871.7620026154
36865.4346646151
36868.1344904095
36877.3386929603
36887.2291353039
36893.5761928547
36897.3017669606
36972.6259767509
36862.9812329927
36780.4403815433
36858.4644656601
36827.610889217
36868.8230321483
36964.6660900995
36886.4530767633
36894.8140594147
36893.0673491328
36926.1461401596
36903.5806670702
36813.303350523
36807.4751901975
36895.3088909788
36982.0847490289
36878.3617380195
36822.6535277438
36898.5480516117
36889.3650586516
36864.4541734731
36816.8701576592
36875.7547819568
36812.1782533327
36913.2671012789
36814.1513029398
36903.7933719382
36891.0766849365
36853.5882492499
36866.0168362491
36909.7128586116
36878.9637396412
36962.2168664445
36881.6049677764
36851.1494798978
36842.2963076085
36967.4913188371
36918.3762966612
36887.7500925366
36851.6632815658
36900.9464600034
36865.9154831472
36839.1065676728
36964.6414954349
36825.1328220829
36845.5976406185
36946.319590816
36826.2482287403
36966.8116563811
36909.0697456719
36839.627889835
36893.9705883798
36914.6867133996
36899.2652726889
36973.8327496333
36755.7080168536
36862.6571764411
36971.6001047504
36920.6623458061
36846.4238622901
36942.9582677854
36916.365944894
36923.2118671409
36839.3106559197
36881.0728387277
36887.6407176171
36843.8842110935
36800.0110336817
36932.9394261617
36887.0825910154
36905.9592065989
36994.8790037255
36790.4340348433
36896.3553294243
37026.4425338342
36820.127507944
36873.1255434433
36774.4286073316
36898.8642818574
36888.6451416071
36923.3420317238
36781.4663285486
36871.9337131454
36856.6695595106
36894.9297500032
36847.8837771328
36867.8952944941
36904.8684171951
36919.8309804253
36806.4542586196
36829.277276801
36863.9340393655
36859.3534183266
36866.48228688
36875.962188954
36885.1057590636
36906.0929044648
36832.5902072081
36868.5236083523
36862.412396194
36853.0420140437
36890.5766984159
36932.6406270556
36835.0193210378
36867.0948169923
36825.4734568877
36875.0081957299
36920.6997797766
36786.4755287861
36994.3463085351
36984.5261769199
36949.1761476302
36860.1612443991
36939.4713125004
36869.5062256379
36843.6109241961
36868.5570037291
36891.8815151791
36862.9935000188
36938.0352965935
36949.1137440784
36898.2344382573
36885.4104236386
36893.1222980275
36799.1303145817
36846.6024868294
36910.6363933362
36960.5983139291
36853.3801120306
36831.9607737587
36879.1856527695
36930.9965895061
36863.5139858468
36900.5320309785
36947.7154220074
36852.8009001954
36896.9731063705
36890.6235529126
36791.8916283454
36893.1864420154
36814.9202153855
36943.3371652056
36880.6474093692
36891.802296543
36830.5241775037
36920.5220295903
36880.6230828544
36793.6819372653
37010.0515104191
36849.5810465352
36883.719586429
36908.490321549
36868.2676743758
