36542.502653942
36507.4251122897
36475.716772473
36536.4219735878
36503.6743842101
36535.0303023602
36563.0553859342
36512.8330420593
36540.7771143381
36466.2105738165
36488.5744938893
36507.6045953896
36541.6672614873
36493.1229155314
36525.8124502615
36473.2468710264
36488.5565909918
36534.6965242213
36556.798629674
36544.4807363908
36479.0768820227
36522.2504575732
36536.2131848701
36520.1423148547
36549.018667246
36535.0438741565
36517.783171229
36493.3440386613
36519.7325151514
36611.941265988
36541.9153466366
36562.683294625
36572.6098437981
36507.9252611125
36591.5471049684
36550.0400884011
36540.7696328476
36538.0866502454
36532.9725402329
36558.5043030107
36542.949394895
36504.592507258
36524.5834119944
36529.0486216025
36557.7285588721
36553.07679707
36518.509127429
36542.8495193423
36504.7696087138
36539.7725856282
36551.892713869
36544.3305459313
36561.4217985728
36487.7804476326
36505.888515356
36528.9456541978
36527.4943740163
36524.9133774367
36537.2946077872
36505.7359199981
36507.761844851
36506.9037183143
36546.585838268
36546.5486243763
36536.3386411213
36527.3251067612
36474.1794536021
36517.521800762
36510.0090753607
36503.9637115953
36494.3539038187
36486.7335749025
36521.7905851117
36549.566412936
36522.4704112776
36534.5054951874
36474.0178781769
36529.0292121986
36513.8667392177
36529.2064863342
36509.0829230795
36485.6045683006
36546.9697778145
36550.6843511806
36530.3771905021
36512.9193724708
36557.4372068864
36495.674021692
36584.1085431
36509.3832160218
36546.4055416684
36537.7763062873
36530.9423747409
36503.9610323555
36530.5734223862
36521.9971114176
36544.6638893693
36566.2793004521
36537.5418436172
36550.2551227408
36568.1816419852
36497.5403978866
36606.6611648222
36508.806792406
36548.2100858931
36532.9510638378
36541.8700000075
36534.0415329398
36528.4519086222
36550.2808215813
36503.599574727
36514.3200480373
36543.1379182267
36497.9375932928
36554.284356876
36485.548266452
36519.5764245676
36494.9412111505
36492.0103837776
36533.648932408
36506.9897757867
36541.8076060593
36561.7608971322
36539.0720409125
36568.3235575062
36534.6861880384
36547.7859244628
36527.0872552814
36531.3369338095
36499.2735463452
36495.7898049964
36531.1704717636
36540.6032756066
36525.5512659653
36537.5479820699
36522.0736167788
36497.3675729451
36551.3547815972
36524.775173667
36519.7662022846
36540.9961525047
36539.9058281233
36500.9535858412
36557.0025422366
36561.0842871068
36562.567942675
36509.921339142
36564.7417779732
36546.2072801238
36470.8915364742
36551.8004748579
36521.8317389629
36505.7150006272
36513.5227479785
36521.6339266102
36538.140531764
36567.9624396729
36529.4684962078
36521.894084849
36524.431417596
36507.4469946479
36517.7048645928
36552.5993619266
36518.4138272388
36482.1997198187
36469.530428751
36564.6209465222
36551.9787297002
36511.9376478072
36539.5377518561
36557.0832546153
36522.6626624579
36521.1711931669
36527.7294634689
36477.7244168457
36490.6171971151
36525.0959513539
36491.1367854365
36502.1917319316
36532.5913361031
36507.5775513408
36543.538247695
36498.0949702987
36537.8431377013
36568.4417382248
36490.4628634751
36548.3645703583
36518.2061836393
36547.5137216558
36516.7251482453
36536.2134368809
36510.149138762
36520.4320060916
36569.6015718309
36509.8423347771
36539.8366827037
36522.9467395593
36532.4512663275
36545.4380453515
36529.6192822848
36529.9565439555
36522.478114451
36563.738463459
36521.848484928
36532.3624699591
36511.350320407
36514.5685387123
36564.6284394607
36538.4004747006
36534.8625044512
36521.7848913063
36508.2214410663
36568.1855175107
36537.6336082344
36503.9423311678
36509.0662994755
36531.1015768935
36555.4157954371
36537.7524217805
36520.0142933652
36524.497610789
36550.5076290835
36530.5781303889
36502.437671863
36540.6610288517
36537.4786890728
36549.4464517986
36536.080057835
36521.411488945
36527.4579374697
36537.1771457005
36546.6332549638
36509.9801998016
36523.0917095322
36497.637895516
36552.3175779891
36489.8210244789
36522.0605987727
36520.5276006206
36480.903569043
36556.1540129869
36496.3102692514
36515.2718634425
36589.6986716212
36555.802155686
36547.304818401
36574.3276276412
36502.7607125244
36571.9234069759
36514.8788261686
36537.0204663667
36576.7856863514
36567.4904407586
36502.063631572
36482.9779171737
36564.4681830753
36519.581501784
36543.186920304
36561.6867062004
36485.5742759803
36531.4800732373
36528.3284465272
36525.3677907515
36548.1970053446
36524.1704114287
36531.6384611832
36526.0549335733
36509.2905767195
36501.6734117023
36502.0248343619
36543.6965822446
36496.3650385348
36491.8856252198
36538.0445153583
36597.7358165738
36505.0221763775
36529.1422209537
36519.3398465478
36518.9175259648
36498.9207045777
36510.7717400027
36538.6537272923
36541.3435550239
36557.2113223549
36516.847285759
36500.926036658
36512.937466643
36519.9799779796
36490.3577459382
36509.9595961856
36571.1119413148
36509.0319773298
36515.4719942337
36525.8345141201
36522.7449221307
36484.5853071452
36502.7061466742
36521.236416047
36529.1789178583
36521.4873955944
36524.7757869182
36559.3445663007
36597.6363268471
36530.7609593264
36598.3762692952
36535.0389420819
36520.1728218267
36496.4670657684
36546.1559126652
36556.499004403
36502.4574531732
36593.3393016231
36536.8606311907
36477.648228159
36535.3933944415
36538.9403221834
36510.1282124077
36521.0394629108
36524.4332765032
36532.3586619694
36567.0588778061
36493.6188582969
36553.696973734
36517.0264412497
36517.9466082593
36513.4072519688
36504.1731090433
36529.5024933934
36572.4718244603
36516.0894072577
36548.1041001601
36484.5749280966
36524.2590722008
36520.7416704483
36488.6092048225
36522.2957511675
36519.4184930808
36490.7281204013
36537.7770420838
36509.9777166662
36523.5060826313
36581.0145630037
36563.640814551
36499.9699830277
36515.3447756011
36528.4600265905
36509.876125467
36495.7857570296
36542.339254474
36520.1372870986
36553.4371748255
36573.2786106507
36528.9302779689
36528.8534054007
36488.0026072726
36581.7795035258
36553.7724206724
36548.9604109817
36556.7584155932
36533.0702148899
36505.6641100149
36462.1326413829
36597.4488492899
36552.4096396897
36516.1308805066
36522.6747010908
36549.1914350926
36501.9870829097
36523.9945063305
36508.1483817351
36576.6212953338
36535.2710425133
36557.4562302619
36511.337188247
36466.7199427199
36521.3758518183
36473.1304624449
36505.1895774094
36493.9083120913
36488.8998845839
36494.1833497557
36546.6522718365
36494.2457222983
36485.1912696169
36513.0118593743
36524.0055187781
36498.2583057701
36535.7787190784
36531.9803686102
36508.1524834624
36465.3652917674
36545.4831379883
36502.4989411784
36550.2316005016
36485.749128634
36505.4996213957
36515.9718858201
36558.8530460131
36535.1349057703
36518.0587042101
36542.2825613755
36526.8105079412
36491.8154920185
36507.97990662
36493.0466587966
36536.7098538477
36548.3161936185
36575.7589588015
36563.829929382
36546.2713886555
36494.572659165
36526.1591754445
36530.722306214
36523.0141586312
36532.5029314051
36519.6071341519
36523.7238261977
36534.3126340705
36517.1588310847
36532.5809410377
36495.3363008033
36530.5381257318
36532.8616820296
36493.3368687704
36502.8821498495
36563.3971447563
36556.0086872454
36539.7828004675
36524.6537868454
36477.3465366861
36540.9208953627
36535.7728894031
36490.8795294809
36595.6472218236
36499.7408283951
36556.2346351793
36558.0462313702
36557.4959887856
36518.1546271795
36545.1726978691
36548.7968571895
36584.9394173848
36512.3842384524
36559.7097332853
36549.2968448865
36519.5829314918
36532.3921789716
36510.7451159855
36512.5867530085
36573.4010770201
36510.6438068375
36506.0549143675
36520.1503351163
36566.8202320672
36513.1501509488
36516.1763115446
36540.9172220401
36550.500605165
36532.8216320167
36551.6333587351
36518.329796055
36497.4968476497
36523.6444709824
36577.5136128276
36540.8987285672
36519.3667677613
36510.1437720523
36501.350984681
36553.4002806321
36548.6397442882
36554.9249774681
36502.9172853554
36536.002795856
36518.8625319595
36529.4047712515
36512.7532679872
36506.4373351554
36543.7464341964
36551.2208976335
36532.6498920125
36472.0569700988
36507.0374724397
36521.9461142189
36482.7015202849
36552.3766478851
36540.5203223985
36549.4276661455
36500.4148985879
36508.5748204213
36523.5335117236
36492.3909057966
36533.9891247496
36549.8375929247
36546.1002386776
36498.6384312829
36515.3871952662
36523.4736823999
36484.3529499734
36505.6723078432
36556.76429075
36548.3250248096
36542.5803005753
36573.5937217443
36519.3122833432
36473.1124427613
36514.4254469017
36572.1291093821
36540.479331837
36521.7080190402
36516.5616609248
36523.1722359397
36515.7381676361
36493.9406358222
36519.1134166638
36545.4824681799
36561.5971376868
36519.4686383714
36488.3386700353
36563.6078797836
36544.214926516
36499.1388718829
36508.7820489077
36519.1381492178
36518.0708640666
36539.3274098674
36543.5808114815
36490.6959947362
36545.4920136969
36549.3889760483
36504.8292852993
36534.2903027766
36544.201724407
36485.3549578645
36522.4809519523
36510.7421061397
36534.7232471649
36534.0864270401
36509.3190719538
36547.9819831726
36503.0063945516
36549.3825032648
36552.7066443686
36520.6974726661
36556.3541407719
36529.5984374921
36526.7572459236
36566.6444336378
36505.6376279523
36544.7717455866
36514.6297780596
36576.4359658903
36537.9061350958
36506.0889279758
36518.4247625857
36540.2016814037
36539.1023080268
36548.0097982261
36572.4075006313
36519.4570339406
36527.1877515514
36465.7592292784
36544.8472191948
36516.5828001968
36496.2679350775
36514.7877213355
36508.3898890462
36515.1903813818
36506.5349652572
36543.9507352971
36529.5207195677
36526.557646037
36505.6383467974
36472.5092205604
36557.3778367342
36520.7955184415
36522.3419030505
36503.2753434679
36496.312221376
36561.2718533824
36532.5529465441
36497.4635758088
36482.6821260086
36498.9266882813
36522.1198318649
36476.8198467204
36595.604398712
36528.6507796815
36478.7473042483
36561.6677842474
36529.6725327358
36485.9343670263
36546.1909031832
36552.5387680897
36519.1356703991
36514.8536995592
36532.2115315951
36574.2903653628
36588.8762865928
36534.1849750857
36502.355482511
36550.9427551496
36513.1666079988
36494.7123187513
36487.14174358
36546.905706678
36566.8820323473
36506.6297099721
36526.5344702281
36478.5306170497
36490.4944317649
36545.2659159256
36536.8311721276
36494.4833801612
36538.9938051818
36530.2647793716
36569.9886839448
36514.0863194182
36522.1071422503
36518.0586507869
36528.4300221394
36525.3901648992
36558.5020437904
36529.4739754392
36543.0161366178
36546.1969787133
36514.6871117995
36558.5854943596
36515.591829634
36491.8695331049
36507.8029516608
36505.7675672208
36538.6165592201
36548.7124651518
36544.6548917417
36517.2615245021
36520.8855167481
36471.1084715301
36529.4333566204
36575.5309138964
36522.2297252214
36551.46108311
36505.3815502535
36498.8770481421
36551.2430371437
36540.4072443516
36519.5256710548
36485.3410853273
36495.8574243228
36512.1959705942
36516.9384795484
36526.1575783947
36569.092295782
36551.1597074577
36549.8992853019
36523.6397647445
36526.420809608
36557.8700732391
36513.3701853017
36542.0835710626
36534.134988046
36560.3720190387
36522.7435850817
36513.2549574815
36539.0476011731
36497.0538038467
36535.2086131319
36513.465955461
36534.9135025117
36537.6312962727
36488.7941707151
36483.7891545454
36506.9361744624
36528.1822851729
36489.039739036
36481.1060166207
36500.6640989051
36534.2534611296
36536.8559147989
36510.1074290184
36523.1089007206
36487.4832616813
36490.9320401022
36536.6386971694
36535.9225153972
36549.6376964561
36517.1719905481
36544.1640300637
36531.2766295785
36511.1588409308
36561.3135974442
36533.9887803751
36549.6573107978
36554.0718025355
36542.1478242866
36521.2275563404
36491.0754585316
36520.244260712
36557.1415904783
36506.08064834
36529.1015079653
36536.0064775276
36515.8948592568
36551.4426807714
36533.8015734461
36553.4586559731
36509.0427428196
36525.2452358349
36531.7050039774
36483.9252510522
36581.7858678967
36503.6453424153
36559.9371620206
36531.8061344015
36526.22486125
36481.4952799381
36549.8976781177
36522.1542897497
36534.8996042302
36506.9182537935
36592.6380951863
36447.0764234105
36536.6503749942
36481.3317931356
36523.124426901
36493.094836835
36554.6835374551
36520.8702785702
36545.1459537503
36607.2331255091
36533.8384237506
36547.5798150737
36499.7378649611
36579.4288715854
36477.9268800805
36526.4641134625
36501.843614911
36514.9552531088
36521.6537778058
36568.9673304908
36524.3405413524
36534.2676762182
36516.0094202408
36536.7986817598
36516.6077983617
36529.271663292
36526.2455463573
36519.4113382762
36527.9898234354
36541.9340347211
36539.4150112076
36481.4607538213
36489.7992422822
36502.9636125042
36509.6930664401
36540.122577149
36516.7733582109
36487.5047557257
36490.4934668278
36520.5641524053
36545.220612062
36568.5303902767
36517.7544916421
36540.5644618029
36544.2289998645
36501.5790561949
36551.3069959901
36504.5271029035
36551.9424574677
36550.1220871638
36552.1107756577
36502.1313619104
36550.7330857315
36530.936410675
36520.6418164033
36496.8761868856
36560.0621403681
36496.6117267581
36528.3168421494
36495.9032012324
36558.7249217794
36502.1558249079
36523.2680913564
36479.2597879415
36506.219201347
36585.469139977
36525.4836081647
36487.4297276859
36498.7490316035
36509.4257413468
36510.8712065103
36534.6797854901
36507.7232737976
36524.3678663884
36517.4124495632
36508.2889641598
36489.8474913529
36525.3101047036
36555.6067864544
36503.1928232965
36548.5059292205
36532.2517423187
36563.1874727775
36525.2436412032
36501.8672758098
36549.899974639
36535.7715622113
36517.1836831327
36526.584685114
36528.5968839778
36554.9891200907
36545.1154200929
36519.5669182003
36548.5161048547
36586.5564955192
36514.2569937569
36542.4671747293
36504.9733301411
36534.2435369246
36485.6924834532
36512.8843064774
36520.2496080832
36551.3590985148
36522.5839327716
36528.6006455226
36490.586248748
36529.5782256517
36518.9794712592
36556.3140208254
36522.3481590929
36513.9593092987
36522.7581473517
36522.9970492055
36542.5863799211
36590.6820881401
36484.9813490169
36561.210482528
36524.9180322155
36587.455671462
36512.6172093601
36511.6411198356
36526.7187697919
36591.0876119694
36518.6072012284
36506.6604370217
36523.3024085848
36524.8584390823
36497.3305066789
36557.4232780593
36480.0369267456
36551.7847010638
36518.5735425626
36496.259673867
36486.9309284248
36542.4075699757
36556.5359975206
36519.2722617718
36557.6473637559
36500.5068910091
36514.5258567298
36505.0721072339
36567.9074078623
36487.5061041791
36561.0326876464
36515.1630143568
36515.8801183797
36531.0564322549
36510.0966766509
36543.6659910611
36534.5992382115
36544.2944240285
36486.4796888313
36533.0265987877
36552.1522928369
36515.5624397744
36516.3688407222
36553.4157768336
36548.0017812974
36580.3300598745
36533.4872067879
36527.8342191184
36564.6498457238
36530.6423129067
36538.5212319711
36517.3310500257
36528.4195764115
36479.314264606
36548.0851892478
36550.0573585726
36541.0128870267
36518.0970913655
36516.2135529694
36536.391134329
36551.0364468422
36529.856180244
36495.2239138665
36488.1384970662
36512.4628554828
36537.1767085582
36554.0707517939
36495.7044992799
36524.5607589533
36499.0265829108
36490.3846070877
36531.5990420639
36492.6439911137
36535.3650551798
36512.2202248386
36533.0801456663
36516.6370841949
36521.1910291809
36535.5080895714
36502.3956193865
36530.7565965865
36543.9312202928
36534.0357793019
36504.1614989907
36551.5478391538
36518.0121436213
36510.1935415088
36555.5085351638
36537.2278162854
36559.3505069014
36471.4649996238
36487.9599464983
36511.9735797059
36508.5186085339
36585.6032695706
36526.1235066771
36555.498367514
36491.948846145
36541.703031994
36492.1640739437
36597.6430419667
36538.3480368237
36524.8297842655
36519.4443654365
36498.7822915025
36495.4450564953
36565.3655999171
36528.3711596917
36466.2670490009
36480.7396047389
36514.752792837
36505.2674353565
36511.9518482845
36535.5315833297
36493.2173241496
36523.0327992214
36559.7267025371
36536.1693763574
36537.663775834
36528.1578528609
36561.0906871479
36555.9356159536
36514.1184481973
36518.3424797364
36519.6915462285
36485.4054328954
36515.7508742626
36534.2731081701
36543.889296507
36537.2206969124
36553.8862689431
36549.1890057677
36537.5414079683
36493.1552491707
36536.0415628589
36471.3587998182
36511.8023250738
36549.8622341386
36492.9211786358
36511.0802877735
36532.7810607987
36488.7754443434
36521.6247651725
36476.8264916105
36525.5439445262
36541.1279282977
36543.5546006587
36556.0627345915
36542.82048399
36500.7309661233
36513.4534276063
36538.474580862
36510.2698878245
36529.9988282432
36540.1881674583
36505.4697332322
36538.4665099727
36532.0901543185
36525.2232192841
36532.2038592186
36500.2262032234
36506.5418552598
36539.0278946516
36501.9828309057
36537.64465693
36510.0499413358
36532.5792691006
36540.4810999718
