36533.1296954146
36517.5835881934
36536.1638204413
36551.1148183022
36557.9225914282
36542.2774192535
36537.9918208306
36545.2713417874
36517.6065294765
36555.5415303487
36518.6746741997
36531.7162653839
36537.5004765165
36578.2606045364
36558.2758116359
36524.4715043868
36524.2721791995
36549.4178385804
36535.6858378967
36526.6151670967
36534.8846268693
36510.5518728169
36503.7615321982
36559.626393142
36534.6834607892
36529.8698516323
36505.4574467011
36565.9072873885
36530.4430929754
36538.9930048267
36569.1895709475
36539.7160198723
36577.8646483412
36553.0643417839
36554.9134844145
36500.0738525108
36515.8949570932
36505.046359671
36526.5221970368
36509.1977310932
36487.5622922898
36555.2003392936
36550.9506524684
36528.9107777199
36557.271870891
36504.7737773074
36535.6314019993
36480.1102701469
36541.6847388945
36564.870868022
36571.2525650729
36550.1271457818
36533.4621340493
36568.1454979392
36579.8815142178
36516.7968964025
36531.9696393031
36501.3012478555
36608.0934409421
36541.2858404726
36556.0866418503
36497.5839331427
36536.8287381707
36543.4186830602
36598.4039549725
36550.6713840877
36532.3285342616
36518.4731648746
36536.9646768933
36503.9973332486
36561.9207379702
36557.1589125639
36528.462453882
36529.8245944716
36544.1871808295
36519.1953256054
36497.3230369075
36540.3168438788
36527.42084436
36550.3261349758
36563.5889118
36543.8120527023
36559.3355290341
36544.9093803199
36571.3183338913
36534.4502437758
36546.6947688689
36502.1811702546
36514.948970642
36496.8403605285
36540.9127415084
36519.4162869958
36515.1561095104
36518.4213726574
36506.8003735578
36558.4705989015
36545.7747273018
36512.6816061234
36576.8493614357
36556.6567030947
36516.7613266071
36602.6810560166
36536.3988959474
36522.6342199732
36516.0637374668
36497.3170375083
36549.6260159691
36481.7974390303
36548.8650727363
36545.3820804855
36538.7641898216
36589.4720930777
36498.0281735293
36521.4402462583
36525.1341676644
36514.0510825576
36525.5813585515
36531.048675907
36550.2275466851
36529.8396932227
36534.6801038601
36533.5747091675
36544.7068975163
36538.2155712767
36534.3321069684
36521.8121682664
36525.8405020886
36501.7786353534
36552.6137168547
36532.4320009891
36507.0859260813
36563.3786601116
36558.5329192138
36509.8399097253
36551.1408465134
36537.1238344194
36528.922855505
36550.9310990399
36526.9223978204
36519.3912122387
36547.9056859008
36520.2978425279
36542.3105602203
36547.7477294049
36523.2498039023
36510.8201302398
36532.0739671469
36524.8770403689
36531.231442701
36526.3124336531
36565.0606448177
36552.8710496681
36542.2880756018
36545.8579851206
36521.5000823284
36543.9089195938
36585.1319758661
36470.2443462707
36563.6711080745
36540.6569626878
36534.1024093788
36506.8387962823
36559.9785287261
36548.8750790816
36565.6889326106
36527.0954424855
36526.348877878
36576.1123070992
36532.712365727
36557.0814042599
36513.8530106762
36569.3092725885
36563.1763394412
36552.7911176247
36496.6449902596
36587.3332791
36528.8051417929
36517.6779385687
36599.2089717039
36552.1007290585
36504.0486966804
36513.071976431
36558.5831125789
36526.6887357394
36558.5855189681
36509.9478812094
36557.9901684403
36528.5030660593
36536.5183194781
36544.2289131574
36567.8773665666
36548.9641635623
36532.4214393632
36550.4236618094
36539.9448542727
36500.6372017979
36542.6695985362
36575.1968663926
36588.398880213
36532.3964467482
36596.9269374356
36545.051672148
36526.1047620187
36530.4666613893
36537.4616637011
36511.1062552928
36498.2705122403
36532.1682276396
36479.9115499404
36507.398880858
36537.3862688969
36514.3716695194
36593.2070746152
36548.161602739
36603.6674337729
36517.5026698635
36560.7504551976
36553.0467248256
36530.8609408422
36543.5621528959
36549.2682716176
36523.0404673225
36549.0649517955
36542.8129434747
36493.7660282257
36544.954213088
36480.9018257275
36526.8407985957
36525.7808694233
36552.1903448704
36537.0868963945
36525.568838787
36530.7295736997
36565.0871601488
36561.8366687246
36541.6972990766
36517.9484241655
36537.5891337841
36513.9615584793
36532.5182689059
36490.057337475
36573.5478591418
36547.1555995651
36570.5667014511
36540.5326725758
36560.719348415
36538.0845116057
36528.7406701763
36554.2399015029
36567.0549149088
36539.9403709748
36582.7966876891
36582.6504469091
36539.4007152724
36593.9690705405
36540.5586648863
36596.9143603074
36534.4882605052
36518.8896566406
36552.6491413853
36491.5583166129
36561.8020758538
36568.5142405899
36511.650882276
36509.7136918193
36488.8322675547
36495.8892409546
36569.1683159431
36515.8164571317
36576.2730937123
36547.456617483
36552.6781141814
36524.6633378268
36489.5121070368
36583.4632178118
36526.9728589532
36538.4618927169
36517.7066467906
36557.0366848579
36535.4675413588
36550.1684581985
36552.2328355819
36518.7342285558
36516.9484429949
36532.5816055427
36565.8017541155
36578.5389649086
36547.2246868217
36546.213475843
36511.3078221688
36587.3626263942
36514.2116978983
36575.9241313512
36506.1126776785
36560.0205208842
36514.357372605
36558.2993741289
36529.0508729398
36535.7005458396
36553.6753951388
36536.0476202011
36584.2707706025
36547.8367245784
36550.8455522681
36548.9336578715
36566.6526858291
36529.1001660933
36556.5834647659
36499.9886494047
36543.068995799
36530.8612658842
36505.273269032
36528.5461795781
36559.105663945
36573.7775040104
36530.7108533705
36588.2248518893
36501.6589714753
36530.0902845611
36533.2575618015
36525.2368747853
36559.4422815422
36569.1295266137
36504.7417081352
36557.6070269727
36481.0496347774
36541.2518615306
36538.7388572055
36528.0223393644
36550.1022958343
36581.0225863692
36603.3910294543
36565.4502212098
36552.3106188885
36516.9277175192
36555.2697162916
36518.1676287839
36517.7642367468
36516.0748843577
36561.494318502
36514.7625713491
36521.3841247838
36511.6977502944
36528.8616112192
36566.3205054566
36557.3769625061
36506.9050710343
36468.641543953
36502.6127284862
36513.4116453842
36541.8818004989
36544.2377245321
36503.1823509022
36520.9705015522
36510.5056276211
36544.824500167
36556.0632382571
36493.4217700854
36548.9345657674
36520.7453054891
36540.6125729463
36523.8506026251
36581.6067763025
36524.7069932983
36531.8426798445
36521.0002881261
36526.0787864017
36565.4087714005
36511.4079945114
36615.6374401856
36567.0172560643
36537.8133683032
36609.4464599433
36557.7257137397
36506.4195828921
36575.874596181
36542.092816644
36560.5733025508
36567.0293014299
36561.452725766
36503.520459489
36561.2197104635
36576.5931450157
36506.5845532616
36544.4735267242
36568.0461688209
36565.5563136924
36512.7441280189
36534.3078313852
36535.9867233749
36521.1716058016
36527.5084176759
36536.4856342681
36568.9635840045
36536.1630574435
36509.1029971878
36544.2342175137
36569.1245860106
36543.9675168349
36572.3666829955
36541.8548643238
36559.2578430148
36586.2157965112
36515.2292032454
36507.1003556144
36548.5657316219
36575.0997888388
36547.3890948828
36532.8583151774
36520.226455641
36510.0818745028
36563.2672868528
36556.7524108423
36510.0921177063
36541.5793056742
36571.3332567677
36552.8362303086
36608.0120047707
36542.2441246703
36553.3310559106
36511.2564335885
36550.6835266159
36539.8689001288
36543.3897123348
36484.5514150205
36485.3019288539
36573.5161603463
36500.7154891382
36551.992611651
36542.5247343551
36494.8198063406
36541.8683693692
36525.4868980737
36526.3467091521
36565.2210804299
36558.6562653817
36547.6804327908
36487.314172965
36530.1796446239
36551.2363946023
36539.6752812708
36536.8227969313
36535.745398349
36506.0839839127
36512.2783673645
36547.9059570032
36572.2826214136
36558.0596531892
36558.1399545412
36548.0669720598
36554.5819042487
36539.6290467202
36533.9380435948
36498.7766373845
36572.7563421576
36536.6621812326
36517.3805304795
36511.406326996
36505.582356384
36499.7348042752
36572.4680396603
36489.8045635105
36525.1284429487
36501.6240294598
36551.0839054829
36543.9878875469
36522.3289825937
36528.0343900881
36499.3782936144
36524.6918698793
36500.3648500773
36527.445052388
36553.6701792883
36514.2000922348
36552.129693636
36576.2722255376
36560.6672547398
36534.4190351835
36546.1221036153
36557.3006105976
36595.3615767086
36547.1713657852
36589.6151420677
36519.9881786548
36504.5412397
36538.321644502
36528.2641013492
36567.8038569079
36556.0068294005
36559.4161651122
36528.9576247052
36543.0440592964
36551.148909765
36520.9838644524
36582.1733947963
36579.8905491895
36592.5730889738
36555.7720818781
36579.4821405673
36506.596094177
36543.3243094606
36525.5816761679
36494.0132037917
36578.6018595084
36491.7151934132
36474.1202727887
36506.1305353732
36527.0256907727
36534.5678196057
36490.5482602555
36575.9055036051
36597.3608945724
36559.06207997
36583.0622983821
36542.8266552183
36542.4701191061
36526.7520507613
36531.8595702001
36565.7168901365
36475.8977028482
36539.7814404412
36551.9492353725
36535.7423431474
36542.7331121578
36584.9667826114
36574.525555459
36510.5044426484
36544.6193571623
36525.5668738495
36536.9982527843
36567.4994268918
36570.2012948002
36587.4395913344
36503.7662945128
36507.0377509715
36547.6246900743
36558.4484822646
36483.6972511408
36541.4241039417
36559.0394526144
36552.92027062
36539.9881700708
36509.8003467685
36535.159394902
36515.8363041335
36509.4347909821
36514.7384601157
36568.6140463027
36551.0882402909
36505.3530703187
36499.5184414824
36547.2851519219
36582.5664424278
36583.7312165455
36556.1649006988
36550.7606923368
36543.6353761639
36547.3596427569
36563.9490251051
36503.9308212724
36554.2024896953
36565.3611611083
36489.8557807661
36543.436577713
36589.1166410602
36542.9814347078
36583.1073840391
36519.7668419939
36540.6605293906
36574.4604285608
36551.6056934975
36507.2562094424
36575.6384809618
36561.5205128816
36526.6993503692
36544.6785807801
36567.2990845022
36548.9920232448
36506.3566714919
36550.9938484744
36509.7829908685
36493.0390212154
36515.4975909734
36558.637274609
36510.987044886
36547.7753949773
36575.3056102715
36528.8692664339
36560.5114738506
36516.1196570546
36546.3276005529
36551.6357870167
36546.4269237281
36550.2846271217
36522.8073091281
36546.0539974851
36570.2525892005
36548.2609851564
36535.7926880322
36531.1569412006
36526.1343819311
36573.8123791268
36566.5269809446
36532.8269808914
36555.3474534661
36552.0722213515
36579.8751685056
36541.4406933589
36535.643493277
36513.208555747
36519.2331488688
36537.7739087025
36520.2046411262
36550.1479715094
36564.1679602097
36585.196963095
36560.7272917024
36553.9418174567
36531.8790763509
36582.3025811345
36498.5639802508
36544.2082754653
36516.9120130868
36576.4918548721
36560.6267777353
36518.9994646743
36501.3028641406
36557.7334933281
36513.4855442992
36538.6739931299
36520.0441625655
36475.8250155895
36555.7306958209
36500.117883134
36551.6290234554
36532.400279829
36580.8616604813
36535.2148096451
36520.7353224692
36518.9600230501
36543.216471294
36572.1918011988
36532.0538888934
36535.8913810171
36530.282589484
36523.1932166902
36518.9803977079
36563.8537471408
36532.6052509246
36513.9290838074
36557.1502908079
36553.8949381153
36509.2729189131
36553.7718908972
36554.4038010751
36515.9069414793
36503.4235819445
36514.868670169
36542.9201336121
36522.1201561603
36556.1875383609
36557.5644562104
36527.3628891371
36528.2993838636
36505.900089754
36523.6130135767
36525.7804131616
36490.4911801803
36578.8317195218
36538.8355040148
36526.703414779
36499.0261119497
36517.4373165951
36541.6743465678
36512.7961069175
36544.9950256087
36530.5742255679
36539.9751841531
36575.7555518927
36536.1694210002
36613.4485012505
36534.9032321979
36541.7913047869
36490.5409218747
36515.3967536826
36548.4521402898
36506.9555700611
36579.673487177
36501.2788124671
36549.1700510593
36550.9917191036
36571.0763168686
36536.7176844676
36568.8849179825
36518.2352920145
36520.5368915579
36561.6917322989
36535.8519735453
36508.2365118345
36567.8370300601
36542.5095079048
36521.8570641954
36496.9419317389
36538.1098488501
36566.2165673733
36504.7464670623
36538.4367550937
36509.850671061
36519.4228101634
36537.4743062427
36573.4385938882
36508.7583957631
36536.366309251
36515.3555539747
36535.3981352301
36512.2556670779
36515.2125174865
36547.3746663062
36545.0158791572
36523.8909204892
36590.9259014474
36569.6631848236
36536.6768860609
36532.6348451404
36508.1023124942
36543.4267910184
36559.5683237378
36518.5101990515
36542.3811491757
36504.597979409
36539.8828106894
36555.6003599169
36510.9173503973
36561.3181935235
36574.4528174739
36552.8379462708
36539.6965625965
36546.5055594985
36531.2625364132
36490.516395466
36539.900348491
36538.112478592
36519.9018103285
36573.4664482938
36521.1945685649
36525.23007909
36577.8096772531
36520.4996022364
36539.3079770503
36561.9067578365
36528.6067589403
36528.0142532439
36585.9884963517
36585.5724874804
36571.84406955
36547.3919985474
36513.7069640777
36527.8139108269
36569.105525019
36526.8634127957
36511.0559809745
36497.2208554843
36567.9098174742
36540.8915032175
36567.5328139627
36479.4185480161
36567.9576605166
36550.2175834663
36544.112123207
36507.554941538
36516.0442650265
36538.505809712
36549.5440996529
36547.5249717219
36559.7359477519
36547.5143603074
36525.9868572842
36520.3184822064
36531.3702885139
36596.6996675793
36477.0298446525
36497.626956193
36543.0211312928
36552.1340934175
36523.2381016978
36544.6081830639
36549.21406129
36559.9880550276
36502.6857022209
36581.815534536
36558.9653192214
36530.3787253894
36553.6367130226
36561.5691869782
36510.2183150716
36531.0107296191
36532.8982190453
36563.33174703
36545.2917422065
36527.5480652023
36569.304983745
36510.4813524735
36523.0371932924
36512.8776786152
36523.2052949942
36517.6643193367
36528.832951865
36533.8690009911
36554.6744704916
36555.4426120886
36526.4091688437
36503.6539991176
36512.5898052124
36537.4221066564
36559.4479920965
36539.8527202547
36496.3068684817
36541.4341987078
36512.0444862935
36515.2266787989
36542.7255271316
36538.6410492157
36522.0642968172
36516.9497480058
36547.8591293028
36559.2223053461
36509.4493967071
36541.3302895751
36556.5834076949
36489.1498662935
36543.1984085325
36529.3626687332
36534.8914815814
36580.6974181108
36535.3894470678
36577.4579231217
36541.2915463406
36523.7546968595
36558.9104125161
36563.493095086
36495.7615861828
36528.1770766514
36536.9318713348
36540.7075176007
36530.5427623708
36520.014022738
36534.4856524621
36566.4086681655
36510.9564959608
36558.9398194764
36569.13699199
36566.866820424
36484.7143386287
36524.5057209363
36574.2599739846
36606.7223258554
36521.069476252
36517.5811618389
36529.4985383139
36532.4665565241
36491.2651239769
36504.0428059269
36585.3042384464
36555.6003351067
36547.1589449873
36540.8559025256
36575.8934534485
36597.907073707
36531.268207215
36568.9980248604
36526.5226907287
36545.4797384343
36540.3413900897
36552.5193134998
36541.5145410546
36550.173814504
36551.223829032
36584.2267533419
36494.3954808421
36517.8815227489
36585.6618685129
36531.3375031441
36501.1255029128
36534.5658146421
36579.6734491805
36509.5703776721
36571.0316900682
36567.2297636242
36562.2816893302
36524.1826998037
36534.2771089969
36566.8717569612
36531.1275904556
36505.2494296409
36518.0718172181
36539.2650720722
36594.6303585073
36531.3971349673
36539.3818764773
36604.5311563168
36591.5043926659
36571.202395358
36543.6022726764
36500.4434869921
36574.7136436044
36507.6877534145
36549.1021144578
36515.9618642061
36563.6039653816
36484.3408070354
36531.7153486521
36529.8956690532
36524.2634968848
36548.7399155848
36545.9070843588
36523.9527701374
36523.2401349903
36558.8701119332
36554.9509480976
36562.314905682
36575.4120568531
36573.9025451927
36584.5893457614
36573.7505730515
36583.9805346814
36540.641148514
36526.0178700738
36509.9320896451
36522.3878275718
36518.4877033671
36559.9801087288
36516.9063903291
36519.0192496712
36554.1056451758
36531.7520866381
36525.2665026608
36485.0919310763
36535.9138045437
36572.7878049013
36537.408352584
36510.094625561
36520.4640361387
36494.368523081
36496.3778583524
36554.2225033783
36542.0611610635
36554.318823218
36538.8178054715
36535.6325996698
36562.6518002637
36535.1030448524
36519.5121814741
36506.1549501442
36536.5830698047
36501.2636181992
36548.9085198676
36535.6984778986
36507.9466952736
36537.2829206252
36527.6074477902
36512.9504872413
36536.1406653958
36522.4193185041
36518.3840725977
36516.9728255578
36531.7339783397
36536.1717082786
36473.5497590896
36500.5469509191
36527.0895328269
36552.3375075615
36550.8605858372
36553.6832621231
36570.322620365
36549.7624954348
36552.8067369851
36557.0851814464
36507.3851555195
36571.0942115658
36520.6128161188
36540.2801435565
36545.0061884985
36517.0868655482
36545.6017070077
36505.0034692018
36508.9513959296
36531.5411003872
36491.7159928545
36544.7968287822
36520.0939274724
36558.5213699501
36522.2517085412
36553.1427662232
36526.0918987218
36575.9925241808
36478.7900783352
36536.9684100258
36544.6058776775
36568.2720743692
36593.0154933049
