36541.783842305
36554.3008474303
36549.5050702195
36546.6575182335
36544.5136351878
36548.3934374227
36544.3626235743
36559.8142898277
36540.9839387528
36541.9452233883
36534.0807064532
36530.4468537344
36564.7569850897
36558.1172091707
36552.7243687665
36535.889500603
36545.6129024115
36552.4028682054
36545.4144261173
36555.2981452003
36548.6740544758
36537.9521309565
36538.8604469248
36554.8210622776
36547.4930753352
36536.4487842721
36547.6982841015
36530.1233195443
36545.5775321823
36560.9019184656
36534.77453915
36549.4261663227
36544.9957800225
36533.3244480958
36539.6965010238
36563.8098641106
36545.3447132064
36550.4133752608
36541.9509742792
36545.0840367883
36556.3344924291
36546.6107024185
36554.5082234703
36550.4967412932
36558.7960377339
36545.3787964343
36552.3939758091
36538.9131394503
36544.1747910962
36540.6173902369
36545.6383447153
36542.0376841047
36562.7955073947
36551.415342584
36568.6755831649
36554.8793214625
36536.6649572246
36548.5527644743
36541.4328028148
36551.722497628
36549.9189987601
36536.1399372746
36543.0406403402
36544.3228638898
36541.6136083136
36554.75748864
36565.9509475694
36558.9564778231
36553.8678758517
36563.0136789658
36552.8558482162
36545.2927267053
36540.4978142625
36545.7069207867
36551.5216030736
36529.8296303914
36550.9191572023
36540.5913941925
36547.009953173
36547.1265890226
36542.6950058206
36540.0224990255
36547.7282529825
36528.9598093248
36549.6971221521
36551.5103818669
36537.2365402616
36540.6103361818
36549.7466129838
36546.4696738082
36530.3433141914
36549.677477098
36564.1443687244
36534.0340022495
36542.7333933495
36554.9369141817
36556.9773537564
36561.2028054254
36559.5796754479
36550.6976013453
36563.0128477474
36543.2660477045
36554.2093071758
36552.3858122379
36536.096979088
36560.0229152859
36555.3155672063
36555.6802684243
36552.0815830757
36528.5452395729
36540.3806934819
36556.3107469678
36540.0906551517
36544.4261410569
36540.2035896746
36541.6233071898
36546.5320354353
36556.2892962646
36546.8395769707
36548.4684255576
36555.9976879499
36547.2878566065
36552.3602731096
36556.4435043693
36531.1308868905
36540.9980857988
36556.731799707
36552.6372881287
36539.1177140063
36554.2974935485
36538.7451043337
36544.9554911405
36544.2286850029
36561.8195599006
36547.1662445563
36556.3783226956
36552.7658544047
36542.3260042673
36560.2650936343
36564.0132652568
36543.4529303141
36563.3736253076
36551.4572466675
36545.0226175546
36540.065646809
36569.9889229852
36540.5826579351
36538.4487839418
36529.3038435798
36544.4708841081
36552.0392798694
36550.3822602328
36540.0375001222
36546.8773427443
36544.9557134397
36541.7482037028
36539.9905050184
36542.6544994339
36543.4051947257
36536.2348895105
36550.5112032959
36548.4169581149
36551.4276629958
36553.4702255292
36553.3186900156
36538.7055139638
36551.1726684193
36562.3530327628
36541.8736514794
36541.1537505313
36538.9183577205
36550.3201743857
36543.2502519436
36534.1440908873
36547.7302867859
36544.1923179183
36534.0698808121
36536.7467295305
36555.2899775198
36556.5872061708
36550.9404841596
36542.4468668758
36554.6199946494
36546.1327579041
36542.6111588523
36531.337764849
36551.465501533
36541.4738002817
36549.9500231871
36548.9851411147
36541.3741851725
36551.4244249045
36553.0118459309
36547.0825736532
36555.0944339367
36526.7943872186
36536.087820195
36538.1143681286
36563.2930376105
36545.1958673537
36540.7904737476
36548.1393187148
36553.5412256119
36542.0418612352
36552.2411192177
36556.8873440687
36548.6269827618
36544.442818121
36550.5562627488
36566.1287235111
36548.2195790505
36551.7840698643
36539.3400156594
36550.8977748907
36559.1182516164
36532.5564481029
36542.6360856012
36537.1754171423
36540.0196662959
36546.7484191716
36545.6036844483
36556.3512407827
36542.2820341016
36544.2876234006
36547.616002399
36551.8967782294
36555.7988778989
36540.9024337074
36548.3617264343
36553.9908263368
36552.4364774064
36562.6769451694
36544.5365260961
36549.2678773144
36550.2104618943
36548.1321015897
36545.8185588371
36536.5323804147
36559.6536994809
36559.3305116805
36548.393940677
36545.3375368147
36558.7046820634
36553.8338183161
36554.7343984323
36536.8405086901
36541.8798287248
36547.794570251
36537.4641806397
36543.2161085848
36538.3703755082
36558.8987860903
36554.4383709291
36547.7544504705
36538.3644851826
36545.2726350693
36551.7305669571
36544.9419259916
36555.5922818268
36542.2347971111
36557.0674984935
36533.7559707781
36559.5517643176
36558.0292041629
36542.1508968761
36553.2859325567
36561.7918045289
36546.7637552438
36545.2362038506
36543.781449337
36546.3903750802
36551.5330483679
36540.4275835996
36555.3410709516
36544.8362083947
36528.4295809886
36548.9289541411
36540.6356191774
36539.745409805
36545.8229049362
36557.1324859314
36543.7161856628
36538.3184168895
36539.3482682126
36546.9125340522
36537.1380120831
36558.5565208206
36540.2969475143
36551.2410735883
36554.3112802548
36550.1708462208
36529.8838987865
36560.3804875017
36530.4996339414
36551.0615281728
36530.1268182743
36554.4267041039
36550.7546853305
36537.9878356563
36539.1619722628
36563.2643011744
36543.3654928093
36557.6499851367
36543.3095248673
36546.3891515535
36543.418247151
36549.2410706467
36531.7086469431
36546.5421501675
36548.8429654868
36546.4825709235
36541.2126528846
36547.439213697
36537.7050311853
36549.0091188613
36538.6146509655
36552.292381291
36547.4000502678
36542.7236775021
36549.0287963741
36551.9122415366
36556.0914462874
36535.6006550286
36560.8049396163
36544.0112855358
36547.874025275
36544.2060277542
36546.4218599382
36541.2967144693
36542.2436173015
36547.3026273986
36542.6150395776
36545.2071019775
36540.1835005478
36571.3028140369
36556.2897109824
36533.4831903955
36544.8164928858
36557.1925130682
36545.6091180096
36542.0844298129
36538.8740559774
36544.8938249556
36547.2016232397
36555.5825526783
36544.1735512082
36536.0310657675
36541.5185279807
36555.4807273811
36562.2874258462
36550.9982775323
36548.2482369143
36549.5431197211
36559.010710134
36560.3657617315
36562.0430833985
36543.9438812283
36542.7372961091
36553.6288164382
36548.2511003713
36538.3176484222
36549.179074092
36546.3251695226
36547.5319058312
36566.5971305764
36556.4124826434
36531.213227216
36549.4761177664
36543.7047444547
36545.9286750946
36558.3973104963
36542.8755055428
36568.1136712359
36559.122669603
36561.1970943527
36547.9871011982
36546.8755388003
36559.0844792408
36552.7372670026
36551.849419169
36534.8911942422
36542.2200263995
36546.8962367971
36541.3754655189
36536.4777223056
36533.4665249599
36549.2316488457
36554.3968967226
36562.4017952111
36548.0633542773
36546.6698533467
36534.1319660967
36550.4013386049
36555.067861988
36548.1945540251
36541.5959934096
36566.6285190415
36541.2147255554
36552.3356028422
36535.9393715212
36550.6379916388
36544.9376403567
36543.4183425635
36552.7081998626
36544.5799571676
36554.6768373181
36549.0492836586
36551.105640446
36544.3146307281
36542.0848362931
36553.368326721
36539.9972296956
36545.75686606
36562.3480385475
36540.2154572524
36560.8492160176
36531.0034788446
36525.4994696331
36563.9057775864
36540.640901962
36553.1631426111
36544.3186983382
36544.5327326086
36546.1471421723
36548.6568836206
36539.5474995513
36572.9398513977
36570.1237588902
36559.3767226324
36546.0524908454
36559.8957015258
36548.1689415299
36539.7789410663
36547.835778141
36548.8796681381
36555.7857419569
36542.5209830598
36528.8843969686
36550.86356858
36548.9487131192
36541.7466061939
36565.9962387129
36546.1418641723
36543.7145600674
36540.1422090117
36557.548954209
36534.2378276534
36545.1079816711
36555.3422736854
36558.3443491967
36543.9499278728
36527.1169422591
36562.8293076912
36545.531014872
36557.151766365
36556.1680626518
36541.3518332059
36556.8128160186
36553.9164272505
36553.7903935886
36548.7839479967
36540.8830657045
36542.8866810278
36554.3961165955
36555.3677323224
36549.3118841835
36563.6718890353
36536.4397046944
36549.7044469608
36554.0855318752
36549.006521833
36547.9327584487
36546.7649304428
36556.3304321746
36549.446350474
36535.6859921309
36543.689984096
36548.1036943828
36548.7283521221
36544.9067139583
36542.2097569317
36541.2711209716
36562.7787560162
36543.7937389954
36542.2663349447
36551.8244492056
36548.8689997836
36546.7355237466
36561.7953954922
36540.0993989886
36544.650908025
36553.8547856909
36542.7462264799
36547.3335250514
36547.6758840278
36537.5492933497
36544.5597550792
36558.1605358437
36547.501346022
36565.8836054206
36550.1357508861
36566.5150105484
36533.7999527099
36547.265266802
36548.7214010031
36555.1319834804
36549.5419868442
36565.0477643832
36566.7542622163
36539.0882016883
36543.1251792616
36560.8264482758
36554.8314805767
36555.3576874289
36551.8805622984
36550.9223818255
36549.1960069731
36548.5273825964
36558.5718856207
36528.0962858457
36543.0383699853
36536.9968070265
36539.0496398253
36551.0138163824
36531.3385777553
36550.3371099624
36547.4340219152
36540.4451363193
36538.4831521662
36554.9637444107
36557.6176878969
36551.0883326428
36558.3924036655
36543.9296758967
36540.8725396897
36544.5914302983
36559.8326972787
36549.2961671745
36544.7679060538
36542.1173741395
36547.2617316547
36550.1196267109
36545.2591622987
36545.1735494085
36546.6804429402
36546.4709707535
36541.2427629368
36551.3698073895
36548.7562173708
36552.6989574401
36540.3090087698
36553.8460385747
36544.6228836287
36545.7555865312
36526.5904601828
36545.2638917935
36538.973611105
36555.2233820759
36544.3417468235
36543.3299117192
36558.239920953
36544.3929847072
36550.8942687015
36545.7087811899
36542.1811189421
36546.9085107821
36544.0987483454
36541.8039077619
36545.0270441291
36545.6485758089
36529.1448166981
36522.4826039024
36543.7122406434
36542.4825938909
36544.9342985117
36547.9023705557
36537.3910207723
36537.0944812932
36538.0345093184
36555.1851291704
36550.3016845279
36544.3568363361
36563.5891300411
36546.1665332044
36555.962323616
36552.5955652668
36542.7070643757
36559.7407191226
36549.7604627476
36555.3583204384
36545.1165128347
36543.9825898689
36547.8091927076
36543.5807693351
36561.9344081557
36539.4345687963
36570.3715512108
36560.4000814795
36553.3148903295
36546.4699078868
36548.887638391
36542.7514440121
36552.2096675578
36546.3873715501
36557.5196743036
36550.382904796
36539.9139705431
36550.344996256
36537.1614084748
36546.307012788
36553.121237
36562.3504383811
36546.5405293233
36551.6649252006
36569.2337116088
36534.4212929663
36565.1211811045
36545.9672894164
36550.1163668908
36554.2191721156
36548.150020463
36546.5059669788
36542.3883137051
36545.7805770189
36553.4195775691
36549.7488879883
36539.2670563252
36559.1657863086
36553.4594570009
36543.74159225
36552.5760687218
36548.6381054058
36540.5073174642
36560.4808182815
36551.7994444288
36553.541406896
36553.8120818334
36570.0367454213
36542.1981866511
36553.0609631479
36552.1889885811
36548.3674694469
36558.1014133969
36564.2268209274
36564.609917573
36539.0628717927
36534.6996819861
36545.7968917786
36547.1166307447
36549.9007669298
36537.9242912513
36548.9971018518
36552.6062999565
36541.9417868509
36559.5633767251
36553.5059276152
36550.1975755406
36566.2644278196
36555.4535007168
36573.6386302833
36560.8727494568
36545.6103066814
36551.5647519389
36533.6914441127
36555.6117564016
36547.0362760928
36548.8664551097
36537.0340482687
36551.077842986
36534.0698232828
36548.4025143677
36546.9740013719
36544.5732894988
36560.178304668
36548.2527171222
36548.974864289
36556.4391140898
36547.627028055
36550.3105540763
36559.7880182504
36550.0782400272
36556.3875820746
36546.7512236069
36552.0582957683
36531.8184776396
36546.0748633639
36538.1777026865
36540.5984772482
36543.8494285975
36541.130920193
36544.1451107204
36560.648891657
36549.7141017148
36565.4079209957
36541.2340275241
36545.2939158647
36544.2006208146
36547.004869209
36547.4960728415
36535.7607677605
36547.7935610825
36531.9477604747
36542.0238982529
36555.4246501562
36552.2281366713
36545.1486772404
36548.2115565214
36549.5598209416
36557.8787105664
36553.1688339576
36534.8273244525
36542.4014132781
36539.5215865095
36543.7389411233
36553.9387795035
36556.4088678289
36540.0981649188
36560.1495717812
36555.5336043471
36547.2692592944
36546.8848016834
36540.9359508963
36555.6287123054
36531.3405377666
36543.001014913
36555.5897337025
36543.2703300089
36548.5274554349
36563.2664565197
36544.5442583942
36531.7657735315
36554.0256869414
36530.3773143396
36562.2615386598
36570.0266005361
36556.1612044446
36552.3064753836
36540.6574129201
36565.0922400226
36554.0536608896
36556.9673524346
36547.2271198214
36557.2892799747
36531.1169638647
36542.1841534649
36540.0999537626
36555.5792846583
36546.8464818626
36545.5150424724
36550.4213431047
36551.0854694421
36551.9133432722
36542.8042388359
36547.3708075562
36538.2700153284
36545.4250265319
36533.3104945559
36554.2073850275
36547.8077290013
36541.3165060872
36550.2210441494
36569.1710964009
36538.3363784199
36548.6638561253
36561.4168800425
36546.2114106504
36566.2083477295
36547.6835461703
36550.6836445546
36552.430298319
36546.5641758827
36544.8786046566
36542.0557392869
36537.8217981631
36546.5774251208
36534.6887155702
36539.4214745512
36543.1791439368
36548.958505844
36552.6082591666
36542.3690883743
36549.4847591056
36568.1385176562
36545.0289012619
36543.5070256591
36560.8629955679
36538.9836310048
36545.6563451126
36563.7477754474
36540.8428860689
36541.4952078785
36535.8226559036
36535.9677291054
36546.6323422609
36562.4437059046
36561.7329075434
36543.9950365831
36545.4263871222
36556.6959599462
36552.8348780386
36544.4308112359
36548.2804119485
36547.733305857
36540.5520375303
36551.2935729593
36552.5484750901
36562.2970022052
36546.8519892883
36551.6707580446
36554.507153363
36534.3170285423
36539.0776726432
36541.4064467138
36545.1144525796
36539.0464163954
36540.7130833505
36537.5101382648
36553.0701206935
36536.700037807
36541.039688211
36553.8092453968
36538.8009096736
36564.3520420158
36542.659556137
36543.7993609434
36536.6616698638
36542.6912535753
36538.2125396804
36539.3253064673
36560.6939077117
36543.5547197758
36550.5200578938
36532.243488246
36541.7392095793
36552.6422032937
36543.4567359403
36544.1435188468
36539.6159253084
36550.5198048697
36542.8026075132
36559.5628253578
36549.9964557021
36547.5964534871
36535.1140235283
36549.2259060498
36551.4781774117
36534.6023218527
36535.3343549198
36558.1932527899
36540.8103853095
36554.1053324245
36549.510529903
36545.6007265817
36547.3202807299
36526.8335776811
36547.9740163666
36545.0779637067
36556.5175496085
36554.0752508938
36549.0317362186
36543.8863548044
36557.7745397021
36559.0724433067
36559.7223625126
36555.9695067382
36568.2901092093
36550.2011480594
36563.0511596534
36563.9848517535
36552.5324135611
36547.8908154233
36546.1137942966
36534.7604632886
36545.1594723012
36539.963462684
36558.7264323091
36538.6541524334
36558.5853594196
36551.6690263308
36553.4711596056
36544.6713411277
36549.2425606921
36542.1233833143
36556.9049342303
36545.026791002
36551.9520847174
36570.0086621521
36557.0224067526
36553.0691001007
36564.853284543
36529.0610601535
36551.3848967828
36545.379316003
36543.6602058083
36540.97581944
36542.2270516233
36547.7903192438
36549.7485205105
36538.8460683737
36544.2861822567
36544.2092012956
36545.8829301262
36539.927321698
36551.0899114026
36547.2477293446
36559.5492015857
36540.1804729719
36552.6170558371
36550.910426441
36544.7966157666
36547.004755393
36552.2349739133
36572.1265128872
36550.7534376607
36532.0243275954
36542.175358446
36547.8312207407
36545.0727549996
36543.682469044
36560.9097234585
36556.3806304513
36547.9935370868
36547.3097828068
36551.4917313634
36546.2819360174
36546.5197774234
36551.1038739397
36565.0502669049
36557.2952872476
36551.3790236775
36539.0815405138
36538.7153638647
36553.1463669559
36538.8529264216
36562.3149301603
36536.5920550714
36540.5782373129
36539.3838117905
36557.9954470647
36549.4547897982
36534.028690096
36542.5849726893
36552.771155185
36548.5056782975
36550.7555551417
36565.5010564813
36544.6834991558
36557.2071373158
36557.8621344765
36561.2810038864
36535.4537064403
36560.1853803883
36528.8752215824
36540.797729825
36552.0508792046
36541.4722623079
36546.2401223249
36554.63132441
36549.7633161633
36554.535152387
36536.7354085505
36555.7250982729
36545.5690062917
36556.5224581394
36552.886906131
36536.9770247531
36558.3723006875
36565.9999515945
36546.5013225479
36550.765217915
36557.2249999715
36541.948816739
36547.5474633807
36545.138768929
36573.6478081073
36555.2301843065
36548.7485674456
36540.4897413521
36537.5789008803
36548.3110757007
36546.2974883059
36551.7984176771
36537.2563135831
36537.2688682152
36552.7136621762
36560.4739154581
36539.7369155009
36536.2765427997
36546.0422502869
36560.4921172045
36542.6114436183
36546.8415883465
36547.3055068995
36544.7318325801
36568.9174531431
36563.8822840451
36553.7436691587
36539.0675603833
36551.5524684598
36566.4718101612
