36613.5024911139
36617.1958218772
36615.2003225354
36618.2466709378
36618.8388395187
36617.7196456539
36613.0295497284
36615.601950211
36614.0528732857
36614.5500458917
36615.2327614041
36613.4152730823
36614.7297508101
36612.6383850213
36613.6345463309
36614.5064257412
36617.9759697303
36614.0528732857
36614.7297508101
36615.2790803786
36614.5064257412
36618.8331829314
36617.0437921153
36615.7120928535
36618.2093804007
36618.356802278
36617.61447624
36617.6655010864
36618.3904495817
36618.5983107122
36618.3904495817
36618.8331829314
36618.5165188029
36618.726737812
36614.7659146235
36613.1956269785
36617.861496
36617.861496
36609.8596933496
36617.1685722344
36616.6462492467
36618.356802278
36618.7091705472
36609.3828092719
36618.6013767826
36613.5024911139
36619.0643597354
36618.3904495817
36613.6345463309
36618.011319239
36617.861496
36618.8388395187
36619.755059774
36617.5463432402
36618.8740669228
36618.5877183116
36615.2003225354
36614.7659146235
36619.2989922256
36612.0843394867
36616.1772689335
36615.6653343298
36616.5677747023
36614.0528732857
36618.8812098664
36615.4938985114
36618.0561463138
36614.2692818773
36615.0824325395
36618.2093804007
36617.1548059383
36613.5024911139
36618.7113399226
36618.8740669228
36618.7091705472
36617.9097921311
36615.1548681445
36618.7477990984
36618.5983107122
36618.5983107122
36617.0280829773
36617.0280829773
36614.5500458917
36618.726737812
36619.2919233225
36615.0824325395
36614.6097047637
36613.4152730823
36618.2093804007
36614.7589807529
36617.9759697303
36614.6097047637
36618.3256956524
36618.8812098664
36617.0437921153
36618.7477990984
36610.0707102461
36619.2726407346
36617.861496
36618.8175384396
36616.3532919121
36617.9097921311
36609.3828092719
36618.8175384396
36618.5877183116
36619.4012257071
36609.8596933496
36617.5463432402
36611.4798842727
36618.949084835
36616.6462492467
36619.4012257071
36609.8596933496
36614.8647445744
36618.3904495817
36613.9368163754
36617.861496
36611.4798842727
36618.8331829314
36618.8175384396
36617.61447624
36615.3574754483
36613.0295497284
36619.2919233225
36618.41549702
36618.726737812
36611.4798842727
36615.4938985114
36616.3532919121
36617.9759697303
36616.1772689335
36618.8812098664
36617.5061903731
36614.0528732857
36615.3574754483
36615.601950211
36618.8740669228
36618.8388395187
36614.6129624268
36618.8740669228
36614.2692818773
36618.03779827
36609.3828092719
36617.1548059383
36617.8434203206
36618.2466709378
36618.5983107122
36614.0528732857
36614.031282933
36617.1685722344
36618.2093804007
36611.8223436752
36616.6462492467
36618.8175384396
36618.3256956524
36613.3815966831
36619.0643597354
36618.5877183116
36618.7477990984
36615.6653343298
36618.949084835
36613.6345463309
36615.2327614041
36617.6655010864
36615.7120928535
36618.5877183116
36618.949084835
36613.045264361
36617.6655010864
36614.7659146235
36619.8678153514
36618.5877183116
36619.2989922256
36613.4152730823
36615.601950211
36618.6013767826
36618.8812098664
36609.8596933496
36614.0528732857
36618.3933068482
36618.7113399226
36618.8388395187
36615.601950211
36618.8331829314
36613.5024911139
36614.5500458917
36619.2726407346
36614.6129624268
36618.8175384396
36618.2093804007
36619.1765325242
36610.0707102461
36612.6383850213
36619.755059774
36618.8812098664
36614.6097047637
36618.1559440392
36614.5500458917
36614.0528732857
36616.6462492467
36609.3828092719
36616.3532919121
36615.1548681445
36614.7659146235
36611.5937243461
36618.356802278
36613.1956269785
36611.4798842727
36616.1772689335
36617.5601378783
36615.6653343298
36614.7589807529
36615.2003225354
36617.5061903731
36615.601950211
36613.1531094234
36618.4319138057
36616.2726566855
36613.5024911139
36619.8678153514
36619.6278148903
36611.5937243461
36618.5165188029
36614.5500458917
36618.0561463138
36619.6278148903
36619.2919233225
36619.2919233225
36618.7091705472
36614.7659146235
36617.1685722344
36618.9873856987
36609.3828092719
36618.3933068482
36615.6653343298
36614.8647445744
36613.9631017735
36615.6653343298
36616.2726566855
36616.1772689335
36615.4938985114
36615.7120928535
36611.5937243461
36615.1395832409
36619.1765325242
36613.1531094234
36615.2790803786
36613.045264361
36613.0295497284
36613.3815966831
36619.2726407346
36614.031282933
36614.6097047637
36614.5500458917
36615.2886820532
36613.5024911139
36615.6653343298
36615.5863052118
36618.9873856987
36613.6345463309
36619.755059774
36611.4798842727
36618.3933068482
36609.8596933496
36619.0643597354
36619.2919233225
36614.031282933
36614.2692818773
36611.5937243461
36614.7659146235
36615.6653343298
36618.949084835
36612.6383850213
36613.0295497284
36617.5061903731
36618.2466709378
36613.0295497284
36615.601950211
36618.8331829314
36615.7120928535
36613.9631017735
36616.1772689335
36619.8678153514
36618.6013767826
36618.03779827
36615.8428150796
36611.8223436752
36613.4152730823
36614.7589807529
36614.8647445744
36618.7477990984
36610.0707102461
36616.1772689335
36619.4357488306
36614.2692818773
36615.1395832409
36613.9368163754
36613.045264361
36611.4798842727
36612.3377452232
36619.6278148903
36616.1772689335
36618.1559440392
36616.6462492467
36611.5937243461
36618.9873856987
36618.5165188029
36616.2726566855
36618.356802278
36618.356802278
36615.2003225354
36615.1548681445
36618.7477990984
36618.9873856987
36613.9368163754
36614.5500458917
36615.3574754483
36618.7091705472
36609.8596933496
36609.3828092719
36618.949084835
36616.3532919121
36615.2790803786
36617.1958218772
36617.61447624
36617.5601378783
36615.2327614041
36613.6345463309
36614.2692818773
36618.5983107122
36615.601950211
36615.731947807
36617.861496
36618.03779827
36617.5061903731
36614.6097047637
36619.0643597354
36617.1548059383
36615.1395832409
36613.9368163754
36613.6345463309
36618.7477990984
36617.8434203206
36609.8596933496
36616.5677747023
36617.61447624
36618.8388395187
36617.6655010864
36618.03779827
36614.031282933
36618.3256956524
36618.6013767826
36618.1559440392
36618.0561463138
36617.8434203206
36618.8331829314
36615.2790803786
36618.2093804007
36615.601950211
36612.0843394867
36617.5061903731
36615.3574754483
36616.1772689335
36615.1548681445
36610.0707102461
36614.9578469174
36612.6383850213
36614.6097047637
36614.6097047637
36619.4012257071
36619.2726407346
36613.3815966831
36615.7120928535
36617.1548059383
36618.1559440392
36615.2003225354
36611.8223436752
36619.1765325242
36615.6653343298
36613.4152730823
36613.5024911139
36614.6097047637
36615.2790803786
36615.5863052118
36613.0295497284
36614.6129624268
36610.0707102461
36618.2466709378
36618.8331829314
36616.3532919121
36618.949084835
36614.031282933
36617.6655010864
36611.4798842727
36609.8596933496
36617.3846827393
36614.9578469174
36617.8434203206
36618.0561463138
36615.2003225354
36619.6278148903
36609.3828092719
36612.6383850213
36615.1548681445
36618.8388395187
36618.8331829314
36613.1956269785
36618.0561463138
36618.5983107122
36613.1956269785
36611.4798842727
36616.2726566855
36612.3377452232
36618.8331829314
36617.5601378783
36617.5463432402
36617.6655010864
36618.9873856987
36618.8331829314
36618.3256956524
36619.2726407346
36618.8388395187
36613.9631017735
36617.1958218772
36615.6653343298
36610.0707102461
36617.6655010864
36614.5500458917
36617.8434203206
36614.2692818773
36615.2886820532
36613.1531094234
36614.7589807529
36615.731947807
36617.9097921311
36615.8428150796
36619.4357488306
36617.9097921311
36618.4319138057
36615.7120928535
36618.0561463138
36618.9873856987
36618.7113399226
36613.9368163754
36617.1548059383
36617.1548059383
36615.6653343298
36615.731947807
36609.8596933496
36617.7196456539
36617.0280829773
36613.045264361
36614.6129624268
36618.4319138057
36617.7196456539
36617.9097921311
36612.3377452232
36617.9097921311
36615.2467220143
36615.2327614041
36615.8428150796
36618.5877183116
36617.1685722344
36618.9873856987
36619.755059774
36617.9759697303
36613.1956269785
36615.731947807
36614.031282933
36615.4938985114
36614.6129624268
36615.2003225354
36613.9631017735
36613.3815966831
36614.2692818773
36615.8428150796
36617.1548059383
36618.8175384396
36615.601950211
36618.8812098664
36615.601950211
36619.4357488306
36616.2726566855
36618.8331829314
36612.0843394867
36617.861496
36616.5677747023
36614.7659146235
36614.5500458917
36618.949084835
36619.0643597354
36613.045264361
36617.9759697303
36616.1772689335
36618.2093804007
36619.1765325242
36618.8331829314
36618.8175384396
36616.1772689335
36615.4938985114
36619.2919233225
36616.5677747023
36613.9631017735
36618.5983107122
36618.8388395187
36617.0280829773
36616.6462492467
36617.6655010864
36617.1685722344
36615.7120928535
36619.4357488306
36618.9873856987
36613.9631017735
36614.0528732857
36618.949084835
36618.4319138057
36618.0561463138
36614.9578469174
36613.3815966831
36615.6653343298
36613.045264361
36609.8596933496
36616.3532919121
36614.6097047637
36614.0528732857
36614.7297508101
36619.2726407346
36618.8175384396
36615.731947807
36618.0561463138
36614.7659146235
36615.6653343298
36618.7113399226
36618.2466709378
36616.1772689335
36618.5983107122
36615.5863052118
36618.7477990984
36615.2886820532
36618.5877183116
36618.8175384396
36616.3532919121
36618.7091705472
36612.3377452232
36614.7297508101
36617.861496
36615.3574754483
36619.4012257071
36614.7589807529
36614.0528732857
36611.4798842727
36618.9873856987
36613.1531094234
36618.8175384396
36613.3815966831
36618.7113399226
36618.03779827
36615.0824325395
36614.0528732857
36618.5983107122
36616.3532919121
36615.2467220143
36615.1548681445
36615.7120928535
36613.1531094234
36618.5877183116
36618.5983107122
36619.755059774
36617.8434203206
36616.5677747023
36614.6097047637
36615.5863052118
36611.4798842727
36618.8812098664
36613.3815966831
36618.3933068482
36617.1685722344
36615.1548681445
36612.6383850213
36616.6462492467
36614.7297508101
36618.8331829314
36618.8812098664
36618.7477990984
36618.6013767826
36615.3574754483
36613.6345463309
36617.8434203206
36618.356802278
36617.9759697303
36619.1765325242
36609.3828092719
36614.9578469174
36615.2467220143
36614.7659146235
36617.1548059383
36616.1772689335
36615.6653343298
36615.2790803786
36613.045264361
36612.3377452232
36614.031282933
36611.4798842727
36618.0561463138
36613.9368163754
36618.1559440392
36619.4012257071
36618.3904495817
36619.0643597354
36618.8740669228
36618.011319239
36615.1548681445
36619.4357488306
36613.9368163754
36615.0824325395
36609.8596933496
36619.2919233225
36618.949084835
36618.011319239
36617.1685722344
36618.7477990984
36610.0707102461
36615.1395832409
36614.8647445744
36618.5165188029
36617.0437921153
36613.0295497284
36617.8434203206
36619.2989922256
36609.8596933496
36618.4319138057
36613.9368163754
36609.8596933496
36613.045264361
36617.0437921153
36619.6278148903
36611.5937243461
36615.2327614041
36612.3377452232
36615.8428150796
36618.8175384396
36611.8223436752
36617.61447624
36614.7589807529
36619.8678153514
36614.5500458917
36616.3532919121
36614.6097047637
36615.5863052118
36618.2093804007
36619.4012257071
36619.0643597354
36617.5601378783
36618.03779827
36618.8388395187
36614.7297508101
36614.7589807529
36617.6655010864
36616.3532919121
36612.0843394867
36612.6383850213
36615.1395832409
36614.9578469174
36614.9578469174
36615.1395832409
36619.2726407346
36615.2467220143
36614.7589807529
36617.8434203206
36615.2886820532
36618.8175384396
36617.61447624
36618.4319138057
36618.1559440392
36618.4319138057
36613.9368163754
36617.8434203206
36618.3904495817
36614.7589807529
36615.0824325395
36612.0843394867
36619.0643597354
36615.1395832409
36613.6345463309
36619.2726407346
36615.5863052118
36615.3574754483
36614.2692818773
36614.031282933
36612.6383850213
36611.4798842727
36614.8647445744
36615.2467220143
36618.9873856987
36618.8740669228
36615.2790803786
36615.731947807
36617.5061903731
36618.8175384396
36614.5064257412
36616.2726566855
36616.6462492467
36614.5064257412
36619.2726407346
36618.1559440392
36615.7120928535
36614.5500458917
36618.8175384396
36611.8223436752
36614.6097047637
36616.1772689335
36619.2989922256
36618.41549702
36614.9578469174
36618.8740669228
36617.0437921153
36615.4938985114
36618.3933068482
36619.1765325242
36614.6097047637
36613.0295497284
36619.6278148903
36617.0437921153
36618.2093804007
36617.5601378783
36617.9097921311
36618.3256956524
36613.4152730823
36618.41549702
36616.3532919121
36614.0528732857
36611.5937243461
36617.1548059383
36619.0643597354
36614.8647445744
36618.41549702
36619.4357488306
36613.5024911139
36613.1531094234
36614.7589807529
36619.2726407346
36619.2989922256
36618.8331829314
36617.1958218772
36617.1548059383
36613.6345463309
36618.2093804007
36618.0561463138
36615.601950211
36616.6462492467
36614.6097047637
36610.0707102461
36618.8331829314
36619.6278148903
36619.0643597354
36617.0280829773
36618.726737812
36618.2093804007
36616.2726566855
36615.1548681445
36614.7589807529
36615.0824325395
36612.0843394867
36618.5165188029
36618.5983107122
36618.0561463138
36618.7091705472
36618.949084835
36617.5601378783
36618.5165188029
36614.5064257412
36617.6655010864
36615.0824325395
36617.7196456539
36617.61447624
36618.8175384396
36615.0824325395
36612.3377452232
36619.6278148903
36617.9759697303
36615.7120928535
36615.7120928535
36610.0707102461
36616.1772689335
36618.3904495817
36615.3574754483
36618.8175384396
36615.7120928535
36618.41549702
36617.1548059383
36619.8678153514
36615.2327614041
36618.7477990984
36613.5024911139
36613.0295497284
36613.9631017735
36614.031282933
36618.3256956524
36613.4152730823
36618.8175384396
36619.6278148903
36618.7113399226
36615.2003225354
36617.1958218772
36615.2003225354
36615.3574754483
36615.2790803786
36614.5500458917
36610.0707102461
36616.3532919121
36612.0843394867
36618.7113399226
36614.7659146235
36618.9873856987
36614.031282933
36619.4357488306
36614.6129624268
36618.3933068482
36618.0561463138
36613.045264361
36615.601950211
36614.7659146235
36619.8678153514
36618.5983107122
36615.7120928535
36611.5937243461
36617.61447624
36613.4152730823
36618.5983107122
36615.2790803786
36613.1956269785
36618.1559440392
36611.4798842727
36615.1548681445
36615.5863052118
36609.3828092719
36618.949084835
36618.8331829314
36615.5863052118
36616.2726566855
36618.7113399226
36618.6013767826
36618.356802278
36609.3828092719
36618.5165188029
36618.41549702
36613.1956269785
36618.8740669228
36617.861496
36615.5863052118
36614.7589807529
36613.3815966831
36615.731947807
36617.5463432402
36613.1531094234
36617.1685722344
36619.4357488306
36618.7113399226
36617.9759697303
36618.356802278
36617.5463432402
36618.011319239
36618.726737812
36617.0280829773
36618.3904495817
36619.1765325242
36617.861496
36615.2467220143
36612.0843394867
36614.8647445744
36614.7589807529
36614.2692818773
36617.8434203206
36614.6129624268
36618.3256956524
36617.9759697303
36609.3828092719
36618.5165188029
36614.5064257412
36617.0280829773
36619.2989922256
36618.5165188029
36615.2467220143
36618.0561463138
36617.5061903731
36610.0707102461
36618.6013767826
36615.1548681445
36617.9097921311
36616.3532919121
36618.9873856987
36615.731947807
36616.6462492467
36614.7659146235
36617.5061903731
36614.0528732857
36617.5601378783
36618.8812098664
36617.6655010864
36618.3933068482
36615.8428150796
36617.5601378783
36612.3377452232
36613.1956269785
36615.0824325395
36613.5024911139
36618.03779827
36617.0437921153
36619.4357488306
36617.5061903731
36618.8812098664
36618.2093804007
36613.4152730823
36618.8740669228
36616.5677747023
36614.7297508101
36618.5165188029
36613.9631017735
36618.9873856987
36619.755059774
36618.03779827
36619.2919233225
36613.1956269785
36613.1531094234
36612.6383850213
36614.7297508101
36617.5061903731
36614.8647445744
36618.356802278
36616.3532919121
36613.9368163754
36617.5463432402
36616.6462492467
36619.4012257071
36617.861496
36615.2327614041
36615.2467220143
36616.5677747023
36618.8740669228
36615.0824325395
36615.731947807
36618.7091705472
36614.6097047637
36619.755059774
36613.3815966831
36615.601950211
36611.4798842727
36618.3933068482
36614.0528732857
36615.1548681445
36618.5983107122
36618.8740669228
36618.8740669228
36614.6097047637
36615.731947807
36616.3532919121
36615.2467220143
36618.5877183116
36613.5024911139
36619.4357488306
36618.4319138057
36617.5463432402
36615.7120928535
36618.949084835
36615.2790803786
36619.4357488306
36616.5677747023
36615.1395832409
36614.5064257412
36617.861496
36617.6655010864
36618.2093804007
36618.2093804007
36616.6462492467
36617.5463432402
36615.2467220143
36618.4319138057
36611.4798842727
36614.7589807529
36615.2327614041
36614.6129624268
36619.2919233225
36618.5877183116
36617.0437921153
36616.6462492467
36619.2989922256
36617.61447624
36619.2989922256
36619.2919233225
36615.7120928535
36614.6097047637
36614.6097047637
36617.7196456539
36618.8331829314
36615.0824325395
36618.6013767826
36618.3933068482
36619.4012257071
36619.4357488306
36618.726737812
