36515.463972594
36542.5700092906
36539.3570045084
36510.6159603915
36531.2458347054
36527.6379679134
36553.2785158525
36536.1981249273
36569.2636097083
36521.7138636359
36525.9886868459
36491.2531929673
36523.3439643313
36519.7958025599
36528.6093250294
36540.4168325467
36499.2540316915
36522.2688196525
36506.1073413781
36550.5089279072
36535.6696662378
36491.4042963447
36541.810575827
36557.2247943389
36508.9067739694
36515.3242440593
36564.043370158
36485.8252695922
36521.2989628205
36487.3155643852
36520.6766455871
36512.9168565452
36501.8185274421
36497.4637738487
36495.3442491441
36514.2369801537
36516.9962350967
36546.7588140206
36537.643373719
36535.2179512517
36527.4786309269
36514.3490085008
36538.308042832
36505.6162421484
36537.0742380816
36540.8817858966
36529.4489923563
36547.7184320468
36558.5140623952
36518.8781604214
36556.1774008544
36542.8655183643
36507.8779425931
36509.6142022645
36489.7395125463
36538.2099054831
36509.2270084139
36528.570861596
36538.9737847072
36514.9644518754
36543.1019066104
36566.650233144
36537.975097709
36544.1466282289
36527.7520999557
36522.2197868191
36540.2311034067
36522.8506306878
36509.2631185996
36532.6765728591
36500.3160017579
36518.9091863326
36544.0246532777
36570.6346535449
36541.6569138872
36481.5015922395
36529.1082046494
36512.317339883
36506.8787535756
36504.8673782189
36540.1280748796
36541.6653664116
36518.0128139924
36523.0208998525
36551.0105602246
36525.4629426795
36519.4934697596
36548.7905571063
36537.8831977358
36538.1503396952
36508.4362658287
36525.3763043868
36530.1049185115
36498.1428411821
36535.8043614264
36552.1850974622
36514.7163736165
36517.9961159525
36494.3123152644
36533.2459049632
36550.2305499759
36504.5421041128
36534.5036991992
36540.4615369136
36512.7260309536
36539.4771459852
36525.9696016107
36539.7790819278
36513.1287139933
36523.9300108447
36556.9222848966
36531.7004343029
36550.8219307151
36500.7545715222
36565.2667014245
36529.7192211728
36542.7030957144
36549.3084140773
36554.0951053604
36517.74660285
36497.7309316134
36512.5153081644
36514.1469808605
36529.551458903
36543.8250663746
36525.3592068442
36525.613148908
36520.147475273
36519.1774682816
36546.8599523061
36556.5798851642
36476.5185511321
36507.9436395679
36534.8296130327
36526.2206322483
36549.0165943665
36537.0281241299
36582.8218519955
36541.1027018495
36535.9068773017
36548.3761176568
36498.7826369668
36566.5452559308
36507.1684846966
36565.784895738
36539.7865738827
36518.862977587
36529.4382428435
36515.6550362218
36532.1669764264
36500.8698116983
36517.6482532537
36504.1901746954
36556.8467308554
36534.1671217865
36506.2914734493
36540.6511730252
36528.2482567
36507.9285658642
36507.2652326093
36550.8213915075
36491.4337095509
36550.6467906874
36512.4828653062
36527.7579652961
36525.5551709069
36542.4901986973
36541.1872102534
36518.5815217281
36528.4242751775
36547.9725854317
36504.3627204141
36522.7403219774
36565.8542902269
36533.4822086821
36571.4277388589
36555.1806795267
36512.8014276236
36556.7723426241
36556.643084181
36555.6205416586
36502.4052463435
36531.9312735054
36531.8967057906
36511.4618262206
36546.1953540971
36507.501840769
36521.2933863986
36522.2606612539
36536.2075868178
36524.6592168037
36544.9128104191
36536.1243040702
36553.2579091106
36517.8554746416
36521.9906147234
36509.6418265695
36544.8117264421
36497.558516449
36547.4512122068
36525.3575493949
36558.8246513985
36523.1298354036
36532.038087069
36537.325396186
36514.2293590027
36498.1353610564
36495.0008796442
36509.0203915871
36528.2611297342
36458.510262446
36501.7851903329
36509.7184642128
36565.8717300661
36538.444743616
36529.9855757186
36513.3486953271
36531.2009670442
36549.4806575319
36484.7132506053
36520.5709247798
36546.6814434747
36511.3291912937
36536.270620272
36553.0116822435
36552.4192586989
36568.0438191031
36549.7887414215
36522.6586276691
36544.0668432865
36519.6594137793
36532.6696628422
36524.013439429
36553.2059079396
36514.3045976884
36465.4447206577
36555.2291669981
36544.0933630318
36532.0521209561
36539.9016997051
36500.7513601153
36584.7470316976
36490.8346599518
36559.9701605287
36536.0532912843
36538.6736789011
36516.3857045836
36541.3920032319
36488.1300764071
36526.7046716466
36556.698402811
36515.4761410905
36550.9573315644
36550.4632378888
36553.6440220602
36479.4260364228
36546.4251797847
36552.2380808201
36516.2037018487
36505.7143017225
36537.3620612778
36517.3560040367
36556.0718665824
36550.5636562246
36543.3137334643
36521.3447001597
36551.1904123222
36534.8944924125
36533.9779725907
36518.419252184
36551.139621543
36543.6343981114
36513.9718998305
36568.0262206295
36509.4750940253
36539.0043548869
36503.2123370833
36546.8138955751
36591.9998820567
36525.5697341168
36522.5790995552
36517.2114810636
36505.3278510518
36560.2417369695
36533.1596107894
36540.7098813387
36539.1160603119
36510.715389272
36546.9070839657
36535.9148476352
36553.2931184756
36528.953316852
36536.4814118002
36548.2697770391
36533.7195432693
36528.9601481241
36518.2181106144
36571.9197851989
36579.04619613
36558.5307032111
36521.5313728099
36519.2539581549
36532.2357675564
36536.365949183
36518.7032117549
36557.0391780624
36538.1252101323
36514.8114821703
36559.0397717419
36499.0509617005
36512.8458079863
36494.248492496
36507.0249916963
36527.058062544
36536.2395668552
36536.2386835931
36543.6608733373
36506.7265306737
36520.1425856529
36539.4037527093
36554.3238419675
36535.3321231499
36565.1180789612
36549.0684312613
36558.0303506745
36523.826106632
36513.0437504873
36515.6007641838
36535.62866961
36541.700550709
36532.7944651318
36513.7436539089
36501.4249267835
36558.4944026373
36486.446326344
36538.1659007916
36522.2020699611
36532.9369195531
36512.98016801
36538.5062462575
36555.318184334
36529.8019887084
36494.7963023901
36513.9497634856
36539.1711158672
36514.7792125968
36522.6127982549
36547.4737202028
36551.2953830073
36547.4143344879
36522.24522731
36530.9354242887
36519.6047205348
36521.4568491382
36525.717816797
36533.9746873608
36518.5021677451
36516.4365440876
36519.3126514527
36533.3810094816
36531.4274162926
36530.2058380077
36538.6644984576
36506.935780495
36504.9463049163
36528.4807270002
36506.8834596844
36548.8145315182
36538.3260157657
36556.0769792055
36540.6440863691
36536.1918499513
36540.0422841069
36526.627730854
36514.9631311372
36488.4652613168
36566.3582790246
36511.1881907568
36551.487280808
36519.1132730138
36524.456739903
36533.422418937
36516.0937909987
36564.5696831186
36531.0790453534
36586.340746866
36509.6776538042
36483.900811657
36552.5332393766
36543.2965671395
36538.8764914191
36514.1199983746
36564.1503095318
36513.1266456653
36527.840665345
36537.9518876902
36495.7053269766
36526.9118095901
36552.8688206579
36523.5437258183
36532.6353332735
36534.7028622698
36511.6509192556
36544.7739364557
36504.5948045344
36555.0246280856
36534.6706436576
36529.1853992647
36511.2053835158
36504.0498147022
36542.6211423618
36550.9532840866
36527.7879623903
36521.2313245473
36515.9985475121
36539.8060443466
36523.8106901986
36555.1630280133
36529.9888646297
36526.3513017022
36541.4716802342
36511.2236833642
36535.3257188792
36541.3446186046
36527.9475182053
36517.303069059
36536.2949376004
36520.4249358624
36516.478396648
36539.1803022053
36541.4195481971
36532.9620925747
36537.8819501883
36527.8484298436
36528.4969286727
36501.9129458727
36540.6512329491
36533.4043736974
36553.0437444727
36492.2904866905
36568.2586796523
36519.0356786391
36552.0128866524
36520.9005376183
36577.9436243015
36500.1619831414
36525.5074444828
36554.8446534622
36532.7299063518
36498.1414207428
36541.9103475506
36543.5446185928
36527.0725102379
36553.3650384209
36551.4931039042
36534.1634123186
36536.2460897157
36539.2218279771
36495.0496482073
36526.8432925646
36492.5570341898
36525.5026461566
36539.4678218114
36530.2053012037
36557.3905301167
36574.0798599932
36538.5686108105
36508.4996307639
36508.9284631473
36539.39739692
36530.2769911799
36515.1415127313
36526.1140494323
36495.1716026732
36543.4445935746
36562.2524092003
36505.2047194335
36557.9456615985
36513.2007898047
36519.5528450443
36542.9596448764
36494.8931189969
36500.0498851597
36513.9365446601
36564.167381163
36540.6139009156
36491.2623656406
36547.0081543841
36520.9012917935
36528.8485550159
36549.4390429415
36530.3898116052
36530.762918332
36511.5506151013
36502.3579634957
36546.1029904
36570.4858143384
36515.1492632556
36546.9451119066
36511.6948125473
36522.284310157
36530.4912359384
36559.5270597272
36538.6720453651
36522.577615053
36552.9374143178
36550.1222799258
36538.5125274538
36520.0159542438
36550.7455952479
36534.4572618146
36533.96830907
36529.6053876775
36495.1308827742
36522.4054368914
36514.4198922461
36549.1847602776
36517.8511430928
36494.6441397565
36522.422609188
36565.3365121724
36562.1427926263
36505.1350476249
36521.9326906298
36533.0805907609
36512.8021124199
36509.6830673007
36539.6411436124
36547.0425432131
36518.096729827
36570.206414916
36536.9526231535
36535.9723089084
36493.7008599862
36539.3009262167
36497.6547397348
36539.6951718811
36519.7996099166
36530.9999571273
36511.2379675564
36504.19239833
36530.3365569377
36518.4057158266
36520.6679037968
36527.6325299012
36589.0048032968
36520.6160711698
36514.4496675101
36518.2102370483
36516.9287119512
36517.6318414034
36533.0751508918
36525.3958960784
36515.3861576906
36541.3125512247
36546.6322605157
36503.1708206547
36512.3880668378
36561.4292397421
36503.4858223993
36539.4649684788
36568.2848082649
36526.4956537165
36505.0987304374
36504.9028382302
36548.6300074063
36540.5396513967
36502.873409928
36544.0332994871
36538.53071209
36513.4992606114
36525.7782248311
36504.5690136529
36538.0190322128
36531.312013547
36536.5557953946
36535.7868613172
36512.8729797265
36584.4135100018
36496.1632392504
36526.5534021689
36516.7188612125
36499.0527862494
36572.3051463352
36548.3091271512
36526.4727329389
36535.9242380225
36498.8443030265
36531.2686319426
36535.7045625511
36510.670362633
36554.9733592752
36526.1217360844
36531.4626411595
36528.3986139035
36550.4386509883
36530.3815899982
36529.1311395018
36507.0054016204
36515.6669139857
36557.9781937485
36491.5169647008
36524.5326763792
36560.5682517807
36522.8819206428
36541.4565423935
36533.6152815511
36492.0075745584
36527.3925979687
36505.451759532
36545.8944545081
36545.7559394327
36495.5384276521
36523.5791140346
36560.0614833531
36514.2974968014
36545.5358246168
36530.8954933131
36483.8302977039
36504.7853910952
36515.8495677182
36560.3873920967
36523.0548189842
36528.5049653728
36538.1564906112
36502.2570380232
36535.1193260753
36492.858246168
36558.7425394881
36523.9813092202
36535.4335837154
36541.0933770131
36529.4861457595
36562.9212326175
36531.6507174921
36494.6782748208
36513.5339042141
36512.4684439562
36522.7403469549
36559.6956716766
36531.8543356073
36550.5191811003
36507.6136036697
36485.8604245445
36540.5016932597
36520.435184005
36516.4603124317
36511.4291607216
36530.1293594527
36495.0896233117
36563.0746177469
36505.77553658
36534.1549107465
36525.9390930508
36486.0428529831
36517.11417629
36529.3792299593
36536.8920413435
36519.071188512
36537.9193321085
36524.8008803484
36533.5248110724
36487.5280516742
36516.6386580419
36553.1964079697
36544.3729733968
36564.783016456
36523.0208610999
36550.8584961925
36524.9399936528
36525.2916808932
36526.8718187415
36516.1035705715
36559.6809816922
36527.7548177669
36492.8844466042
36537.1294857351
36527.3410789167
36537.7650608636
36514.764851819
36536.1692015168
36515.1504566791
36520.018407632
36516.752816824
36554.8948290538
36535.222252071
36507.2310125466
36526.6897635813
36515.5324875019
36556.5755836645
36505.8377249575
36542.3923090747
36539.7793561681
36568.6551686105
36504.6636512821
36560.9535336425
36536.7181366388
36532.5266157771
36540.7610518718
36551.1225249186
36517.6805370451
36503.9986818971
36500.4734610074
36544.4833295607
36538.9307480798
36520.5541386874
36517.6926821433
36535.2662270337
36502.945866676
36536.3227119005
36566.5517080007
36571.6214560509
36537.2320704927
36519.1716475132
36550.3321565743
36566.7256170281
36550.2605568697
36543.4914925317
36543.7198650543
36514.803868862
36528.468584211
36540.6227442428
36551.7835245162
36558.7678754281
36555.3740205718
36492.3566119492
36519.9755725639
36507.2829258919
36508.1889412524
36524.4048052708
36546.925265088
36541.3118466035
36534.4799410019
36539.4275786399
36521.5934265602
36577.4680397459
36538.088567396
36519.2331346924
36542.8234382065
36490.4248118102
36536.7245075305
36512.7619946245
36518.5896777789
36523.4410980847
36546.8709189054
36538.3733469298
36541.6277942057
36484.1295711942
36552.663569213
36519.8345211772
36539.8062270707
36507.4685819026
36489.8981038838
36504.6014183535
36531.8052030601
36536.7663316904
36516.6950975365
36517.0695864499
36555.5183189343
36522.3787752586
36537.156172728
36515.1041375788
36533.9228792163
36533.8211681534
36552.508602024
36552.3775986138
36534.0552787483
36520.4967166352
36504.4756397079
36488.5124621725
36543.6707385911
36494.501181359
36557.4083376241
36563.6952941636
36533.8486801544
36551.3736554358
36519.136467346
36524.0657813999
36489.5779553067
36552.2642858318
36539.7894378415
36532.5706763542
36527.5865988128
36514.2426296631
36551.8566536774
36533.8968036451
36543.1807484582
36525.5310255578
36505.4064488331
36520.3244644727
36526.8213358008
36516.3907105342
36508.6340975659
36515.6325269134
36587.3166945546
36552.054034035
36581.8589176613
36490.9351533354
36507.8486315658
36564.9168431988
36534.9775902154
36541.8127218531
36511.2327082518
36523.393812891
36519.7021794856
36499.6338018684
36527.6141652636
36521.9712311682
36551.3127748595
36502.0513075443
36544.8088772267
36551.8310748326
36518.2184325568
36521.9526941771
36599.635948119
36586.3337698899
36566.538345014
36504.1358973524
36515.9781648306
36540.2736182225
36546.054517137
36553.5533273337
36553.3035056895
36540.8978179012
36493.8070152132
36528.2444876424
36531.3005883165
36504.08160782
36516.6032058321
36534.7141106976
36549.5953506312
36511.7959608521
36537.6085608407
36550.4906501586
36566.3106104489
36510.7395076826
36564.4298837504
36553.60652939
36536.2558626086
36560.2490996938
36518.9123281992
36529.7288352984
36516.4758349054
36516.2407639548
36505.7165919951
36526.2201658682
36495.2711979875
36534.0655876915
36516.3715200945
36515.5169931178
36524.7067519227
36564.2025445636
36543.3426362796
36504.9780684151
36536.9238730388
36551.4479490243
36552.4950346387
36502.7521711062
36511.6098649617
36525.9839598404
36548.4117649363
36575.812200248
36518.0210683461
36544.964386607
36509.504563128
36518.3319684088
36544.8195188426
36515.4254451875
36517.8522382812
36542.3088884618
36484.4079309378
36541.5587275166
36560.8274930492
36539.7284543172
36514.3940538235
36560.838720249
36483.789382688
36555.5279218174
36543.8280518441
36541.7056702127
36532.8819468723
36505.8668017233
36537.1785211254
36529.2095528599
36507.2045728527
36556.1826204274
36521.9587026881
36562.5815817844
36548.1110980144
36516.3902206992
36524.1574690242
36511.3556155764
36525.8045006067
36538.7442720124
36520.3962910835
36544.9804677202
36520.1762857908
36519.1727633297
36502.0907502804
36536.7071404152
36527.2147317907
36504.6043226288
36515.5346198879
36539.6235187206
36526.2220774244
36536.4111521695
36529.0199925896
36543.388054703
36539.5368479314
36512.5995011881
36521.4666674508
36536.3477068846
36569.9029713154
36545.6104211994
36502.6216731797
36528.549829227
36503.5875161537
36526.8772873316
36525.9351057708
36504.8445340409
36505.723187608
36529.0911888144
36508.8981120204
36523.3642019337
36538.4750477675
36550.2089520157
36526.320855646
36542.5256881961
36536.8580869153
36532.8381691166
36526.9464208216
36530.674301156
36536.1478326713
36531.067912304
36526.7396870091
36518.664014403
36536.4277235147
36530.1996089571
36532.386763872
36560.3728608114
36509.9197736393
36536.3474506875
36529.1834096731
36505.1837023959
36516.9427923357
36568.2110434441
36507.3688944674
36571.6891737779
36525.0453008526
36484.2363445477
36515.864573992
36533.1284312755
36561.586798234
36526.6298094857
36523.1776380657
36534.302732543
36513.3510745714
36535.4710573015
36556.4775260757
36483.7028100607
36523.7363093268
36543.6541610283
36495.7246526388
36538.5501847593
36540.0368338202
36546.8213860977
36545.5663264482
36573.9110956117
36521.217550938
36555.7325723859
36555.6148604764
36525.8692477921
36514.0410850688
36530.7676139681
36533.3953962097
36526.572066454
36551.2464846889
36525.0704017719
36566.2271808156
36546.5224190323
36556.364306964
36510.6117516718
36534.5298697544
36507.5859291429
36544.949917103
36531.0538860588
36518.0816840021
36520.6415210483
36541.8167355246
36540.1061309916
36528.3773984393
36524.7767953145
36507.6325169482
36538.0513092316
36508.5636556549
36545.4289810335
36501.1281039112
36514.493981824
36543.9743390443
36529.0881302134
