36523.5620658522
36545.7454498041
36539.7864660479
36530.177916886
36519.1929125886
36523.5205655851
36544.305277126
36533.6094530041
36534.0642345771
36532.2537954225
36517.3322780779
36528.6293913424
36522.4053872898
36522.324619425
36538.1053111162
36540.8348210128
36531.440584871
36533.8242173186
36548.758426173
36511.0113278491
36544.5375338972
36522.1212263767
36551.2408341602
36522.2585751046
36519.0519905738
36528.3798271855
36534.1663904655
36531.2903941608
36508.7889945614
36526.8248908885
36525.1876745513
36537.2193032681
36551.13390106
36509.1277808485
36513.845533972
36540.2804420606
36523.8429573526
36533.1188009466
36530.2535439648
36529.8909177889
36536.7417385552
36520.1779605126
36522.1679576706
36532.2500308375
36519.1012459494
36528.0928948358
36544.7226243048
36544.9087084373
36522.5407403399
36541.5475827717
36532.544891442
36530.6527736877
36534.7546137308
36514.3277946543
36528.018585295
36520.7642161554
36535.980592004
36529.0734699811
36520.0893721604
36526.1238431954
36548.662610121
36550.3708271205
36535.4599084278
36511.5893472298
36543.8081397074
36554.4007460773
36537.3988738237
36517.4578210974
36542.6483896372
36538.0084273307
36546.6451484914
36522.220138983
36528.3447069624
36521.0027529137
36547.8137350239
36536.0995552872
36529.9238500022
36540.4670814036
36536.4640348146
36523.1368584118
36529.30223409
36526.7014221812
36545.6065640664
36536.3546397249
36548.3585265953
36534.5482031635
36516.4637115622
36528.8200250852
36521.912639689
36544.4805660213
36544.8073429079
36544.3025254276
36527.5502178089
36524.9621901392
36535.6983381302
36543.2893066425
36528.1329568626
36535.9585573254
36531.5888484181
36521.5428276156
36519.9110447628
36536.8493664898
36547.7651653719
36540.2933219654
36541.5505357155
36539.0725010715
36539.3645544394
36555.615457885
36532.2109491507
36526.6973351228
36543.4996962654
36527.2981933774
36536.2944889892
36532.9808733258
36518.7372775291
36531.6701005938
36518.9372143672
36555.6157830806
36535.5800385725
36535.3965549255
36537.5549670012
36512.3603588614
36526.0042184759
36503.4830353044
36526.1121324297
36539.59138388
36531.3878137883
36531.6642847443
36545.0707978272
36529.7312401665
36534.876140166
36540.1007375808
36531.9050074829
36530.1013395837
36522.2108781116
36537.718321478
36534.0065749113
36541.5615830417
36521.7828718966
36510.6528291758
36533.2527218765
36538.3977587311
36552.262415364
36538.527659212
36534.8425301481
36527.2537554142
36525.2421219458
36540.0633916367
36547.0073326053
36543.3108419228
36532.5828213676
36525.9774778241
36531.9492714847
36523.6983994398
36526.6552024986
36546.1188007357
36517.7378659446
36536.5794823184
36526.7412000254
36525.8177993081
36528.5147087192
36516.5633778848
36528.2072256699
36527.2933834351
36534.4251182573
36529.1533151862
36522.4673725655
36545.5426887585
36521.0036704068
36535.5417000992
36529.5818628497
36507.8654939779
36536.4774742479
36539.9575629616
36513.5110386124
36519.2090167102
36522.477105692
36533.9022246216
36532.737726094
36526.8491002474
36523.1301577102
36530.0164498626
36526.4332078612
36533.2089285043
36536.1675114394
36557.1011163108
36514.4769997876
36513.9778015094
36514.7566107218
36529.7522914663
36519.5011639331
36549.6532381345
36537.460642647
36529.191356456
36514.2914904678
36533.5467091177
36531.2863600289
36525.8760598039
36512.9246030329
36512.1594285777
36540.5851985228
36525.8350820894
36544.7274168401
36561.9922336781
36532.3070427471
36522.3939550036
36538.7866383203
36523.3170218133
36520.5194076491
36520.3103772483
36537.2664098327
36527.8326116627
36513.9144344333
36535.9359202884
36531.4510677904
36528.5197402874
36524.435325669
36508.2436638733
36526.9988690853
36542.29634455
36529.9902136721
36535.3063452784
36524.3022041666
36536.189422333
36527.8646814601
36530.0479691087
36530.3646717354
36522.8871635429
36542.8772647935
36538.2953763697
36509.4034069136
36516.0124645395
36521.8989374645
36546.0909915305
36558.0861181357
36531.7514902927
36524.8011208084
36516.489643945
36503.8229524292
36530.3191633129
36531.5220599334
36533.8391015819
36521.1352682945
36525.1454741691
36528.8850187408
36532.5507832081
36521.5938524186
36553.662118431
36515.7185954281
36525.9236414208
36516.5909870482
36525.2619592713
36546.2006994668
36526.7669845839
36549.5794026561
36530.105460213
36519.335350975
36523.4213043546
36531.5539078927
36539.0635835355
36543.2705133933
36536.0812911461
36515.545865469
36535.8566183262
36526.3829615251
36541.6053753631
36531.7903488919
36543.7175394422
36535.6120785193
36541.3872228149
36550.7912865679
36543.5894340449
36524.8648560678
36528.285091324
36549.7402192682
36534.2150886031
36533.6536707795
36542.0508306035
36518.1361392449
36526.6184431662
36550.4459711439
36523.5734674846
36531.5162510541
36541.5001381586
36522.3602012088
36522.3560706217
36523.025769164
36517.4745001561
36533.531377169
36529.3216667909
36535.6790666766
36552.2944149377
36524.0872371147
36529.0754479495
36522.6263173947
36530.6438846592
36520.6023014771
36536.0153153923
36515.5902075179
36545.3798589149
36530.1708069894
36533.5357406236
36558.0088582863
36530.9440907548
36539.131580463
36534.9084739859
36531.4744047464
36492.766550053
36534.4736410493
36531.5261245905
36523.5290850871
36534.2976068145
36524.1513704472
36549.8214345526
36543.6108394
36526.973578275
36540.4019806416
36534.1408410691
36538.5903291681
36525.9297498571
36529.4891090192
36534.1949333189
36541.3150744022
36533.5764091856
36565.67903751
36524.1111056883
36551.7169932604
36545.5747833857
36518.0864235161
36532.6870637845
36525.2992752545
36526.4868634468
36516.3578404185
36512.2431408431
36506.5084215228
36544.6863210159
36532.6112970797
36523.0766438481
36531.1879438824
36527.963219484
36531.043375341
36543.4215096646
36529.3870462907
36555.4600444388
36541.5108499422
36526.8798584139
36522.1895407592
36546.4670452897
36534.5703132045
36547.412336573
36534.6785849925
36532.1423159556
36517.9587822125
36535.4503597685
36521.9516267452
36520.0447333478
36519.2577072387
36533.6746914137
36522.7265944988
36537.2416145082
36536.8557659021
36534.0868632883
36524.6022744587
36530.3271620034
36529.3975981741
36535.44037979
36527.7417768539
36533.4068184241
36520.0246253657
36510.8604925107
36514.1635421532
36548.3121673089
36543.5365772225
36532.490164064
36535.4068843345
36523.8653183344
36535.7767079467
36527.8810665101
36542.866546594
36517.858405545
36525.9723327152
36532.2047194163
36537.0478575045
36532.5233620681
36526.9619680868
36515.9971302347
36522.9954825065
36527.9453169394
36512.1605913209
36508.3565946409
36531.9049293997
36516.9242979499
36519.1320200288
36532.7102364026
36533.357011023
36527.7724499621
36547.6631414848
36533.4413895217
36543.6751442154
36542.6196367555
36528.6814455094
36535.7350131641
36535.1249500563
36521.8446017471
36538.7067459735
36534.9096794807
36552.0605506597
36529.0576681499
36529.2835604446
36511.8826579643
36547.9108678157
36541.0105990649
36546.8192691534
36528.4361053811
36533.1154262315
36544.3308860854
36520.4896393851
36549.1587215677
36530.5932261264
36531.4971397169
36540.5300315285
36554.4050345199
36536.1958947037
36514.7018776781
36538.9695377013
36538.6858352826
36527.2886200323
36527.7720808221
36529.1292585051
36539.2418617313
36500.8703045023
36523.7074917857
36549.5915951637
36518.522893243
36525.4313833698
36534.6170487423
36519.2733278687
36526.4268959658
36533.4766350025
36519.5772067594
36528.712925595
36543.1240824977
36519.9189128889
36535.1879070701
36538.9018432519
36544.3965133186
36525.6696530623
36518.1730569833
36533.3453108077
36532.5304514095
36510.4098593639
36542.7318706265
36529.466102198
36507.5481723073
36547.8985837308
36560.2084589307
36523.0529671716
36524.0675745016
36530.3925640709
36537.6624505771
36522.1471494919
36538.272642845
36525.8278444382
36529.3689792175
36529.2810745138
36538.5889149853
36559.3750978241
36552.3174896807
36531.1641452188
36531.4931594479
36522.3670987468
36543.6081605627
36531.9113991301
36536.2123266735
36537.2454746197
36513.5891109767
36529.9908540442
36533.130525969
36501.5351625535
36533.0283574365
36520.1975157827
36535.8213458644
36519.4868202312
36522.5203512777
36535.6282467798
36516.9778395875
36527.7675120116
36530.9209217843
36513.0303703475
36519.1167952787
36532.5063002864
36515.5355612995
36519.9631574375
36526.6052181125
36528.3445633773
36544.0435266843
36522.1008568745
36548.3812875269
36527.5576829219
36538.7375577363
36516.7642348647
36517.2062238834
36515.5140369267
36515.0952673415
36544.2211850192
36521.9312635299
36544.4864185989
36508.9753060978
36523.3238009152
36520.4729632674
36534.5986272663
36549.581230603
36526.3069662436
36535.020647408
36533.7593629059
36544.6640507643
36528.25306817
36523.6687882525
36552.5649296435
36547.8008397151
36517.6554993464
36516.1116156677
36536.0632027511
36541.921534073
36525.4690250768
36530.5943478203
36518.7434920155
36517.4480509754
36542.4459472354
36532.8558544065
36528.8313384522
36526.5950749264
36531.7428107001
36537.2181419611
36514.9879988643
36528.127081438
36528.9298440405
36535.9781638664
36512.1778647544
36534.3741643376
36514.2069502766
36535.5861099597
36523.3247300481
36525.6582653612
36499.5392790248
36550.7954632695
36529.7952192093
36547.4645506829
36526.8237844634
36525.3668284807
36552.5339962184
36521.1926230842
36530.04941376
36522.3725284255
36538.2546208304
36516.7964004852
36532.5870609846
36531.7551913204
36529.0048776916
36539.9136948479
36530.7325520038
36530.1374676832
36518.353284859
36533.3468198134
36531.8244215798
36542.6179628842
36519.152212371
36524.9561878368
36541.8080338587
36539.1636578581
36519.3697180077
36528.8670383589
36526.6019667468
36518.0087843585
36524.1361844034
36516.038834236
36529.2959840145
36535.286259434
36535.0646303503
36527.3823252293
36524.7296992178
36529.5791968368
36540.0332260687
36534.4846416529
36519.7573897709
36520.2044905986
36521.2148286123
36526.0971876929
36524.2114322867
36536.2451397097
36556.8397263028
36531.3897293583
36534.3237127748
36520.2412317881
36534.8001162425
36514.0439545411
36539.3127593372
36542.2915478816
36547.509158507
36551.1477050431
36532.5844739829
36545.7087425137
36533.6400248367
36525.4086826528
36533.6248470277
36546.6653202167
36514.9616241238
36534.5821876299
36528.6176581209
36543.2821813516
36548.2846114417
36526.3409907123
36543.046956457
36554.1346476889
36529.1489856763
36530.357745347
36523.6914419529
36533.2847226101
36527.3632877792
36513.5049939128
36550.7844378667
36539.0686941781
36521.7648563129
36517.9309416274
36529.1255870313
36529.3648328178
36552.6480340432
36536.466627706
36540.3807761486
36536.4548238687
36525.8637412718
36528.4099391709
36534.0129490048
36525.1888283915
36534.6592425137
36515.6240824731
36531.0948114483
36526.8937103314
36536.0937136261
36524.3885379861
36514.4527688232
36533.5461729824
36523.0524433823
36531.1393001763
36528.649555156
36538.6259027019
36518.9692682442
36530.4613994564
36529.8936272362
36525.5518720059
36527.9379945722
36549.2243436087
36537.4606328957
36529.8217261833
36522.0602453206
36522.6271532387
36542.8310141792
36543.7432015636
36529.6655106946
36511.2787858055
36531.1289717454
36540.8717697925
36535.2372814508
36522.4919635056
36544.3889179094
36520.6189833812
36517.5536568245
36524.641825133
36521.061100865
36510.372627907
36506.7233293743
36530.7887051419
36531.1918526208
36534.8609568183
36524.275191935
36539.9543863042
36527.3387182962
36550.3812495771
36525.7416573821
36550.7032256424
36534.1186698118
36536.2634985829
36528.3588118359
36528.3371604694
36558.4453386156
36536.0683140196
36536.9024260047
36520.7378532545
36501.4816963283
36530.6130762771
36531.902392312
36531.3578042711
36528.0738234373
36525.762530887
36528.595420773
36536.9486805622
36528.5376170241
36534.8782080293
36537.9373644176
36550.9564395615
36535.0955967451
36538.6489364554
36560.1086947376
36544.9618402061
36522.5564356893
36544.6690072107
36533.6454125464
36535.1516868426
36530.9466457707
36544.5559854436
36546.0854926217
36536.0950697214
36522.4474135033
36531.6312039575
36515.308512067
36545.5256567878
36542.7735071156
36542.1416639498
36543.7462918761
36541.2774336148
36520.3663339574
36514.9451435043
36524.954217558
36529.6700052679
36542.4570020823
36534.7768953951
36530.8523334451
36524.8782960981
36519.8124813126
36522.651113377
36526.5745518632
36520.6916292484
36527.7088638832
36528.8092465937
36525.3065981974
36532.9541881074
36518.5283178008
36531.6782566399
36524.4308764634
36526.4414639694
36554.4840957538
36526.7835663617
36528.2543382361
36520.1020931944
36524.7581355294
36520.6326255862
36529.0309691294
36534.7006942505
36518.5959037968
36559.3966426318
36532.9251937925
36519.5388713987
36545.911655111
36541.9664845176
36531.4285798237
36535.3743936382
36540.894862433
36530.4426562398
36519.1262174402
36519.6937696918
36532.5121738723
36511.1156444219
36494.6405898239
36541.1565267584
36543.5692415143
36540.5306707655
36506.7261139694
36554.3257405211
36515.6033574412
36558.825004248
36526.0735542342
36533.8097720046
36547.8887385064
36534.0567309358
36516.9103775998
36514.5728146107
36536.5195476095
36528.921364466
36506.0378065779
36532.500128953
36541.8694859827
36527.0980515841
36533.2578646282
36519.2815144861
36537.8177957811
36532.9601161338
36517.4627805566
36516.0930254795
36532.9771401431
36524.7604420219
36524.5365328988
36524.8480175848
36525.3382913117
36519.2680199835
36540.909984375
36520.4927386655
36535.5414585546
36518.4254553327
36510.1858566832
36530.8536211922
36521.9356121719
36505.5266419434
36541.6595347594
36531.9192880535
36534.5837433532
36544.0755765877
36531.8157326962
36535.9542867432
36543.3674024945
36540.5251557987
36539.9722331437
36537.7529190932
36523.9663889384
36537.3969376457
36518.8463448846
36529.1098779666
36523.3340006781
36527.3486443462
36514.0590240664
36532.7476826202
36527.5028894426
36543.7693432507
36518.5321596268
36524.0787705061
36533.9047132233
36528.3986342678
36527.7168211282
36535.3697994843
36510.0187564597
36528.5968136678
36516.2093550639
36530.8420821155
36510.7092641314
36530.536936105
36534.9104668277
36532.7166585898
36522.301442753
36520.581561786
36537.94096936
36534.1457447428
36522.7448647104
36533.48469301
36531.0463514796
36530.1316193901
36535.0948709354
36518.9039176582
36549.0686424004
36551.724402091
36530.8915700077
36532.3097977547
36540.1276829259
36530.068873662
36524.1487758382
36534.5616954942
36534.1561803229
36519.146439787
36529.9230046828
36557.482230597
36538.1667929085
36533.0275777079
36536.0322277808
36551.1242847782
36521.10430633
36516.0712207848
36543.2291335346
36533.4849539002
36523.4340954842
36541.4834237776
36547.6701747354
36538.3711103991
36540.7008916107
36557.6562313943
36510.8269947433
36529.7835350148
36520.2001234809
36544.055579637
36545.798577963
36519.5913908767
36519.7406390068
36516.0958772308
36541.9471031739
36555.760618888
36531.3006344084
36542.4896087165
36546.0863543106
36531.8330455823
36544.1139922823
36518.8025765996
36534.2248028506
36533.4578361552
36523.8269734005
36524.670365375
36536.5279826181
36513.4263602015
36546.7305094198
36525.1031911176
36536.2834643981
36543.9616174801
36537.5658866122
36523.0482584896
36523.5621079875
36554.0246264514
36521.6324118135
36537.1223773556
36547.82960346
36518.7342243974
36523.9050823191
36528.7003628394
36543.5955077055
36544.3550628267
36539.4091603374
36529.9433954402
36513.1977993218
36526.7470115792
36531.7103185333
36545.243940142
36530.8105695932
36556.9449786961
36524.0955513642
36521.1360033246
36544.6920586489
36536.5929361253
36515.2865801751
36518.0014701886
36531.6046609721
36544.3049780262
36522.4470943419
36515.9674574252
36533.7683663012
36531.4491775275
36561.9918633549
36521.1931019349
36531.6938504653
36527.2436252627
36527.5750431749
36529.2584664448
36535.7403748662
36526.9690920212
36539.4709623363
36537.5865698943
36527.9225047953
36532.1831435689
36555.7515351075
36557.5585810638
36555.2124680679
36521.1614933382
36519.5995603699
36519.1177116644
36528.8739727551
36522.5876064798
36537.6521372327
36512.5089655009
36525.8901894168
36526.9197235985
36531.7978263126
36551.7598148205
36548.8662167901
36541.1525280374
36529.6157584659
36520.0876181562
36539.56929278
36515.5363581754
36508.306401395
36527.3972159224
36524.0365388161
36533.7317040912
36523.0997158571
36545.8477897029
36531.3420439459
36537.7864520113
36552.68073477
36516.6811904009
36528.4847047382
36520.0283722882
36529.6407940921
36539.9608228828
36531.8522208988
36524.3513154255
36541.002178093
36531.2095857647
36533.9078647221
36530.8341416901
36529.3795515491
36549.3896781244
36538.9714841065
36522.7876222946
36523.5942707566
36549.7340992375
36525.709332937
36539.0879937445
36552.8157036808
36539.9501477692
36534.2277705764
36549.4313322774
36512.7972144521
36538.2456620376
36541.3214505158
36521.4415270314
36544.1004077712
36515.2917992435
