103949.320352589
103841.295523564
104032.121689133
104020.658661944
103980.496760715
103844.736415266
104052.931451514
103839.610025899
104002.218520744
104189.751268832
103979.420451678
103921.757379342
103949.164071204
103909.093346417
104030.13011715
103999.402902849
104002.364178777
103935.634069518
103966.2406931
103955.61271191
103983.191694405
104009.26090087
103929.23674086
103964.720545301
103947.524658898
103907.46442819
104086.771057771
104014.73137734
104012.384053234
104010.820228135
104105.697635187
103896.137337637
103956.009988714
103930.378153292
104140.705789039
104060.590369741
103851.847478783
104004.107948903
104161.182271691
104011.261637796
104038.882758772
104310.69818456
103929.149699493
104247.549428544
103996.972264152
103951.688809317
103945.568179303
104050.625940758
104002.196237193
103798.015453124
104056.032639172
104028.709436973
103893.18478999
103842.174691609
104156.454668935
103976.049375877
103941.040885296
104114.450892652
104378.867329289
104055.749759988
104032.021931779
104045.037370279
104046.905875094
104012.752824258
104021.361978768
103942.794934995
104026.349994749
103936.238382978
103962.649856188
103902.246409763
103877.207463564
103959.506908057
103933.993088279
103929.515141617
103946.264429822
103968.29416529
104008.624862626
104139.92161879
104003.7688835
103975.046915122
104018.041428658
104066.812596885
103954.132084044
104009.869236386
103925.286348798
104090.890823657
103922.85169372
103959.389540689
103892.883957093
104058.25085765
103951.478723065
103855.525405407
104235.400627406
104049.633469383
103845.005210797
103988.930429493
104058.971137987
103902.48099979
103952.161539698
104062.149919767
103958.362511916
103876.903767213
104031.92936991
104234.096281474
103884.838768885
103811.61398001
103944.2156196
103849.791645381
103954.065082593
103939.084467938
104096.829940283
104044.005373576
104040.90963633
103998.359061667
104023.418832197
104029.275129603
104045.88857856
103976.08254177
103874.190976727
103991.917437767
104031.120959919
104155.472672241
103945.100931138
104056.034618302
104135.259570526
103953.308418848
104152.966504222
103957.985834076
103939.531222704
103952.687885371
103985.974633685
103844.407644275
104100.137761749
104092.947434665
103918.659283728
104162.102100967
103949.727102062
104068.487616303
103951.797748352
104045.685540291
103893.869339285
103967.755836742
104135.408507573
104135.937979814
104133.163820086
104031.384324501
104000.816324218
104014.635166598
104267.843621586
103924.347743782
104159.263705245
104060.322850176
103938.296576523
104097.753384016
103953.271181586
103962.463293951
103851.041756609
104098.443179418
103798.935793631
103895.305118921
103936.03712959
103948.860819642
104071.886791791
104123.21594557
103984.163037576
103841.482531804
104043.939322783
103880.557405201
104024.439883326
103912.32283147
104018.547611837
104100.763687274
104047.123717938
103898.500709122
104073.625505691
104083.458650893
103960.232127547
104022.416519032
103982.914471617
103949.564084871
104016.960791852
104098.134111748
103918.792600616
104087.906459262
104112.65589577
103960.268521775
103955.644483615
104153.004852728
103892.824186472
103962.669946769
104136.349404947
103905.044242895
104008.19463376
104012.786695502
103928.310052428
104028.445253741
103928.708458997
104087.35971687
104136.723314079
103875.664101048
104029.058718885
104050.446054539
104037.941016636
103836.260319524
103807.849971303
103963.543545986
103870.216172279
104156.438598297
103971.490372393
103958.09588688
103956.224728977
104052.611431574
103876.45031823
104150.502001199
104046.808816297
104010.381380318
104155.258126068
104104.146249386
103983.363625144
104025.314148078
104122.593596565
104061.354322521
103857.279301942
103856.140076382
103902.941578883
103922.516103017
103952.580402598
103949.414111595
104021.042545777
104017.607024708
104028.003885031
103855.000257896
104070.313922112
104157.821133432
103950.469834347
103999.059754429
104205.009554614
103912.151008677
103833.855592738
103919.436362693
103907.821156885
104019.87678401
104016.271133168
103971.509853321
104056.872348478
104011.199663801
103927.265288106
103891.001860124
104010.407913665
104139.762423049
104068.659970341
103742.354390106
104010.381907184
104001.35555125
103927.692863922
103974.854233324
104137.727041723
103936.589443389
104028.962927823
103860.394077953
103909.621649772
104042.338655145
103961.792593342
104166.602864406
103904.475565611
103964.277273558
104120.477245139
103939.474082294
104060.787452651
103913.772587394
103931.211196555
103966.574851498
103948.64689126
104192.005317291
103902.932797308
104175.890986388
103917.222853673
103965.497788988
104133.419140652
104050.459275463
103940.212249928
104138.561017654
103863.334829522
103976.166723168
103990.912628945
104044.356930037
103965.844974421
103891.226624165
103969.427800518
103976.329451203
104115.457268845
104014.248672236
104060.921949168
104009.411115869
103874.276544538
104040.101963994
103890.332607602
103878.755738633
104097.905277028
103897.384855535
103935.432438934
103984.018679198
103908.716525924
104181.741180135
103943.164166724
103979.814614131
104034.760014226
103959.290318028
103771.235196695
103836.700462218
103920.46128673
103981.601007812
104064.19690483
103825.324599228
103979.243724537
103898.466926436
104116.393536502
104014.119451023
103996.863024625
104184.803781029
103953.442525425
103930.332119007
104277.756830009
104008.532689873
103942.946179181
103922.388169267
104087.261555716
103849.773192664
104064.512030557
103851.612401354
103939.875357186
104117.802305467
103989.710701617
103917.895672263
104001.223609488
104093.609407689
103934.207494778
103971.735439675
103835.257432008
104122.100534712
103876.982274348
104114.145073939
103844.333399765
103899.244916306
103852.716016488
104095.225054704
103827.797384311
104109.855283939
103985.127729368
103982.932505602
103986.494718141
104135.539277555
104077.049736828
103983.904348235
104198.882714501
104024.991633304
103910.932025125
104080.551596216
104154.182669541
103925.364882284
103949.498070447
103960.999854575
103923.529507318
104142.296762457
104010.580396671
103906.724203088
104004.943715792
103960.7308488
103956.165706202
103899.452582763
104010.439127898
104134.862053994
104164.930613696
104002.715034375
104046.826852563
104080.491763871
103980.094208205
103943.941377113
103897.324978816
103949.926694003
104053.951637632
103886.454853936
104099.725752502
104156.790995714
103988.214456178
104284.153192294
103820.693341942
104007.043491592
103963.953621022
103961.968916877
104096.802938087
104084.507262799
103996.314338101
103988.511403429
103901.961995074
103941.677343904
104168.327316067
103821.084968163
103950.997505557
104030.824402297
103807.122921576
103919.755767646
103971.336280386
104020.430281683
103875.36412178
104025.047616196
103783.80439345
104151.766050126
103978.747465256
103814.426638426
103926.96217836
104070.615597711
103961.159080478
103893.967604925
104120.921889849
103986.193642984
103956.587641559
103975.743637569
103838.443024899
104048.536718688
103943.696595295
104246.087263591
104013.515951022
104060.830217597
104043.463777565
103957.046209496
104141.243908288
103987.710717513
104026.063068388
104002.123338225
103956.388056479
104100.985992142
103939.349302088
103928.344255933
104079.007172559
104156.223039968
104076.140128257
104066.819488989
103824.804760477
104081.52801972
104059.06806518
103961.105255862
104164.117663206
104165.376652253
103911.201164539
104019.733473755
104141.385635663
104166.289965492
104038.523298679
103867.207360156
104078.211990798
103867.0531531
104146.406561376
104041.158281173
103912.98689968
103878.892489575
103852.102980006
104061.569812105
103928.171135047
103934.531795058
103949.647950964
104054.807576496
103960.303726567
104132.255907684
104098.163812734
104010.59383323
103950.71919038
103939.371148942
104058.800250052
104025.742454064
103960.501414706
103959.33092531
104065.198809412
103982.051506356
103919.072202796
103862.113539835
103943.010748048
103944.22992793
103969.03465571
103933.05808712
103853.469834324
103949.585701546
104264.141261631
104012.896989557
104106.089911569
104110.387841186
104039.288905158
103971.708051409
103971.826652107
104070.598850372
103903.501379492
103941.597829938
104050.332071243
104104.432942372
103978.878450555
103839.526678465
103844.518886743
103864.031929773
103884.161387712
103989.747296502
103915.775060144
104119.893876077
104155.486419391
104038.424508338
103959.410690032
103984.074389167
103953.907977615
103909.312802697
103968.084520596
104177.204583267
103883.515788814
103967.714398136
103963.65132166
104094.693785811
104120.39933257
104080.353712244
103990.005528454
103721.335898214
103929.482327006
104081.282670458
103958.988507187
104015.603111195
104187.306911147
104137.016230359
103890.903595429
103972.88238278
103840.260636765
104210.176007964
103949.985031347
103915.563943203
103887.152460645
103841.879517028
104133.660640938
104022.680478103
104123.096003327
103801.348153353
104181.996004621
104129.955784064
104088.929843308
103913.244637524
103985.783063731
103820.731672077
103899.438204399
104109.662234805
104027.862497011
103980.189698535
104039.221046499
103875.811254424
104038.867256425
103897.21429664
103877.482767834
104106.83131537
104163.471819367
103854.182212145
104008.675949048
104035.046836754
103983.220226601
104082.830868648
103698.095067809
103969.529461662
104101.152977186
103958.583380662
104139.904586679
104052.138101616
103945.554534318
103999.591087612
103868.265425073
104298.89131499
103952.123347959
104012.415291565
104007.894254351
103911.365586091
104065.911993295
104032.258444155
104045.922339931
104081.984434724
104078.229551868
104022.156822456
104041.288089607
104016.515741113
104126.557580487
104122.233869093
103920.906558988
104092.075070072
104040.971790324
104085.287401581
103898.010194651
103803.668711647
103976.835415686
104106.353952467
103832.879839724
103842.356676151
103946.083925111
104019.00334625
103942.330384604
103922.36246152
104031.763597633
103904.438520925
104163.882237129
104006.325180895
104051.492164291
104110.190454537
104006.449687802
103962.175383637
104003.090695264
103950.72101339
103897.380815046
103970.590533501
103868.463326591
104080.677946484
103991.86908018
104095.189430392
104189.373274632
104131.417983018
103923.663017909
103823.411080934
103823.530839161
103934.77210912
103821.258692137
103882.526415561
103824.303195762
104036.304818722
103983.890773197
103997.421639912
104005.979505917
103805.927904542
104075.24054558
104038.390709654
103957.482791354
103995.758251504
104122.895461479
104000.444153691
104035.195498928
104000.394470673
104057.585945257
104133.730710538
104213.958353833
103977.779199035
104161.824422514
103835.420027595
104077.52252002
104108.079433729
104111.758902847
104118.117600848
103918.654532665
103944.177234687
103964.738908442
104033.408937787
103967.882190242
103975.203209377
103943.253335148
103960.887039746
103982.439625773
103951.972363261
104045.063527758
104112.585854523
104000.473425553
104003.187416799
104138.63969153
103955.247664878
103957.307100466
103894.136706803
104009.718413085
103948.562517525
104012.85914785
104089.006473198
103922.182059295
104025.443859756
104016.420240118
103969.171370527
104086.944908109
104109.376972908
103862.490379435
104074.964301282
104039.620048345
104042.075658462
104009.504120357
104017.180806392
103853.915843732
104029.025760184
103961.045627714
104190.338372221
103944.9800993
103991.028324818
104032.695377989
103864.484980223
103840.314172542
103777.136096434
103904.145127128
103961.80406765
104194.454372951
103955.02305073
103990.912467228
103849.901381752
103951.326384952
103847.277293215
103970.419842678
103917.620037373
103825.286710741
103851.447311544
104136.945406857
104014.199084054
104037.031746289
103992.870494913
104025.792754029
104040.764956281
104092.188628782
104016.302728241
104007.994436648
103948.979479207
103911.09534817
103825.118356027
103931.779596059
104038.531179343
104086.96467279
103816.94386366
104060.11602937
104024.553428088
104058.703081304
103900.226927862
104012.045308584
103806.658330894
103946.803146198
104028.488941171
103983.021916518
104139.238947127
104063.845417967
104072.352745719
104000.685866304
103812.208025116
104130.374366855
104012.411305606
103955.148216614
104085.935669597
104206.107627417
103912.234544107
104079.38464904
104104.974251792
104233.290074879
103985.100970131
104111.825883384
103970.452111235
104068.140406534
104075.256599724
104094.059713351
104018.747310861
103892.819714404
104043.620720235
104072.573300212
103750.884434398
103947.56342155
103853.995573429
104039.476599433
103817.841387897
104016.454843925
103897.569431384
104020.483644389
104004.989214181
104076.414463606
103930.803694764
103808.163640953
104025.409147681
103908.918992008
103973.361828892
104112.038383946
104042.983880699
104096.751679504
104075.267986723
104057.366040284
103973.954380731
104080.296148386
104094.59809484
103906.895432341
103987.756335818
104145.161401824
104088.149606562
103969.916716767
104083.797069134
103776.86963908
103966.597346145
104008.136329658
103846.55914546
103995.810116156
103862.984207164
103981.979961884
104123.736904674
104125.247412817
103807.146314019
104102.156466377
104073.884054421
103921.349039673
104036.767344906
103941.629970074
104010.609183814
104119.586356023
104079.840480534
104010.137936611
103925.719557519
103943.702292044
103924.662101647
103902.73316213
104005.757297537
104146.531236363
104008.138234436
104146.418789728
103895.237077183
104015.303174837
104016.211337937
104029.087955027
103926.210384409
104134.669938535
104019.837950805
104008.302300007
103854.448976145
103944.071457231
104120.397659198
104084.291419117
103824.603552797
103965.099253329
104070.128739411
103811.897770274
103822.550537109
103975.023243715
104069.049818932
103864.209218452
104003.292508356
103993.308320463
103968.827847521
104090.647977662
103926.280776409
103863.56077149
104030.815704839
104100.602605062
103885.160948329
103998.086531681
103984.536674074
103950.126294621
103928.890596847
104013.832184697
103957.495134384
103862.433519745
104052.579746648
103894.704284407
103920.220708113
103981.093586048
104010.150883789
103830.26305679
104112.834849205
104127.716542806
104154.855940964
104171.223543561
104086.633958584
103942.964909467
104052.950328872
104055.897553566
103833.7101979
103961.546946384
103909.747504575
103779.816261975
103890.922742643
103912.358957887
103839.307252951
103833.753788466
104036.741679195
103799.899572552
104014.708695823
104006.6047724
104130.873463954
103915.550164849
103929.504677225
103853.965981751
103770.37265098
103860.312214009
104060.476724657
103957.826536819
103863.07665905
103727.514244151
104035.312047982
103929.704846579
103978.899374193
104067.812667724
104036.423126551
104117.911069963
104066.619519116
104148.597154202
104104.247214628
104058.025987274
104083.958919483
103964.919659553
103897.893965227
104051.025390173
103976.586432403
103852.00545138
104121.833816127
104007.754352503
104220.103504874
104016.840414994
104055.583364744
103703.044630136
104117.242984788
103972.405348462
104126.762832197
104124.295624366
104194.143137784
104154.55538428
103888.359898059
104009.379638331
104088.218760224
103900.937980036
103788.29820221
103985.46613439
104036.64842834
104095.511462552
104044.274471056
104025.944321854
104264.829703279
104006.251503405
104202.862927036
104022.743369979
103821.912782902
103875.733634415
103847.521700993
103969.554815094
103896.866338049
103951.622842875
103807.001645764
104195.954135052
104012.760277912
103804.638450043
103821.979604989
103905.803588209
104092.898144342
103844.922102402
104167.318852052
104070.261060164
103902.981385429
104137.716825197
103921.650353228
103982.841506118
103964.197159364
104090.47373724
103982.75982725
104010.427602759
104083.18322284
104140.079050736
104228.284456483
103982.553874984
103958.8952805
104069.701655731
103936.515406317
103992.713129625
104111.693130065
103839.366715765
104023.470532616
104013.952192574
103860.662747707
104317.367540399
103953.269792169
103872.626388593
104046.216482653
104056.221525008
103888.474277914
103902.435692026
103861.097514762
104036.452285459
103899.003412301
103981.673892345
104161.100716075
104002.844875775
103823.894478881
104019.183364636
104119.529063602
104096.615310237
103763.644360185
103918.28773904
104065.113152148
104041.356735406
104014.703046972
103997.430793606
104075.078098056
104162.732170596
103985.321249996
103842.762108337
104233.138582114
104158.670403754
103941.346207367
104032.357044002
103927.303606643
104057.614134176
103983.97125662
104184.149581087
104056.657252607
104116.870022006
103944.321709287
104002.867215213
103959.760085942
104082.546307618
103990.28977775
103864.526535904
103849.515966892
