103819.397407727
103939.340432864
104052.655498294
104039.899580126
104094.457175771
103973.96171757
103958.685632815
104023.941923509
103842.536840662
104061.764666557
103902.568982201
103927.26296183
104099.354181557
103990.214449042
103952.618549889
103955.32902256
103823.619646655
103839.669708787
104135.942538402
103882.443087088
103971.451807006
103989.198111171
103808.971862188
104062.693932256
103900.796557098
103939.541082443
104080.09252947
103996.959908669
104077.943539323
103819.768200906
103972.942097666
103901.054440309
104031.917904495
103826.96121013
103833.568382165
104032.120938029
104061.38724952
103847.315200618
104024.795761858
103849.704628341
103862.554548376
103997.342644512
103782.389273757
103914.979057116
104029.263266287
103859.583022276
103920.885420665
104140.899887358
104059.178454624
104198.075769788
104179.77773443
103859.78313065
103893.77553651
104212.246231822
103974.422086098
104050.786233762
103932.461736292
104124.084408211
103942.202536719
103971.870602923
103866.002416352
103983.141768016
104028.067750934
104212.584033055
103899.778276919
103912.827004659
103800.061816223
103952.791001868
104032.81021362
104116.111977894
104061.997024948
103936.623572667
103938.550396658
103910.281873532
104108.849191879
104187.390503449
103956.760191804
104082.782837083
104071.588473023
103879.939409214
103934.05552135
103934.545951711
103964.951463881
103774.047561709
104182.670127606
103904.847918669
103930.425056306
103911.116656331
103986.3433343
104012.996169325
103842.942950215
103850.604156407
104006.499144284
103858.179435635
104159.588800048
103811.731326501
104051.96546677
103775.848922295
104182.329939953
104153.165211124
104016.806523588
104032.278572871
104052.428721465
104105.098262807
104054.043403132
104085.079427002
103974.044346086
103857.838341767
103991.056004219
103802.335587972
104128.499419596
103837.984941526
103984.037968956
103977.737952439
103981.571773954
103930.633474988
104000.936885969
104068.206896998
104020.890580704
103927.770323701
103887.876769748
103832.750360902
104149.829413396
103897.754365238
103902.268299029
104233.924135594
103664.65834926
103846.34931596
103769.011072616
103869.668233866
103933.964351202
103901.600449192
104054.250739894
103971.899390891
103955.934118606
103926.237706528
103921.948813503
103920.361340363
104156.006081307
103837.77997118
104120.076689772
104155.186375817
103935.620593298
104014.641132392
103877.883305221
104091.185023953
103831.301823493
103893.538762922
104133.59333732
103950.278833155
103876.304159351
104043.299225389
103873.579828461
103987.617637377
103923.353692729
103750.247670355
104164.70705975
103909.073722328
103779.720466051
103896.779933518
103929.669992006
103935.14490045
103881.955323806
104068.810039976
103925.935713348
104056.803593104
103860.388405389
103980.417168124
103906.191393189
103884.333697618
103851.244051975
104054.819998242
103956.480391738
104031.694509985
103767.667886325
103973.727045484
103831.475643177
104122.008179259
103870.388721752
104027.670373043
104000.358722197
103992.353489679
104143.843069649
104044.829045701
103967.076691331
104407.09148831
103917.726072961
104099.747750893
103909.370491292
104058.49721914
104020.026899351
103970.509103243
103795.293553074
103955.002545121
103994.782710231
104030.120581102
104033.934648679
104334.99289879
103913.770697472
103870.092208666
103972.230052581
104212.18517813
103874.955848362
103818.043291851
103928.917253076
103918.251041073
103683.482498585
104020.7750053
104170.571373337
104007.371829755
104035.788345109
104058.536954265
104098.734962687
104039.849824986
103943.943915506
103909.8359883
104023.082140025
103931.772137683
103994.919665051
103679.480326968
103953.82286974
104003.833269078
103851.277143267
103882.31603462
103932.604297573
104080.050928097
103979.685318504
104106.509832959
103863.901014058
104017.987100487
104106.50737537
104191.779756395
103876.427195091
103916.086694166
103873.711385215
104218.725409608
103992.504097452
103848.428696194
103841.816135782
103852.931892266
103861.211565586
103810.353400259
104077.655106929
104026.484896454
103893.293442039
104224.596621101
103736.575776447
104085.946555718
104031.596126293
104136.757919769
104003.053817984
104118.554346406
103797.32729035
103999.659277904
103937.005918817
104046.188133211
104096.63274985
104015.855258602
103811.578454548
103765.633099173
103825.723002308
104057.334956952
104093.153985048
104106.387613247
104058.540536087
103840.375531809
103789.540586398
104121.436481399
103857.745421139
104469.568200784
103902.346915138
104161.290267824
103863.532735026
103764.402862283
103973.173495304
104080.104457648
103909.568340025
104088.860574439
103979.243186163
104012.091966201
103919.203443336
104061.617580805
104133.741266632
103839.581824168
103906.411109727
103976.79566043
104067.16980403
103761.067151985
103951.212326842
104024.567484973
103921.359101005
103902.798297435
103935.255122516
104046.986925419
103899.00503892
104133.165828354
103846.231453395
103917.126570639
104166.650187784
104113.825953422
104029.660687563
103925.762266371
104087.365383569
104125.168776786
103816.527032577
104067.064023234
104167.06574294
103967.629486206
103858.365572089
103997.970151638
103731.134341386
103921.373476234
104054.021998148
103952.444091732
103911.55708915
103924.930099786
104067.756431625
104218.243615115
103863.119965022
104062.837496934
103996.99664208
103868.336445162
104087.812144429
103924.764057633
103947.121989585
103998.361179633
103985.466802927
103882.18136326
104043.922273145
104032.177072239
103996.248813795
104012.096518332
104000.316183289
103839.814862391
103719.495566055
104107.779439387
103807.533613009
104041.510193971
104114.167289774
103926.851842788
104028.245744304
104233.339326358
104061.977222791
104055.11872283
103867.738138064
103762.588061832
104006.833986002
103744.680849571
104112.376057873
103891.320631001
104095.709206204
103957.837891213
103817.383225763
103807.233838551
104227.6562491
103875.990694242
104206.844602149
103901.924492254
104007.461769091
104115.861614885
103843.535811949
104176.454208738
103876.887130475
103992.391369919
103909.757231943
103969.324259661
104184.05563669
103944.418449333
103981.471832636
103729.993700558
103971.212349083
104045.885716024
104025.122094488
104010.071231537
104215.608999686
103577.549807991
104024.573784134
103926.022623227
103958.455876547
104125.725972828
103998.937626313
103929.9499707
104085.588902704
103910.860214077
103973.908902689
103803.222863961
104026.20150941
103864.339614806
103918.286241006
104049.856353676
103953.645276773
103846.637324072
103963.336765008
103995.436311032
104209.664096681
103979.142207961
103912.883535292
104099.555260751
103805.446102471
104168.18231359
103984.195258925
103919.606100458
104011.528631821
103907.96543889
103924.342975634
104091.860463317
104218.021981074
103987.20367767
103934.397040431
103829.261005443
103868.919879609
103764.463314813
103886.586074234
103867.708628672
103924.30507114
103939.318704643
103798.797782606
104026.601472841
104256.434487717
103929.899688763
104092.954091701
104070.596849048
103989.488263266
103868.356447779
104059.490052076
104173.046836681
103983.366597281
103751.134722327
104130.672895874
103865.886324912
103794.802075334
103887.807686362
104039.970398835
104030.900939039
103961.0041888
104058.707491668
104015.371301489
103970.958084079
103898.671951548
104028.855732488
103988.592076577
103892.734510022
103959.743196708
104040.250892411
104109.004434784
104112.703385951
103821.373053951
103867.803166466
103848.360744852
104186.053361128
103951.512375563
103901.460627853
104027.007951075
103933.025108427
103862.359192294
104084.282179971
103892.037788952
103812.30463597
103836.056179818
103963.045642341
103911.915344197
104043.968199929
103818.536150814
103932.399957843
104056.736348184
103741.194908565
104027.695057971
104096.876460032
103895.38937813
103811.590283664
103840.963363117
103920.432055337
103893.906034041
104104.682214471
103673.307594183
104073.817117883
103925.918991479
104014.08970347
104072.522397097
103974.881975625
103811.44424764
104088.533270648
104258.701604259
104000.5852947
103881.41235698
104102.671277439
103838.226047481
104084.999687344
103971.810511877
103843.395699435
103881.973714067
104129.75311512
103989.133504912
103990.298356108
103970.29181423
104018.676828847
103936.162673542
103858.334384818
103966.474623064
104072.531935048
103746.937713687
104132.12990665
104139.530395414
103956.23961204
104034.159884425
103945.893643746
104212.85220689
104031.412020077
103935.333731354
103798.585590515
104212.978567286
104027.066715595
103886.243659726
104105.385085325
104086.326728498
103986.914944825
103981.056934083
103986.431759259
104113.50651783
104062.296861636
104020.051106427
104108.666710001
103975.781233119
103938.76423435
103988.530514435
103935.858307724
103875.579786597
103953.154906145
104121.415541467
104130.243733472
103795.687005726
103887.724694611
103966.094054412
103962.930402475
104054.769143327
104188.640160115
104060.480472986
104028.622329806
104030.819024497
104180.395541027
104032.62046301
103765.336601676
103949.274543387
104048.074396874
103861.462306886
104038.120133826
104178.791776326
104098.771136894
103979.370514884
103886.535341163
103993.386168716
103828.854040588
103800.394866139
103963.728104645
103856.386186132
104020.25183273
103966.859122424
104023.047706443
104233.551902749
103971.079033268
104055.074502958
104119.907912209
104087.723260457
104059.231093878
104027.854968787
104070.149195373
104018.630656916
104043.629502479
104083.311986834
103989.390290748
104080.909269701
104072.504009627
103922.02714576
104146.08091886
104272.519848632
104027.210999172
104054.923534148
103980.350157642
103959.056670347
103975.220419612
104254.506961099
103964.787489033
103895.794204136
103908.728551818
104008.323246034
103976.443656937
103849.446864524
103872.665816581
103783.166326201
104173.818072104
103849.613475814
104087.375010504
104171.252091047
104158.213098183
104025.547991028
104191.346244235
103768.20766685
104059.478563335
103969.669175898
103909.557776121
103953.187271322
103788.324833298
103793.925314335
104138.559346953
103963.096057388
103925.367572954
103810.967673974
103951.67830326
104091.582914403
104181.349210509
104058.280937514
104054.548127722
104210.64332499
103936.76363393
103988.405868948
104037.723948056
103927.660909093
104024.88474313
103928.257474816
103915.500474665
103827.321845839
104042.147220145
103801.96507008
103861.156160849
103776.555379634
103891.26806935
104121.884203877
104236.931221013
103835.084186852
103825.503794067
103940.739016806
104067.583019049
103978.386867285
104058.528804998
103907.423996542
103886.394959626
104071.743428245
103897.889634089
103875.063129662
103861.787037049
103880.755653968
104114.217852559
104448.554682266
103958.45561523
103934.480568286
104058.365362853
104189.034852574
103890.406945331
104113.60795509
103966.405009034
103990.185953064
103859.799502945
104074.531344515
104146.67908177
103884.371844497
103831.105219453
103985.405199751
104032.677091216
103886.374370102
104154.522966538
103976.802363227
104175.92712811
103893.295537469
103926.485886258
104155.383563142
103934.834229041
103838.97395865
103854.611936019
103889.553930191
103807.991611948
104060.904991198
103952.53340565
103716.545881877
103885.929748677
104014.265570278
104229.153269291
104019.799614825
104082.080356245
103831.892015611
103779.51855941
103930.977923337
104096.631882033
103856.101943173
103887.755740794
104106.62898719
103871.850346142
104006.624081123
104003.688315881
103937.812316945
104039.78502652
103763.406521515
103944.803592873
103943.760747118
103968.344662377
104305.025616162
104345.322873722
104428.497125398
103921.262142558
103985.25053983
104176.252885672
103965.215243293
104312.814296712
104182.105770377
104188.210726886
103790.319423136
104196.020007136
103923.251528691
103796.090254438
104148.766350033
104013.704695988
103915.120952452
104013.236935823
103985.818064195
103923.537551711
104126.509077572
103960.338791254
103872.650871778
103992.527614417
103903.484038781
104094.982768043
104094.301920766
103861.502001841
104100.6627263
103829.969007868
103933.391100635
103789.877830289
104135.851892482
103925.784003789
104295.023669439
104096.991167896
103948.110555592
104058.184001211
103956.094160668
103971.833478131
104054.963313136
104053.77288427
103867.471433677
104065.099163702
103978.018490879
103931.093206113
103834.101225379
104045.745118285
104044.598001761
104079.840068468
103915.145072325
104009.614200817
104083.205468211
103779.65097221
104129.04191238
103985.207593072
104113.167439256
103853.279919958
104172.669557413
103869.939984916
103815.31624441
103854.390607628
103858.249696563
104070.618787065
103948.634631245
103915.870907429
103948.046442374
104007.715434876
103759.951568211
104050.025770988
103970.24541269
103897.871515777
104064.974179815
103914.986441775
103866.255851427
103888.288883619
104319.912647634
104144.24569964
104100.150652601
103899.215943867
104148.748901362
103926.590261611
103980.684579495
103971.261742017
103788.913056621
103919.115267873
104165.660413362
104338.750085347
103981.610264429
103919.27291586
103812.384810498
103783.527613574
103965.47248254
103977.932776084
103891.422805333
103842.681169516
103874.875161382
103952.742973551
103982.066746135
104017.349655722
103944.446599963
103940.47886662
103980.883051434
103938.108310147
104197.493188323
103976.225777645
103949.997863816
104025.562878729
103922.57424785
103981.673107995
103853.815893348
103924.655958603
103861.842582994
103868.800985195
103917.960893633
104068.383927722
104039.967062977
103816.175808547
103831.543825201
104018.066022059
103816.087995199
103973.3229304
103847.119444634
103819.530957223
104369.651482179
104176.447806763
104071.893145403
104202.164741173
103815.640390722
104059.341853345
103988.537529571
103916.258027939
104203.618111939
104022.336655543
104034.761154276
104112.71212182
104322.971622148
104021.443927516
103991.642817305
103961.2502158
103913.659505533
103834.698032744
103892.474435215
104008.657444612
103912.752031337
103985.955247385
103989.879778542
103818.079749887
104049.559810202
104026.701729149
104049.911769222
103870.862915355
104009.185035797
103922.870699736
104088.189996698
103949.183198527
104104.628728988
103904.329681409
104049.091189349
104034.721354694
104125.412420618
103901.215196738
103820.595102516
104043.558976254
103967.997759416
104216.93784087
103884.040667402
104234.522851819
103918.381599726
103978.977410828
103978.887476566
103937.794038801
103818.437389754
103952.08623554
103914.318398949
104113.137692267
104158.053180018
103878.576698538
103851.564757708
104074.626959717
103882.464921151
104042.861491946
103955.096289011
104105.148940026
103947.512166002
103766.870617168
104000.946427681
103894.765904661
104015.492417696
103875.241683046
104012.348742054
103998.406500672
104071.51262113
104152.178442069
103908.33840934
104074.75573022
104040.227549758
103912.840621997
103984.641296845
104147.952663557
104042.55542255
104216.526045047
104033.10221748
103795.299790512
104286.69704108
104010.583065186
104029.999517877
104137.366918941
103938.964677624
103854.946788478
104015.34080392
104032.751670769
104001.215452054
103871.819214349
103691.310786934
104039.127492924
103925.436002955
103914.179290992
103972.132714462
104125.55599262
103884.976811321
104019.487608337
103833.978105331
103878.203862334
104020.878992129
103856.476742639
104218.024600502
103901.418473863
103839.666589044
104119.563985382
103919.057441289
104052.375366695
104003.285429902
104027.176667733
104092.940893286
103893.261546572
103887.683414194
103860.919214045
103911.471768753
104080.080011122
104156.652319671
103756.636400725
103829.210671311
103992.302260857
103946.574836158
104114.787644153
104170.875933714
103896.532030729
104004.570328608
104009.084948202
104000.511621318
104202.902718932
103946.765129268
103849.020181251
103991.064356847
104169.026453948
103997.638717367
104075.900925937
103809.569393634
103858.536564818
103819.30495541
104153.469415807
103797.450748468
103904.509058903
104077.918653722
103852.265190275
103813.634973498
103871.480894667
104024.704480309
103853.244292415
103836.95157611
104186.136836321
103983.540447675
103860.546253164
103858.728786133
103857.653742207
104059.684495774
103875.072782425
104115.494192719
103944.606423935
104079.656997206
103856.032042995
103909.030721807
104089.261377577
103921.451534728
103803.606356902
103920.91430837
103966.219994261
104019.942189392
104002.252510145
103908.098615878
103854.107165399
103999.314851418
103866.291534135
104003.864499776
104003.421278144
103891.719599608
104086.041082738
103992.236820692
104109.226571733
103959.992497691
103813.62513595
103883.085046924
104009.904661062
104005.474166575
103895.105320741
