104733.105821288
104607.968702568
105110.96720274
104624.780655447
104616.478856186
105145.812372489
104817.426037538
104807.39839481
104875.198900347
104994.518659512
104627.530899085
104852.777624751
104857.851184826
104898.082956911
105061.503418198
104723.091029458
104772.808384133
104913.557725904
104525.054504978
105054.582200652
104863.565944323
104842.36638353
104969.552048299
104740.855650521
104768.413199843
104801.49684165
104992.030962304
104786.766145945
104897.70601248
104519.940831361
104831.121178136
104916.740982315
104844.151398506
104860.39527018
104917.552795985
104768.777466255
104847.226831661
104812.359623063
104782.98637287
104793.749708094
104645.668890608
105032.619389072
104833.007951581
104789.439625361
104734.356477819
104927.284510303
104727.346258272
105041.00098363
104871.130612598
104874.645419234
105082.264658422
104823.134087897
104839.268476948
105192.161363339
105044.060451419
104556.668461859
104617.716248628
104669.865631466
104827.331369528
104900.403312841
104840.941360303
105146.900286299
104492.443549315
104879.475893708
104783.505600127
104729.415886653
104634.612035358
104953.067849488
104862.762085329
104638.092440743
104821.32829308
104780.619511314
105017.46981564
104670.045500565
105006.42871356
104717.970229095
104860.918491117
104811.053474492
104951.684805296
104840.287456754
104872.396268444
104723.991031905
104819.37480321
104856.962077715
104902.547514784
105006.857181341
105032.895886721
104832.39889007
104533.821695391
104887.593675751
104634.689337934
104777.424048454
104611.698717006
104946.140987251
105024.066679756
104875.51810931
104912.902532339
104728.640522898
104608.214875461
104696.785773631
104997.904207086
105158.500892479
104941.221095738
104901.66026627
104513.879802167
104834.622177339
104972.03680231
104890.79856402
104961.85236434
104877.097677536
104912.419878704
105066.320170882
104666.028195469
104608.632964705
104797.368908169
104915.577362257
104918.358352919
104912.545315357
105010.459783889
104652.983984386
104462.426482679
104803.395275441
104948.613928679
104975.312766575
104759.624212644
104772.621128555
104905.49309995
104926.035012037
104710.323462671
104762.234271069
104964.041542538
105035.589640685
104743.555484736
104892.536346332
104593.815178199
104765.312753794
105047.727568881
104730.250334352
104726.323848722
104832.549792666
104756.369512439
105048.214326144
104867.886181283
104777.12448183
104994.196589158
104742.642493616
104704.547700285
104940.788305792
104941.560559093
105158.178835204
104779.065087601
104731.415867637
104791.909352594
104653.169068637
104881.122991062
105112.494280205
105031.230986666
104861.928583783
104780.909085982
104887.393176697
104988.851892956
104842.962517459
104858.885669599
104677.73912502
104773.349986113
104871.086988153
104798.996057164
104740.029679768
104843.507396292
104559.961863698
105016.883692436
104815.769094092
104974.513344531
104759.133225811
104794.167573974
104862.985605543
104829.07103855
104710.074504935
105223.936143241
104786.818400976
105010.341696809
104818.184612113
105075.147307202
104872.344718307
104618.646425392
104777.727086831
104728.669871293
104767.459672783
104675.723205975
104675.489756169
104927.295383195
104909.644519939
105089.814240903
104899.211298839
105102.073053516
104872.559940742
104808.538972939
104809.64694332
105016.873626216
105212.483291359
105006.217855569
105099.22702457
104686.858982379
104701.546288211
105049.124328334
104692.989630733
105253.745449727
104843.144759445
105112.085367466
105015.882349678
104761.372921809
104504.126886349
105086.80037753
104887.554707799
104789.246316679
104707.570454637
104773.804088158
104995.087409786
105024.473516154
104718.727159726
104664.179352006
104759.604360697
104743.021449984
105013.26908652
104911.550796584
104919.567298748
104802.333271043
104521.70636904
104814.482255518
104793.411724645
104983.232847967
104935.35983873
105021.021693107
104741.264534404
104893.447970846
105099.333375581
104975.107263003
105034.777630333
104664.197962221
104931.658943024
104860.175774678
104938.841365667
104778.169603818
104604.856377188
104746.383040573
105057.462384943
105050.573600889
104579.492729033
104760.967656463
104968.964645068
104884.767475134
105005.280292381
104937.742883017
105137.082957346
105037.122313971
104754.217762488
104813.662634587
104816.329198019
104948.857715987
104647.536463616
105010.408570158
104890.881934914
104975.874270361
105052.554203659
104905.202082062
104787.028706421
104754.911388578
104978.966286353
104715.413960085
105181.884746023
104877.016931258
104799.271503403
104868.001388762
104912.047356233
104925.656386865
104649.426659195
104623.70235497
105094.830164768
105042.344204578
104933.564833905
104709.950817438
105084.295206783
105107.064760598
104876.352218142
104642.075974434
104791.269839239
104836.090652371
104631.981338014
104672.336778633
104838.53537967
104867.24773761
104865.98723837
105033.000149336
104907.559094874
104849.678707336
104889.737011738
104590.036809544
104969.785065185
104846.463140544
104696.324754358
104979.10224944
104939.966446823
104961.119344484
105172.625910793
104974.315258909
105075.966337667
104720.898298068
104665.52400313
104920.851306492
105064.102279323
104974.219926692
104757.966470478
104815.81509339
104890.261260664
104946.622534982
104828.339386201
104858.968405743
104843.797758696
104756.811274071
104730.85325949
105089.681703326
105009.461494831
104993.819970036
104803.154288764
104733.380483315
104940.32041694
105178.760729126
104776.310370767
104796.784861809
104902.946450729
105084.713255806
104916.011338071
105031.612193566
104940.951685993
105067.206487512
104913.171611596
104593.55077884
104820.015888623
104930.878719934
105114.736588063
104997.84817958
104824.479218376
104813.104151282
104683.39371161
104928.565665512
104575.798586524
104866.405051982
104834.074284779
104790.198125657
104677.029139476
104738.069733029
104724.492691571
105083.124378531
104848.135556611
104760.083727905
104926.540517236
105234.546486095
104821.347051443
104819.005901702
104738.418467866
104729.884652289
104730.588058358
104741.352851484
104990.804961017
104729.164650129
104736.704846109
104990.680000773
104715.445863161
104620.018738054
104890.425615826
104746.528865222
104580.33409503
105152.758259646
104747.288704033
104815.648720476
105102.55645635
104998.902406145
104549.945518694
104712.558304063
104844.006569209
105064.823718676
104809.733010903
104724.771040744
105137.338299104
104984.053564633
104713.837788177
104804.125359548
104950.007544615
104827.085798085
104849.777426753
105017.022586973
105094.438252306
104792.527539749
104895.762426234
104763.305846666
104846.08273765
105059.981609251
105415.664094962
104827.116455875
104710.4302445
104714.488937611
104849.689647569
105018.495158705
104878.137032194
104883.862647882
105008.699500359
104986.487502992
104804.321187115
104681.815328252
104826.592654736
104891.144029336
104859.025563905
104998.143751103
104938.399647644
104836.493467813
104909.503791781
104555.615879181
104719.335591759
105053.336282931
105060.862555951
105069.468888121
104806.253609877
105052.863547502
104926.228268878
104887.30613651
104918.317008059
105031.226606727
104763.390907756
104758.396644464
104882.499581727
105066.809971255
104622.622653495
104651.305400528
104795.076126745
104701.931986647
104579.37085337
104857.035109614
105173.582761101
104868.80114555
104830.672888155
105250.639697546
104854.20086379
104852.211784705
104958.803671422
105098.188553851
104749.602747071
104924.895677346
104778.192194725
104686.997206607
105041.569689826
105098.659738688
104749.740454777
104950.872336578
104978.823824192
104927.034611411
104864.85092796
104716.050030864
104999.643704492
105012.344667613
104745.111000089
104935.864695126
104980.933596472
105040.927808735
105006.724099121
104886.800076211
104707.217017936
105009.546050643
104643.472101879
104703.775505032
104903.920249563
105184.554509886
104783.589502919
104989.103016271
104882.587790236
104790.435080997
104787.020890412
105058.505435197
104572.700875242
105064.32962608
104882.251856114
104959.036701033
105002.819778159
104649.924326019
104536.510766258
104649.69290112
105049.090581978
104844.183032576
104734.581398488
104855.66342977
104481.915267604
104929.81177287
104901.475034325
104854.651168842
104956.552811209
104989.20028585
104750.761114733
104972.146738393
105023.643121186
104912.364565388
104441.312711078
104790.099359319
104785.008396139
104884.491180088
104757.452318457
105110.473182969
104818.968083327
104790.240353146
104469.564082354
104641.227447459
104572.930526231
105100.142343832
105180.110354013
104642.204625041
104934.490292625
104943.853526464
105147.805760162
104826.897289289
105193.440054022
104964.560592522
104934.545368353
104727.806573909
104657.744611631
104936.088765768
104903.657488139
105008.467721326
105114.269989759
104841.797879592
104886.733948479
104854.892569515
104615.528899231
105016.816789141
104869.58101961
104846.359910502
104946.124006343
104853.409193931
104787.84730267
104636.262917847
104816.116120501
104718.72590472
104835.559802496
104792.094861548
104848.728645672
104486.444440305
104691.439298231
104821.241129321
104667.247123743
105081.754247167
104831.271989769
104906.552921771
105125.185087564
104921.005899243
105066.50196463
104587.819343255
104869.723812432
104845.932140536
104998.106043213
104766.85885825
104985.958294526
105050.772581961
104881.783810323
105014.717461717
105141.230733298
104779.340196279
104840.063639893
104775.549360846
105038.141370009
104821.931772616
104793.565370985
104638.04134315
105047.188367011
104969.263962606
104648.960461689
104932.961219233
104684.276521961
104618.946130885
105086.866234796
104752.498214774
104984.033031947
105086.139704519
104930.235442776
104925.565157587
104865.674436406
104745.806536032
105091.739239974
104929.460507035
104912.128921384
104857.888512304
104660.977880811
105004.974382301
104946.301486407
104971.917107649
105034.59802715
104785.543243638
104863.285739143
104866.144530636
104807.946707061
104982.024233113
104599.917949948
104979.778799496
104747.055468327
105080.924173512
104708.97742303
104980.161869779
104826.337044452
104768.688320848
104878.590099988
105161.157977023
104755.290228557
104709.702790186
104975.6257339
104743.898224567
105068.257117163
104874.230029566
104990.992997186
104846.052430784
105026.896993387
104777.68931846
104590.860563606
104590.138050542
104905.933874309
104899.902812714
104936.11918383
104799.558703089
105039.464437156
104667.104208665
104951.581864594
104779.245329857
104872.601799502
105070.649456021
104965.42498695
104805.213923006
104630.805668735
104961.03490494
104912.998990319
104795.152065506
104855.221625673
104889.370768096
104844.594412835
104720.271201319
104908.171596836
104624.394893152
104883.900246356
105219.168870179
105042.238378905
105009.518426486
104989.036853391
105079.557558477
105128.77636746
104601.087126296
104722.741324696
104668.870117706
104791.331830623
104975.066801641
104873.827042033
105208.356377517
105012.690877155
105053.648167353
104541.353520974
104878.307162371
104685.73020197
104876.114633301
105014.587176738
104802.281553661
104833.139572052
105017.183785338
105105.984303707
104755.150605671
105149.750164006
104580.202252498
105000.813445385
104988.556518151
104827.753196028
105083.374137188
104817.129195797
104902.938172983
105014.329420919
104921.080377925
104734.455320724
104729.010672621
105075.162061886
104855.51677917
104963.45791554
104863.419939736
104783.910314241
104869.302906972
104887.520713626
104851.02980796
104924.170214692
104902.680370495
104777.9575122
104944.765581169
105031.287140214
104937.691592291
104855.096582413
104811.597109054
105060.094910564
104980.919792858
104678.067012503
104684.993642599
105099.831112947
104703.289096636
105055.374849459
104774.528247434
104918.004729733
104832.33309123
105043.998542252
105017.855691847
104981.331729734
105014.615452991
104766.13419531
104851.74689268
104857.247029387
104659.445660588
104754.012154909
105070.235678893
104778.540028366
104711.380562151
104701.110925028
104912.099294388
104920.188185352
104885.604003889
104840.595846622
104680.236969433
104754.031456138
105131.076663505
104736.71947042
105008.691432471
104744.795005703
105110.86901189
104915.357428546
105066.525119887
104912.612756754
104616.502376808
104691.791076603
104949.173881689
104798.366607809
105002.178441823
104624.713876239
104820.085319905
104788.566538869
105192.044234349
104957.490507037
104916.143856784
104918.653069603
104911.83006206
104582.33996979
104934.527280217
104744.465085155
104825.391397723
104968.176727054
104795.185900169
104651.771312806
104673.750541203
104909.823669816
104971.438954462
104797.407123215
104771.554300936
104873.035188869
104986.961955051
104544.227233898
104926.090553034
104868.140347333
105145.85802306
104951.518632202
104702.956861024
104754.353846041
105066.829922487
104844.177972452
104637.403373154
104751.443606031
105026.403182754
104602.562256871
104678.310263815
104595.323023369
104700.732009673
104966.412938051
104755.761694101
104948.659614686
105022.011891805
104984.215222494
104780.348520482
104943.751688728
104978.293591934
104766.882857888
104908.994666539
104786.643956422
104610.51540941
104855.021934253
105084.115135114
104773.179378791
104900.896942752
104613.789741644
104875.777991236
104686.253882736
105078.709675079
104827.083553732
104735.043203209
104960.367536696
104783.278598292
104793.78683187
104702.893512168
104835.916035425
104823.188040575
104750.908626938
104880.632466837
104646.433687946
104884.359047165
104597.224369859
104822.915982771
104796.525410241
104743.901720615
104834.580392786
105089.453490333
104968.492673423
105035.462998842
104994.290352147
104610.469403123
104613.313721082
105037.709116182
105080.746947957
104799.692715777
105070.9009149
104788.16782812
104948.286541648
104965.428705931
104905.874495349
104637.519641158
104917.885767774
104972.84967233
104796.579705833
105128.42798686
104917.829457787
104964.212989841
104786.172822333
104674.599140033
104751.944046857
104984.247877845
104724.549958908
104860.008401555
104674.675218714
105121.812441531
104580.068267672
104833.115265738
105233.742836035
104869.54122483
104657.538875213
104813.289232079
104895.610222888
105020.586200654
104598.988600282
104940.028669744
104821.390859367
104900.57989441
105011.899224323
104777.109259608
104973.797175463
104836.928429599
105071.700267102
105086.220343037
104758.595951612
104872.472123218
104719.299966054
104701.071412281
104878.825583642
104891.226570756
105069.462562909
104621.823894992
104862.212763454
104791.984647822
104956.947167182
104654.464774457
104974.038976474
104969.334541753
105180.667241153
105010.670852339
104824.209409619
104782.016486473
104825.085438271
104723.686904447
104872.560585861
104732.111764434
104803.619822428
105077.574328248
104751.689115739
104809.861155996
104566.413880038
104818.716370426
105005.542274093
104781.080412549
104881.347381817
104635.266153078
105016.815732644
104817.541615637
105037.24547706
104875.051863424
104713.286913048
104729.279649947
104924.964767376
105067.109497329
104918.293709595
104903.974135935
104635.712511676
104954.955835
104918.374486045
105003.167118579
104855.783843958
104986.750860593
104831.936960886
104647.296216292
104885.907402388
104986.099507936
104895.425350911
105016.715104492
105231.355062989
104702.856015119
104593.439744997
104842.90643657
104745.256408335
104799.670822581
104807.62229892
104803.175724967
105079.955022687
104825.119336818
104760.964411325
104741.383673601
104741.246077511
105031.836677603
104905.227354752
104774.884631092
104991.761031983
104863.931429093
105240.421881701
104928.615477735
105074.12880421
104970.711976611
104675.808545086
104744.46066563
104797.542324007
105049.793974342
104705.562101885
104774.52544741
104861.337352071
104924.264630018
105105.272524476
104892.539464706
104843.727481407
104770.589803914
104788.522284441
105058.954812618
104706.401828636
105041.318930441
104992.300004963
104499.055389365
104914.559485911
104733.605099221
104992.151170042
104630.884434376
104746.165841872
104760.266485887
104838.847380294
105062.28513301
105030.19864848
104706.543203694
104746.43761628
104708.01534479
104907.594685678
104780.484323906
104943.048688507
104950.424190063
104709.520217411
104509.394810496
104860.308550294
104447.367380812
104751.105757449
104769.344234445
105226.841857676
104536.918355947
104928.263702342
104849.718087707
104895.504067122
104664.892598795
105003.515297661
104898.814631417
105000.017719215
104596.308479428
104876.159310586
104968.257919317
104639.653421487
104958.200795078
104899.454766388
105216.55228766
104838.344699184
104847.72611265
104898.301419174
105039.374441822
105020.640602673
104722.74334414
104639.189816014
104772.733862418
104911.937660559
