104079.859300692
104109.161724761
104020.308573108
104113.531156457
104088.852838521
104071.99566635
104096.567465935
104085.552712625
104053.417490674
103966.685407645
104046.900188698
104079.820675021
104078.387163413
104085.169297644
104096.465404352
104069.28012204
104025.024737918
104091.22377773
104062.930421431
104172.673265104
104059.655707642
104153.486952956
104103.166508665
104054.935225056
104057.323410842
104100.171669718
103974.027510919
104061.000182886
104030.611473349
104070.826064319
104063.466615249
104060.53006397
104072.672615202
104065.821958364
104029.434568675
104125.862486359
103978.202394478
104158.006438635
104048.448687302
103950.227162186
104175.917434478
104045.275586909
104043.951605685
104055.473278855
104073.144305652
104012.010551817
104072.621531368
104085.745809851
104084.867611232
104060.283283147
104111.783448942
104048.746938287
104076.237100992
104051.496189197
104099.180785071
104095.902853073
104032.348594827
104053.114602646
104088.059812396
104066.579387061
104114.298210556
104103.191688316
104069.737964488
104115.271607804
103988.345022194
104028.314357031
104152.659982517
104070.609679568
104080.338461626
104010.676082016
104034.826234294
104037.080185661
104061.756471873
104003.417397433
104116.826733162
104050.187151037
104024.798828028
104071.918862248
104078.590399006
104039.825072721
104027.251449463
104080.412717525
104102.936513471
104012.168396162
104108.215899456
103926.495179082
103974.224513119
104041.127522664
104025.510827503
104028.075461971
104049.038214948
104095.558196042
104013.191631218
104038.142519223
104035.96908488
104084.307390559
103972.346238657
103969.45236156
104019.655562834
104038.393434777
104070.934901305
104006.683637714
104062.342420172
104095.999672947
104084.817790429
104025.586236214
104043.499100088
103966.916657219
104074.10300728
104054.176266841
104101.346218606
104109.333108721
104013.453763451
104065.129983241
104028.802235417
104050.426943614
104022.231434328
104049.091776842
104057.561523013
104008.936823158
104076.383171882
104072.023686968
103953.789050866
104042.478246233
104069.273427048
104060.863159385
104050.106413039
104105.248822871
104102.724490492
103979.365898483
104018.21135454
104103.453909052
104078.417553602
104063.779284057
104093.028520286
104022.062029336
104053.286779222
104170.833398691
104059.370423057
104047.547427188
104062.730022623
104050.494780551
103998.833160673
104043.764263843
104132.014866597
104060.936110462
104041.581747697
104121.753049601
104119.797094466
104065.382250594
104075.517473516
104121.396828013
104042.562234394
104112.662182411
104029.653571136
104024.44030373
104018.436375135
104050.604760055
104021.926674515
104054.845907009
104045.20881691
104108.137310312
104063.776931831
104062.131428975
104087.309702131
103955.655946352
104082.390996733
104155.661096386
104029.29550447
104035.474408303
104104.70239479
104064.643925201
104047.01147256
104083.115143158
104011.052303433
104098.350953899
104045.062444394
104098.792914431
104091.123246013
104029.431783088
104064.391578282
104053.576638209
104045.390208171
104082.472523964
104077.015028872
104080.533220865
104031.97608173
104066.975125201
104087.553892626
104032.592983358
104085.338671961
104070.474149529
104068.808916378
104066.079086994
104146.562725529
104087.135478079
104054.852985993
104131.15324543
104061.361393254
104079.433698796
104077.227624658
104042.467388534
104095.157758215
104138.149263791
104065.761022833
104011.596989316
104046.769509113
104031.858307241
104059.023400165
104024.391831859
104065.679057204
104062.92272435
104043.553435224
104073.308235265
103999.861406728
104062.957202573
104023.568287452
104090.433690337
104061.303887255
104062.421418912
104109.533469719
104140.308433703
104044.517954855
104033.231527182
104055.122592333
104043.147154039
104106.966589124
103977.237563628
104034.052799411
104043.004292478
104090.501399415
104057.06332451
104026.15967263
104070.658985648
104006.821113641
104025.592364056
104076.092270384
104048.417752588
104099.508545874
104055.941479547
104093.43261496
103995.820984883
104037.096096537
104078.137165257
104023.036439448
104180.359776113
104059.780712202
104138.943716758
104066.402830549
104049.362115304
104011.560717335
104042.621161075
104104.627657534
103959.749470745
104061.304321975
104079.199853119
104038.52694041
104086.356990421
104115.982300001
104069.479675619
103991.677120144
104061.799357781
104024.681521291
104089.84161243
104109.31387938
104064.156482903
104081.533196105
103998.137276182
104022.097293097
104033.873687496
104054.277971347
104078.998213678
104081.095296281
104070.434817336
104051.869110909
104017.745946237
104070.316288863
104078.554361297
104076.530770896
104023.439088095
104065.354447997
104091.206620868
104158.706351009
104057.628370855
104031.751421184
103981.506665356
104072.178562716
104078.744589983
104074.141735359
104072.686971264
104060.272963731
104112.591136862
104119.114802082
104115.491486118
104078.412877021
104045.055871231
104081.875077512
104154.932738482
104037.455047083
104071.268137253
104058.926258419
104092.725653824
104003.987694801
103998.002883811
104029.6701896
104138.93935987
104043.985283419
104116.917134138
104137.795892143
104077.096123432
104158.847611151
104063.341882264
104044.088279142
104157.242145816
104113.737359957
104105.055352283
104067.511122458
104103.442698753
103989.377605393
104095.570417907
104045.739324837
104051.643001284
104110.7618452
103982.28440298
103949.969315494
104102.632033487
104064.279636818
104027.348959855
104113.405089722
104038.483193776
103993.285847033
104035.156078969
104045.976760509
104018.485804693
103941.196222378
104057.922907304
104053.906136507
104061.327957657
104008.948782194
104082.03445587
104094.613187288
104109.309579222
104093.947145038
104088.981960497
104054.075500619
104027.226207139
104083.079994556
104097.82244361
104046.811692359
104112.224583949
104076.620035428
104084.477126074
104019.649078257
104018.647052925
104070.503783775
104064.035076795
104040.640498726
104088.375086869
104036.003530394
103938.441732955
104061.669850824
104063.905246972
104091.111785075
104063.040383469
104121.228672736
104090.479804891
104024.767230352
104088.158181309
104070.162166902
104007.900793774
104099.505016918
104102.57659945
104039.008863059
103993.772272927
104012.982788016
104090.230440174
104067.468238768
104050.676661888
104094.249617849
104107.09145692
104005.293601503
104118.365153338
104069.407666098
104039.559840932
104081.697087342
104109.095455426
104101.842660821
104044.205162211
104078.527226788
104104.322291818
104095.714322112
104024.129695675
104110.505887713
104021.477928212
104090.098415829
104100.555578478
104028.649282796
104129.699676411
104037.50528363
104009.395207444
104048.785706806
104099.23507761
104068.604956902
104026.681785018
104082.680038843
104092.715395434
103979.62177723
103939.671281482
103985.158529229
103947.237492533
104041.06892771
104009.171650356
104122.045930167
104008.796007972
104071.16209561
104103.130247827
104060.042549158
104040.870502945
104081.790378761
104059.721019858
104092.754767351
104046.190434512
104051.662537291
104075.180097232
104107.03848745
104100.254056108
104070.959851584
104003.360956486
104003.07833322
104070.505071525
104032.146855042
104033.371959739
104100.995573323
104025.014796542
104035.874505838
104041.824578522
104032.128341065
104046.783360932
104012.753834646
104062.453557762
104067.421663464
104023.044823178
104044.765142093
104054.913154263
104101.283646109
104072.202446078
104030.324182329
103953.029286183
104093.078647074
104031.826741262
103992.063937762
103992.948278208
104075.506973312
104063.085433684
103971.161500597
104097.942378962
104061.138205578
104049.813294614
104005.564802536
104027.675423008
104098.204821077
104099.699976268
104056.249746818
104060.632003559
103978.859005611
104097.201469332
103953.941319647
103988.789810057
104083.664041737
104066.082927329
104077.877669946
104010.230561202
104059.592847826
104061.612597439
104156.408370067
104064.783540516
104026.786979756
104021.187429895
104073.451450866
104006.583822183
104099.054892634
104058.861679228
104118.563981512
104052.466614806
104025.562986184
104112.135611974
103956.576584767
104100.6613829
104072.312810831
104136.295022816
104041.185948099
104069.031522778
104104.379567057
104054.762894133
104012.975429727
104141.287888986
104041.776061359
104096.613791058
104042.757586734
104003.205885664
104115.357538708
104046.870367538
104085.499253841
104058.36321053
103950.356512414
104053.29443765
104076.574738928
104066.088566333
104024.905048177
103927.156551164
104159.238281938
104162.604150594
103964.651401057
103956.927552096
104016.512890117
104061.074439899
104116.673340856
104075.944952039
104022.691105003
104052.487213025
104045.708024268
104025.39613337
104124.942190653
104097.753916661
104038.004042868
104124.899759618
104126.861197577
104061.122918357
104072.139080095
103958.060674187
103920.780270387
104003.483373015
104075.163406012
104071.573919344
103974.274665376
103970.387877907
104015.812545649
104056.77009302
104068.827808384
104049.189042591
104110.537485373
104083.821357211
104072.067762034
104058.863767367
104123.988167743
104086.218148193
104083.857525897
104025.224482095
104034.382946024
103956.117241252
104066.534705797
104055.040440195
104048.159074551
104002.732810015
104011.20387188
104116.013004046
104073.478247688
104109.480664843
104072.422445749
104000.950387743
104015.811800758
104121.177013807
104049.947620082
104057.336550032
104096.972355332
104121.124783813
104106.530223025
104040.373868499
104022.091110457
104122.040538073
104077.634632651
104102.749438744
104149.609856208
104068.19444364
104039.448473349
104027.628924573
104124.293310198
104088.496087374
104092.449190474
104133.855664323
104102.785329326
104068.714043158
104079.815471844
104002.100862295
104009.210618387
104006.521144384
104064.86984788
104111.174170572
104084.804644531
104022.89344469
104051.49664494
104051.686831534
104066.844332926
104044.670024197
104122.717650388
104025.823617218
104019.159717234
104059.248448316
104084.114393067
104073.496313894
104082.545440454
104071.05642726
104065.962718846
104029.842528716
104007.769049488
104082.340521984
103968.06114192
104078.828480957
104021.616250159
104045.067229548
104116.001318256
104041.824708157
104058.143241122
104046.898235368
103990.05941336
104071.406936905
104118.924615765
103990.26917991
104089.168188469
104048.393518739
104103.578301073
104170.810264508
104113.649797898
104098.047759659
104049.172417197
103994.054521615
104104.004327835
104031.302279111
104080.908924031
104061.87683425
104057.663595381
104030.251611253
104117.694918118
104016.252538115
103997.537563799
104038.501153612
104058.421315959
104110.262418716
104066.032898833
104084.740869747
104106.097049421
104178.136387805
104093.884884948
104055.582928756
104023.408246891
104035.692552328
104103.538372153
104092.603993313
104065.639430502
104092.570878521
104105.483710949
104099.113822808
104090.624646372
104020.664332341
104033.699237816
104112.623380069
104045.00362436
104102.515174508
104039.722600319
104154.458578724
104116.154839824
103968.570781744
104119.805116638
104040.829549624
104058.586281507
104096.58289227
104071.305603918
104033.272503481
104031.908503039
104130.212925834
104068.178627263
104041.104278731
104127.515424375
104019.347434177
104063.003126369
104030.384358558
104050.616378415
104098.689047841
104080.14668173
104041.556027649
103994.911545334
104137.603166103
104087.020367752
104154.46968236
104019.058154384
104054.313966744
104135.661629047
104092.875425661
104058.46222713
104078.888596276
104029.575984375
104060.352810031
104033.163496016
103989.163303706
104027.319873362
104158.423421478
104097.291496191
104117.853703216
104144.391334692
104075.826892526
104064.482593083
104060.701114344
104066.359554716
104063.757438868
104070.9535688
104077.496489175
104063.548408696
104084.077804109
104065.273647931
104117.330149885
104061.872873536
104054.960355693
104112.491255031
104031.913742998
104121.520652062
104020.497478211
104036.398544491
103955.556636558
104094.783300176
104072.836062439
104046.601102437
104093.144596143
104085.329648274
104040.1956088
104068.552473611
104038.931975486
104062.005322066
104065.498277583
104048.674098984
104058.66885924
104050.341460204
104112.119396992
104051.697973279
104079.878846835
104032.017277322
104055.722357241
104012.819838639
104063.131338451
104095.850776266
104020.921061055
104150.833739117
104056.891114546
104082.78481488
104116.056214183
104052.947081919
104079.457978879
104078.434124329
103966.284630422
104052.230429943
104027.877080787
104039.300515944
104040.251923372
104100.189085362
104003.161676336
104009.517587045
104029.151338747
104084.407233153
104027.170262026
103920.175793403
104034.444318309
104044.225377131
104064.076616362
104000.913352385
104057.949923202
104031.018254631
104107.675295697
104043.280853033
104195.890117181
104168.356757846
103984.822202922
104042.453027076
104094.215849787
104099.561182797
104054.954757328
103966.948685057
104027.177458113
103998.411198367
104049.138765252
103965.020717972
104069.84367034
104079.5173479
104099.778969033
104057.642325133
104106.657387065
104065.559920728
104036.876642203
104095.645822113
103970.33628317
104009.038576542
103998.203154403
104105.383188366
104089.278459861
104055.964757484
104075.786963093
104057.980677828
104000.111369778
104023.497336242
104062.896577182
104051.866962512
104049.650730218
104084.036307625
104060.910120036
104048.842041758
103964.704798404
104101.118755346
104119.11654591
104081.173973131
103954.251653788
104038.345947265
104055.470320618
104054.921718006
104057.202225981
104118.287556281
104105.215820147
104045.578084767
104023.9483233
104064.204032286
104000.014569914
104027.896196333
104050.260785756
104043.288188983
104023.678013577
104039.728793546
104111.688325271
104123.946737842
104051.943364282
104050.5588385
104089.397638625
104068.592529065
104032.302844036
104081.936011621
104060.787148184
104111.115243436
104141.333010874
104028.657937247
104001.919526996
104087.04646223
104019.692980481
104057.876274219
104061.361713264
104073.147275021
104066.247856645
104074.715773727
104100.852351067
104082.692505754
104130.80670696
104091.976783715
104033.333807759
104073.451668427
104033.841527906
104077.07432624
104100.821501531
104090.944522716
104056.53292482
104031.128401208
104098.252083433
104080.281464807
104060.460042406
104062.028768754
104026.787704661
104021.143254533
104068.019836909
103926.372529001
103994.669150829
104039.265474044
104061.351840325
104061.053677619
104017.426913658
104045.921108722
104016.434480504
104079.520063088
104046.008264385
104049.701535312
104044.963340489
104107.244193608
104059.823630177
104044.782517772
104121.994350893
104062.183642622
104042.438627016
104021.751109117
104003.270678393
104170.352380786
104051.167953504
104052.743692687
104042.771168143
104012.133205333
104060.549687572
104041.304722954
104125.769112307
104070.319568224
104155.054188149
104043.191152049
104018.966459103
104055.69496561
104126.758125022
104128.197364583
104081.211507726
104052.134910661
104058.714228251
104045.324974579
104050.071211184
104023.661788072
104043.718378764
104054.645801053
103962.701130074
103983.291287876
104053.275387888
104134.095001012
104114.944834921
104045.893533452
104033.144269166
104092.36876979
104130.039006054
104109.575470665
104065.842492904
104109.766178082
104085.608085715
104072.474714969
104018.962819081
104019.472334002
104082.482175115
104070.951490845
104057.170403458
104047.904229053
104038.098219454
104098.91370238
104055.538256707
104047.528366358
104087.850663154
104073.392397165
104029.643600408
104048.767867499
104015.931085278
104054.471782857
104107.381796173
104028.635938004
104090.699284307
104117.36069199
104133.251775252
104003.142873645
104087.211170933
104142.285009897
104061.871078913
104005.040607489
104082.048831026
104072.659104912
104046.748961563
104117.598562293
104043.76401056
103975.561394068
104048.272253006
104041.65268424
104068.359252263
103993.149063564
104099.566358684
104093.515375161
103987.337440826
104059.975093825
104049.391088979
104046.058876345
103991.194389926
104087.740055598
104160.742553895
104048.707439068
104047.637686164
103950.191768778
104098.814958538
103953.926294869
104105.76039686
104056.205183058
104047.799214127
104167.359797771
104034.618002461
104027.677398204
103981.570139449
104142.198194996
104074.130731633
104086.916812652
104056.710359352
104128.000273391
104056.291906905
104074.053953115
104092.824891492
104058.945304067
104123.9563405
104063.690841302
104027.444114753
104037.919196679
104086.100682183
104103.587410467
104074.784398817
104154.094964717
104030.48601448
104047.17620447
104042.699706609
104055.945613755
104104.859564819
104069.619694746
104012.735460243
