104098.650679906
104317.32052471
104140.923091912
104492.996730552
103914.182947908
104147.595931514
104364.918474216
104238.803622012
104227.885355921
104440.950076461
104175.272879465
104410.127262471
104175.748040901
104402.736642842
104342.132042776
104273.730741771
104464.582869696
103995.951921712
104555.637367681
104480.484448486
104013.736175182
104205.590965899
104305.484905384
104296.952302937
104335.389030429
104415.995423603
104017.084650117
104003.108784625
104254.947316707
104299.626073737
104354.497914582
104395.790587542
104597.674858416
104306.25839959
104340.244375694
104444.38550976
104248.961442122
104292.796036229
104467.385528186
104442.698100315
104546.077662968
104129.51900846
104357.933750607
104273.964827182
104185.844014673
104243.107441243
104509.515709782
104392.934488657
104570.419183779
104085.056688946
104640.080435021
104344.744235287
104155.360579612
104388.398796697
104434.972695051
104668.136830112
104538.380070866
104440.468865972
103854.758692792
104298.267108012
104201.735570051
104271.887542735
104468.606166395
104127.064260368
104336.627287515
103931.398962634
104281.125116354
104179.613456036
104534.742704064
104197.829687526
104240.314812491
104159.401770267
104148.585822304
104288.190645963
104440.170619565
104293.737011421
104290.45569376
104242.457712373
104359.233396584
104456.688394562
104343.445094244
104532.892841745
104551.881158127
104237.110834889
104296.788738085
104419.388170376
104101.147205435
104394.400570781
104476.160564947
103933.747102365
104314.860869294
104430.040045615
104439.581122204
104516.305002502
104363.086634024
104394.117789954
104084.17631519
104231.077737509
104351.421700011
104565.923687617
104308.549530837
104074.614916289
104205.053304595
104505.792383179
104184.450956839
104379.66642858
104324.595331526
104287.775168303
104549.343162811
104304.352156095
104569.892733396
104406.397255597
104437.886792836
104266.031861298
104160.000053146
104299.623365689
104065.954384993
104394.09297836
104227.183445384
104219.850332649
104183.535857601
104431.898511429
104154.993852049
104446.382752502
104426.931100018
104554.359995153
104437.226298277
104093.878026679
104260.537358966
104420.962142874
104314.758881929
104195.378403627
104248.776202523
104222.035714883
104314.854833768
104580.228506099
104311.701246097
104321.955232571
104489.257677854
104032.37041548
104151.905859566
104315.723140747
104371.558747024
104274.842346792
104120.427209466
104466.288812471
104359.500557896
104523.24292587
104322.299729058
104280.362396013
104101.400798667
104004.920799503
104383.223846217
104354.178645665
104356.20274757
104165.57651489
104495.880301353
104161.015856324
104302.051925842
104193.507893455
104454.232896795
104396.503349436
104377.391370125
104233.182477995
104298.9865192
104275.547795948
104182.078898128
104383.329314253
104053.872139765
104099.727656314
104124.629532847
104415.626595993
104411.82986584
104370.969051487
104516.528715998
104481.482960608
104144.220212129
104382.451341814
104105.740068047
104404.391718788
104492.640008883
104335.450903083
104224.533979845
104284.820391821
104554.80358353
104138.715973498
104434.205574635
104167.930156394
104269.226329097
104329.765881569
104242.224162837
104066.508541367
104631.942639055
104249.526770478
104274.220054832
104228.779554456
104397.559885336
104396.240675111
104283.866858895
104371.55837397
104389.611918885
104350.642238324
104401.245490142
104371.80467241
104408.041508075
104420.495503588
104289.634531041
104231.292986089
104347.320000821
104151.82098431
104330.711668507
104214.589368486
104460.23958979
104375.804212118
104546.674626936
104409.167149285
104481.553519073
104382.28059643
104457.176539902
104065.386108048
104548.331918075
104521.723788309
104169.037080404
104520.272563327
104245.868796721
104078.183266384
104450.067679347
104324.511140172
104509.645480151
103970.808685006
104254.474206899
104397.828591721
104285.931643627
104274.400094769
104054.97587922
104544.383688111
104199.207352296
104255.767171243
104495.955827651
104331.660487302
104204.877351584
104150.988738855
104441.648732703
104217.795180713
104440.407665437
104414.886918547
104320.291045677
104244.176872079
104553.494362133
103944.398618666
104285.906985554
104318.552673711
104020.33060065
104500.487120812
104404.307629808
104421.27528918
104376.993075787
104305.667515971
104264.608226523
104395.199326872
104486.40970625
104280.628384118
104313.211310763
104237.889713269
104234.570404622
104462.719974975
104214.618268203
104268.765628669
104435.611300929
104286.257556987
104098.980536794
104599.836721107
104403.587076373
104528.050939336
104207.815139923
104372.507279622
104435.68448667
104243.017662616
104215.675979191
104453.089131455
104534.077740624
104371.49259862
104401.998524499
104242.370930014
104286.132362865
104269.901880181
104585.734176376
104485.057289803
104377.741646056
104590.685240895
104307.842984225
104551.783013459
104355.187685368
104268.284177215
104290.313918634
104328.240594111
104562.972777465
104281.440087156
104553.735785175
104338.635885804
104471.188208031
104304.214392894
104206.144725217
104530.521673064
104316.38929852
104105.022343347
104527.44580083
104179.93092116
104327.225531644
104456.472254617
104245.809006976
104305.722609479
104428.382665087
104464.602546646
104457.546677639
104363.616528679
104333.502123131
104083.028363859
104147.688558684
104574.162776324
104614.126198234
104146.39451906
104442.742963334
104518.080595951
104477.228456503
104378.991513711
104494.804890686
104444.612213219
104255.937734695
104651.855188256
104429.807620519
104408.087476741
104376.902763779
104425.678307417
104283.110708695
104356.275493024
104372.671449169
104282.805206403
104409.969705096
104435.480578736
104321.237806784
104539.897361069
104131.518721719
104481.04689813
104364.948265536
104381.720615727
104385.324334108
104190.91857716
104265.936568435
104265.176024669
104297.668197781
104441.587389815
104425.182478717
104306.448856848
104347.196533262
104175.40151438
104238.384393811
104342.185486875
104005.249637049
104157.473402224
104258.495883865
104331.03416737
104344.980090399
104019.523043921
104487.08535596
104667.651072508
104415.757337912
104031.411241302
104485.680370478
104172.995120784
104421.788789444
104574.052281785
104453.949453189
104358.992998543
104214.998152136
104235.881067745
104166.244603914
104234.378582868
104444.343682784
104185.874434437
104409.694349464
104413.219397282
104353.709155688
104326.400971319
104102.132576636
104311.072394814
104209.866477057
104396.945265927
104222.411034492
104301.305595596
104388.506121515
104585.971287216
104204.495409739
104245.763109548
104262.592116614
104220.696163414
104111.352997542
104116.441916888
104256.577865657
104552.652926649
104328.93130023
104364.517215907
104133.782007791
104496.895221039
104549.995617346
104233.024837402
104307.703852564
104423.507277822
104544.46443646
104517.297637598
104236.134869268
104056.590564267
104119.128371941
104133.399735575
104261.524332767
104345.127787562
104183.250475291
104344.89259468
104364.292382689
104367.822244968
104257.243227818
104366.020588833
104239.631462283
104295.237056252
104354.057723956
103886.94571247
104168.026232596
104373.310296225
104146.693065884
104321.946607719
104225.357084957
104357.960277263
104694.360576067
104430.727783533
104168.355552964
104573.957527419
104131.430509062
104395.248344008
104364.174228994
104478.881518621
104164.564245258
104481.173639139
103918.048022194
104374.643123753
104142.788629549
103893.072278913
104177.918027706
104186.923272235
104485.251134383
104089.261750458
104311.362854094
104415.501629397
104461.0828355
104173.871959869
104124.339164075
104355.062367548
104279.029728895
104341.308097537
104356.726370923
104135.807906104
104487.507311639
104234.515215234
104451.743099299
104482.090682504
104676.770372315
104370.900336797
104470.804674927
104199.6850883
104311.092189028
104109.388178804
104380.061147733
104069.985016304
104043.929482146
104440.117417063
104086.843854762
104431.9286614
104037.00157269
104378.704254708
104395.296420107
104263.37644803
104500.197329621
104529.131188758
104433.373513008
104396.676094177
104503.903850879
104259.514151903
104336.940216098
104200.00791762
104316.02125876
104605.11815131
104358.295293441
104320.243326782
104367.626109677
104420.106541134
104667.419929333
104353.694441253
104480.679058481
104476.16033085
104542.524960602
104219.263504818
104270.865855312
104207.192202766
104505.825884894
104142.980322886
104505.091909051
104226.072023162
104398.36761362
104292.134340982
104044.40992988
104419.84908628
104363.102880255
104230.670659256
104355.428029906
104304.0917946
104430.226204147
104207.601844286
104257.706757722
104392.517157621
104315.126405004
104195.98318353
104246.553677798
104371.681556358
104368.736279109
104338.803245487
104461.714622687
104414.153527118
104352.425409766
104151.750441472
104469.259315432
104174.137486068
104348.88356417
104055.406742487
104303.625991412
104413.674046197
104493.3629995
104380.450366026
104101.778832361
104416.948829585
104210.103012538
104278.614718456
104095.835107591
104506.248600825
104438.898467612
104381.89597128
104552.064409701
104320.131348608
104472.555327762
104010.331688221
104526.139883153
104393.211233419
104389.38231833
104327.591445796
104256.39410506
104481.024917869
104298.020520582
104223.56611705
104309.244907767
104007.568483162
104363.871555787
104375.112369405
104414.035196027
104399.893261635
104331.874999318
104346.142438381
104417.068976235
104456.785702596
104129.045565024
104183.020412184
104310.892938416
104445.684513112
104126.176049935
104261.550283773
104198.263428203
104374.46783516
104252.299793253
104303.851970434
104324.577734818
104306.708935923
104436.898949907
104140.911672613
104424.548441781
104369.056155747
104184.018846064
104365.473642659
104274.5425446
104244.170819269
104336.99028044
104440.874776646
104428.531919478
104167.900537503
104115.252002074
104366.648513472
104426.165959887
104439.721120285
104442.620371854
104495.887958333
104175.967302942
104418.869033214
104407.740017096
104524.568689905
104521.340971015
104246.68403738
104390.396936724
104310.444635362
104159.454716844
104560.265420383
104468.6507122
104222.070159234
104418.648260862
104395.257252762
104309.661986161
104507.087447038
104271.413702782
104303.511699666
104424.354890321
104115.996178017
104066.026808903
104439.698734045
104504.044581501
104287.06631476
104353.298677229
104399.914466592
104259.89320474
104407.439710675
104286.162109344
104155.757594917
104291.853764823
104234.337618563
104232.112470248
104233.851192526
104232.263311849
104339.943421462
104432.527460233
104372.020808631
104375.226002762
104129.34399582
104377.579881783
104325.420855423
104230.462727837
104420.630919812
104194.087974049
104395.966712995
104452.685993166
104369.410534439
104595.981852312
104287.716144806
104265.762131736
104336.548177342
104310.071032266
104393.223053364
104391.399324458
104190.477754619
104172.843253145
104356.711338955
104604.557331658
104297.521119011
104402.482050027
104316.255084357
104541.936834388
104341.321405242
104375.946291993
104413.219842121
104381.444230517
104392.889501175
104360.291820257
104219.050645987
103949.755285242
104299.633805176
104288.702687464
104489.09073534
104228.120363247
104037.573811023
104385.497594383
104297.891150573
104428.6925473
104461.37757769
104485.405943353
104339.25074655
104385.06732232
104402.929603363
104261.883914768
104263.075540491
104572.527295055
104333.257210144
104270.675074863
104375.892787622
104474.600508054
104488.734590284
104404.655638724
104206.519088701
104538.719580874
104205.58190827
104265.80098881
104109.851986946
104291.946614214
104319.911473067
104287.818368344
104260.172539685
104374.28121789
104243.097038292
104256.762552679
104197.659942253
104176.142172579
104497.749661757
104334.334409994
104358.274997649
104349.969966565
104512.690893699
104262.546691214
104399.732386372
104280.564297813
104218.851522683
104200.426063827
104365.799037045
104341.570067922
104589.37219003
104480.519497419
104481.438104376
104553.59042037
104170.776046404
104486.527736534
104367.60247449
104669.102880481
103984.86711708
104258.586761055
104313.055887116
104204.369011433
104130.216476841
104235.844466257
104205.410513398
104429.948627583
104218.043607464
104505.794126846
104163.167381865
104201.701199896
104148.15830837
104110.245677883
104177.732431276
104134.520180794
104514.219904606
104232.214420271
104370.160149441
104425.291637542
104108.026659187
104409.555816266
104196.907973458
104641.636614372
104273.875306872
104357.838996804
103961.893453771
104236.453488433
104517.971292475
104391.312563284
104117.76705348
104468.7100181
104280.728638884
104305.426935787
104619.609938797
104414.329253094
104386.798293768
104576.069461977
103918.654805265
104572.336332843
104275.223679111
104116.662714769
104588.517023725
104621.841137629
104273.851650544
104430.233170875
104431.566926157
104255.366497672
104377.418994746
104105.013473307
104313.813228646
104405.466274334
104354.12097301
104240.987132306
104261.230438638
104465.985439471
104243.771667775
104391.09492643
104274.115510687
104293.555314336
104163.452428658
104248.497895921
104249.394987622
104380.727114526
104280.530158871
104630.423541101
104253.828863346
104408.73934367
104330.560327864
104175.492868076
104397.157593725
104318.518247203
104427.109203148
104203.212556909
104241.958361774
104223.290828016
104544.185074446
104638.46771547
104536.326394704
104177.43493838
103981.942539005
104502.154476613
104013.380145123
104298.210492951
104284.170539164
104427.221495929
104439.974457887
104292.087565873
104471.772956497
104019.287921798
104241.80421097
104458.367723728
104221.363424598
104408.562589882
104227.130382852
104408.968529716
104358.189743969
104101.047439159
104088.161415892
104496.959876439
104256.674214949
104142.462180586
104387.544800861
104095.627362616
104151.896516865
104177.075571423
104260.527719685
104431.888020729
104331.418417104
104241.591742367
104240.4303135
104212.295970093
104543.728138122
104331.391390521
104405.416544799
104361.335471179
104187.750626143
104325.498126686
104608.207735941
104366.012672084
104474.835063149
104242.06437102
104569.845574049
104533.952300219
104569.883532191
104507.330780851
104350.778048503
104410.964956016
104221.536524663
104286.689846221
104516.698020304
104567.991109878
104376.095690354
104129.936115775
104410.031461644
104207.935070095
104151.402249227
104182.931302391
104238.474612302
104058.83028108
104478.677621035
104465.808236583
104346.289609746
104467.239365124
103955.226994809
104172.664681486
104186.5775194
104143.728780627
104359.125114249
104290.851902527
104253.431567814
104357.422943647
104242.268657918
104222.560204649
104107.544210629
104493.570613826
104403.828377585
104403.497734168
104334.300088872
104427.08231844
104240.729890247
104479.173300184
104379.078955944
104508.353204925
104563.251637318
104348.55428286
104539.526273894
104480.48284007
104077.399050456
104375.60574013
104140.892856322
104309.082397356
104188.827426847
104292.569229683
104375.378032452
104316.606679938
104268.789219995
104135.768753722
104073.361395591
104162.590586595
104277.552554319
104356.295986411
104077.703141898
104434.587347089
104364.988202133
104127.658157656
104136.375322256
104293.414965053
104184.053978093
104623.568757582
104215.613816529
104171.279131128
104021.193573905
104389.791516183
104352.95642486
104397.54350479
104523.328076701
104188.731435484
104618.215037139
103942.082283803
104528.058401447
104527.175785049
104389.316613008
104359.052622014
104092.192405208
104094.052918891
104222.526529889
104317.672090011
104160.374016531
104375.239297078
104382.218364932
104107.385950938
104322.319928726
104421.847643782
104164.476267505
104146.91994198
104319.756699776
104340.911041005
104405.686399645
104269.078760246
104548.611460315
104589.981124255
104409.327736488
104583.211868093
104464.870329378
104431.758054046
104442.258733765
104494.19395966
104144.509406917
104340.176079647
103947.87219452
104498.707781018
104275.374973606
104278.294309817
104393.756327838
104256.244320293
104454.151241963
104395.443652561
104327.211153222
104470.264472625
104263.490572368
104251.051141028
104680.550074858
104271.60540457
104321.84663534
104404.864306117
104314.011974866
104355.601273427
104338.867659572
104208.565553783
104285.87490335
104149.561546124
104343.725436146
104436.704114447
104181.174229394
104418.728721163
104427.407969348
104482.731985471
104500.479069176
104536.32264916
104535.497496042
104316.400053127
104390.092483756
104254.488958813
104166.921496522
104146.724260795
104397.973281342
104307.412928679
104319.989796213
104132.525551417
104392.529897279
104201.015756807
104377.034571619
104074.6686293
104206.361292964
104258.095641841
104567.223991459
