104407.326322746
103822.114997081
103989.098955795
104320.879909469
104076.349611069
104013.867142511
103913.599803038
104042.081544887
104057.171844334
104221.979557182
104222.042105997
104071.945257423
104292.05630799
104126.473172429
103825.013975533
104103.663394051
103852.468752192
104082.863099673
104186.068592261
103908.554345091
104090.753608035
103960.749617371
103962.990629551
104248.341443084
104068.180934606
104309.534151911
104186.144464351
103810.481548973
104011.625955216
104122.36328395
104248.186644459
103934.307699071
104240.526444134
104050.940839075
103982.876618875
104025.195733074
104030.554396967
103908.743137897
103958.221039092
103915.994946894
104287.550544338
104032.900632105
103960.569344942
104285.287065936
104072.058263558
104071.388986246
104303.810630462
104147.464092222
104051.562843044
104187.553035572
104261.522646663
103999.072595743
104172.307879505
103866.288030089
104160.436010786
104222.260832877
103858.708597672
103860.50088927
103841.797166952
104119.898612856
104187.314876413
103898.039774578
103872.090238638
103959.409351602
104337.302612058
104198.074665848
103997.829237651
104043.880395721
104054.35339766
104165.462633837
104019.766721562
104385.815780308
104036.709899312
103928.301166957
104063.700920036
104056.03035897
104263.81492605
104193.562126408
104124.688640523
104113.105702275
104140.505106614
103857.637282112
104196.105081283
104259.428843529
103870.675722446
103842.044111054
103868.445375359
104048.084953981
104097.98107651
103904.62866346
103872.740322714
104255.240286087
104021.037923299
103928.602258089
104064.476360599
103959.928049311
104019.806542883
104153.134013731
104005.532359442
104212.253272994
103934.646070239
104372.788824756
104097.651339586
103999.122459959
104058.137174609
104100.928961764
103984.760911928
104306.156452638
103964.234393079
104063.331044567
104008.653780786
103922.048916361
104063.945471356
104403.094095909
104131.850015425
103831.255055638
104040.065529108
103993.284227598
104307.710856371
104172.21291673
104225.153525507
104076.487678493
104028.563848066
104071.947024712
104100.357953939
104165.941297041
104165.218871387
104359.176062721
104154.915669476
103886.146900087
104323.972538455
103991.05743306
103852.908654511
104121.49548057
104097.226790865
103968.152339069
103864.250925023
104084.280305178
104261.61733839
103867.590410047
104196.129173654
104084.583144962
103969.952738017
104359.735569391
104185.944835774
104383.309748186
104011.568505496
104018.54101965
104154.732852671
103833.370997224
103946.810201759
103932.986542634
104251.794833954
103971.643147788
104069.241972703
103924.349602089
103920.965364644
104022.656760078
104387.611796115
104119.773837903
104391.312254846
103975.73531939
103910.614909694
103987.388505752
103994.997226338
104252.373812021
104003.352863083
104008.672917835
103800.721224099
104070.859603247
104143.769233522
104012.725724792
104249.714663687
104240.913326761
104019.637398113
103972.310891435
104391.097088358
104283.949656002
104104.291868069
104276.917296597
104289.239439286
103974.006661897
104102.977386851
103770.859669316
104110.415937123
104164.819437991
104039.261887512
104011.966591059
104182.929457712
103781.078008385
103972.146756461
104042.356244231
103912.195452899
103948.617159298
103933.322390223
104067.079852909
104251.634320245
104155.576588009
104026.378550441
104022.740236473
104108.234159055
104428.125099504
103979.478357826
103887.791492599
103986.387640396
103887.208482179
104024.479234535
104064.641646451
103940.476449202
104137.837582663
104127.059183699
104162.796716048
104028.115978892
104009.708008546
103940.743455882
103838.337819266
104223.203356355
104049.627353617
103970.093454065
104244.017569348
104231.654529321
103653.325912177
104320.997739034
104052.894963454
104054.170322289
103919.168059322
104004.620919042
103892.845591701
104303.232036804
103896.016366939
104207.644448617
104186.300795112
104242.709270295
103941.622097655
103951.938790956
104106.906359274
104261.751483981
103962.269635979
104054.947907358
104298.308529045
104051.807607663
104005.235024172
103940.949531721
103910.394721476
103928.085086887
103880.733980339
104107.235477415
104038.586594063
103850.884320448
104139.663231502
104210.814569301
103734.320077208
104092.317433005
104265.30272609
104200.084041642
103984.345221808
104001.920499684
104085.822656289
103862.646215155
104101.361927412
103968.899783408
104015.043506621
104198.599862887
104033.12437932
104119.609648241
103876.355980556
104109.021539003
103748.923627159
104127.211283716
104193.447570879
103963.296715876
103944.617421285
104133.986514703
104286.901667551
104338.733889351
103994.116086535
103955.945328097
104309.967893351
104042.059535424
104056.406313838
104126.637446957
104136.161029239
103890.299793128
103981.810464036
104264.205195109
103938.917759649
104066.377179646
104111.612782982
104262.512651317
103973.451371441
103937.920392001
104098.555082874
103764.102685697
104034.67570853
103937.193541553
104021.526206946
104036.871668365
103878.498000128
104330.004692971
104047.4662284
103994.446176707
103971.271281523
103980.904119278
104006.117213315
104160.099805877
104015.614278185
104285.098168938
104098.963759144
104117.833655821
104304.982043891
104134.992124944
104068.204304004
104240.117613048
104312.905701272
104395.159417569
103817.766916059
103997.311078287
104175.831882804
104037.767412748
104403.200563443
104186.266314613
104073.79259665
103916.905040128
103844.306150715
104145.196732098
104001.977444735
104197.12475332
104058.896114354
104154.758793647
103996.944396219
103781.004169184
103931.939836254
104108.943844098
104159.636550354
104302.055672524
103918.311961552
104162.859677545
104035.53516208
104197.573497037
104204.85549271
104349.584423762
103778.322494544
103782.489399813
103952.134887137
104211.39715383
104166.743496645
103997.948262441
104256.016769346
104358.937582141
103915.541823473
103695.626291637
104266.568165388
103930.708266177
104222.763391583
104270.546696637
104280.401544001
104009.736107711
104269.948051708
104263.359585595
104006.771400372
104150.303282063
103904.328621293
103929.548627408
104057.302989608
104185.490007962
103839.914763469
104389.111003324
104089.742879311
104091.325491887
104114.195002691
104045.093150493
103828.370428061
104165.670567975
104128.409398571
103857.983674645
104098.590670558
103905.756916978
104226.140271341
103788.014142759
104023.450424485
104211.852977268
104410.668835133
104046.786817502
103961.049418644
104207.236757261
103999.832325832
104029.466846506
104174.098361954
104181.906366611
103740.529779533
103927.417046717
104050.688036841
103966.947601388
103967.219931092
104037.517679664
104207.714520646
104114.53121857
104166.778665511
104073.308641414
103827.166232777
104161.78790054
103966.218496773
104159.284109477
103978.127849339
104074.462492986
104239.777459557
104123.273846766
103936.463446239
104007.844579864
103988.840195253
104168.531120671
103814.303801531
103975.860910947
104217.679671213
103978.478185117
103960.751780093
103892.437441986
103980.308671642
104206.450442491
104020.436715525
104287.388487914
104029.621687844
104056.145501108
104138.754456658
104399.418500505
104074.706978785
104321.408556904
104163.844020639
104014.237862647
104226.868585539
104002.817006591
103769.932528434
103973.981864233
104147.197545234
104285.092937982
103960.679642284
103957.267779941
104166.194143818
104199.853185389
103833.781862087
104174.180013056
104084.508209176
103959.069363408
104140.330315199
104057.454850835
104186.873303493
104078.306601272
104165.049114978
104197.479071315
104019.970903076
103952.758647768
103917.004002423
104181.721398803
104232.557414937
103908.85421976
103925.308697293
104011.151134643
104016.865284404
104141.098944373
104272.840008589
104010.180190583
104065.419929411
104059.245333035
103990.314695925
104041.956898211
104144.294308802
103981.965849141
104137.164417058
103987.28237318
103997.577071447
104186.231746617
104255.87938248
104109.801427714
104319.324044
104061.607305498
104180.690212582
103978.981883835
103952.26618173
104221.879286869
104096.550393067
103953.31873535
104128.244350347
103766.958447332
104156.234193269
104445.991694413
104057.853044923
103920.277496922
103981.474067554
103951.546217205
104398.801752611
104101.837790657
104145.372461165
104078.926919233
104111.698334522
104046.328952697
103948.791757394
104036.140915043
103869.639997775
104398.973090872
104001.159246071
103839.161111957
104215.81517717
104202.053840663
104070.181999579
104443.517975824
103980.864768078
104233.651051782
104249.30484194
104208.123787501
104270.742930508
104251.879689678
103960.928323591
104164.336651504
103921.543780007
104169.750333353
104021.950069794
104023.692177421
104008.12217078
104034.41147639
104279.37073742
104049.414854063
104292.615705948
103876.064915133
104208.369829436
104121.698687004
104255.838050941
104084.161476548
104043.674749843
103927.519299132
104041.296320468
103928.042122797
103843.935861434
104215.551145215
104163.67396904
103802.762373988
103968.540293307
104024.102588697
104282.396270527
104061.571282176
103884.176106736
103986.945626774
104002.404098072
104058.612408442
104103.137906596
103922.941912659
104041.434410886
104221.386554069
103915.709454992
104029.497663853
104194.548605057
103855.391648174
103961.556412791
104045.474143235
104255.987532975
104184.719069239
104133.351321919
104032.982169206
104207.230292786
104236.091847672
104024.107581944
104383.147272087
104157.6564783
104210.06600831
104077.513692308
104179.067596611
104091.868241779
104261.597654731
103955.089217381
104275.063894958
104214.990120827
104109.825517415
104238.792694426
103942.890786127
104095.898212067
103794.693264111
103896.419040776
104052.081878306
103903.479052097
104178.342807851
103896.204865779
104216.60043674
103967.703032975
104201.458545315
103902.629298466
103843.620448718
103945.630641462
103980.154853199
104168.011110802
103927.307545487
104131.236027333
104295.348546562
104078.025929723
104264.803188667
104347.932196509
104031.230363578
104262.743108646
104091.58335025
103995.182224842
104351.293224909
104023.790069747
104141.899860298
103881.905808425
104066.093607902
104079.760243308
104161.767111143
104028.767077271
104395.392001805
104223.8231205
104257.852365686
103782.468606262
104115.619598637
103947.884739247
104116.863366316
104101.100397691
103971.880423903
103951.200983138
103942.736652607
104119.097318478
104377.431643543
104180.379047259
104065.175331745
104127.692087569
104160.921236407
103956.971458223
104053.344494152
103728.470985068
104188.679083752
103856.440918047
104132.037515122
103916.760872562
104118.806957891
104310.625987246
104273.037097608
104222.269550307
104052.113209273
103832.680580517
103912.259082245
104009.889761579
103960.58550847
103941.877514479
103912.945190981
104274.15746893
103939.180215871
104038.214406809
104155.184669441
104156.355722459
104271.890318019
104274.298705116
104036.532024508
104405.280436113
104037.451374291
103980.316988016
104294.094594689
103994.634171063
104302.79433695
103915.67653583
104160.472558477
103942.606950566
104062.382971935
104139.97279417
103858.149237488
103923.847025302
104113.490374913
104124.987177367
103995.866723591
103910.946046273
103944.917531554
104259.867430111
104103.072400675
103938.464223509
104069.564259134
104047.785092904
104178.829151575
103974.803551264
104287.617594302
104251.643465832
103701.824300002
104108.548253539
104302.576392526
104337.570323299
103841.360713723
104128.109182972
104020.695639088
104301.322010084
103852.180529892
104195.241621084
103933.72369109
104075.728934472
104039.921524151
104115.193662001
104079.03319489
103958.112081184
103893.158323729
104038.080499941
104264.628754164
104061.624211635
103881.052640575
104075.360331209
103880.582390385
104224.344267805
104120.513894362
103924.169493176
103992.919471145
104084.610392795
104330.260871925
103969.559230208
104012.796000711
103849.263232729
104036.776761806
103856.060578715
103927.604447292
104218.651668743
104304.280931886
103990.760989682
103866.772328857
104318.828180176
104304.606482295
103837.481617749
103964.775314574
103999.185076153
104066.372546783
103999.795889632
104291.778397356
103956.629008873
104094.973296656
104035.05896582
104157.153857629
103921.658774427
103959.720253098
103877.72085777
103906.960358709
104037.312569993
104346.467795749
103947.354564772
103949.726597111
104098.116585762
103978.771682714
104163.675417438
104058.754126193
104232.961822779
104058.006747939
104210.358121663
103956.589190322
104213.39153938
103789.019012284
104002.10399829
104142.37824525
104275.102285151
103975.067699475
104134.731381774
103864.651029395
103795.96991426
104008.629992252
103964.493883436
104121.549702232
104152.995320963
104076.634289384
104133.125988534
103911.340699155
104159.685998727
104082.896551145
104117.262083835
104250.407868538
103885.413382553
104066.339417053
103867.659928379
103941.482770705
104123.276619245
103907.077315903
104067.928122577
103961.827416304
103871.896774046
104107.122639414
104052.423190585
104041.933971433
103852.189170087
104068.421281944
103925.658919356
104008.414230872
104140.230236276
103809.140627868
104045.276828694
103829.266316855
104194.670894054
103934.924513591
103971.739168542
104027.440960678
103919.647712293
103951.197476203
104058.135993304
104025.23076655
103861.944659316
103906.101821432
104279.568840138
104152.303695786
104131.402685445
104257.921167131
104110.831728112
103811.805613824
104149.036656328
103799.606338047
104130.204033958
104486.11974797
103853.484714929
103977.576791276
104290.98265209
104052.915392738
104004.277910745
103935.807922079
104402.454985567
104217.274994473
104114.135116315
104073.947551635
104036.14342802
103864.278704269
103804.074692871
103957.313396978
104014.70308069
104272.030910371
103848.290271359
104052.335286466
103977.315378161
104204.403993228
104032.82040412
104124.486948876
103987.673312966
104019.751537921
104294.434395206
104057.057630761
103915.227120602
104274.279720726
104128.414465363
104157.010311142
103967.814573541
104094.431577175
104128.552070119
103930.442878798
104102.521646787
104317.765243828
103888.25050905
104216.842545814
104189.199973747
104101.34040237
104166.879324015
104001.784242247
104166.841807483
103927.363017212
104167.084764179
103939.880992295
103757.725048964
104353.394444928
104217.761719164
104277.03854187
104077.913785042
103876.916775432
104093.95523484
103837.667883228
104013.98012099
104008.724226651
104211.801874605
104040.525627142
104109.909424899
104015.086726813
104207.969275323
104164.624698338
103985.826706971
104013.20718696
104285.379024593
104358.949236283
103912.294560463
104090.297392084
104156.669861791
103959.120774359
103921.847375273
104055.430086941
104223.699449363
104255.289031921
104116.22320846
104247.741608234
103955.696516864
104216.810572533
104126.670493343
104219.39650024
104211.128945761
103957.058910062
103844.533847668
104015.877901501
103998.593972787
104036.126533202
104056.15499631
104172.925761512
103980.11772175
104008.88506644
103999.562272319
104198.376448195
104163.257177002
104304.451244678
104210.111652138
104046.657376988
103926.441010287
104204.906870281
104146.071813299
104008.485067212
104201.526258969
104015.010745958
104094.379135997
103810.69040422
104414.413281315
104077.747342665
104073.517551227
104121.161508895
104156.837254286
104264.879986696
103937.03143909
104163.827885843
104036.734791498
104058.731641851
104243.300077395
104457.715336897
104180.705825685
104340.964597441
104079.051374458
104131.091238785
104245.52942924
103975.204858163
104089.906701698
104132.702224163
104035.725998121
103792.097764925
103979.552032068
104302.128944327
104025.882678085
104000.847503619
104217.880265767
104163.683525465
103904.222828826
103811.413752111
104178.307288258
104090.911390071
104033.869782269
104178.576270733
103934.548462663
103995.194870485
104074.463818061
104087.306733733
103999.764217755
104007.13715746
104114.841304036
104199.283926255
104128.634094742
104309.892584285
104416.619506875
104010.614160229
104186.113469983
104326.331839487
104257.235348774
104302.537895425
103960.200107927
104040.634111854
104135.552016661
104017.589734166
104056.322164779
103932.997512651
104268.606257171
103887.297117574
104050.36414558
104040.785387501
103905.931733105
104211.882920622
103907.684750125
104109.299970505
103958.076421305
104331.38454923
103967.590268566
104054.004827741
104140.170969059
103919.458080274
103910.412827174
103998.525867632
104339.918450859
103977.403666342
103884.45693797
104119.529693282
104001.4452927
104019.822716075
103937.279785253
104140.309735424
104177.639136949
103998.632889442
104394.721805085
104088.214975322
103979.425780408
103743.573075116
103877.417168856
104183.561753724
103913.242832434
104124.769776912
104112.940535698
104124.369488485
104106.050376236
