103963.069984264
103939.990812224
104050.817022634
103922.759718432
103916.604831951
103986.993997835
103938.756847776
103919.343528537
103951.059955623
103967.891624262
103960.606257562
104033.745530074
103968.702312415
103972.574887331
103985.458718233
104172.030289914
104087.143256619
104262.392617936
104014.231799949
104083.935417176
104243.919664113
103978.752533655
103932.088462456
103995.88062833
104036.063011775
103956.354597702
104022.498071414
104120.086391602
104171.884103229
104122.267772196
104097.87223222
104088.690741122
104090.68037506
103879.511092061
103912.549045397
103971.874060679
104066.602118618
104037.412057639
104074.739061413
104107.9676722
104127.594460832
104056.459489396
103989.869093798
103974.738994711
104093.567963024
104036.65152222
104076.278433859
104144.664379374
104128.242583823
104041.901588158
104082.596652135
103972.699907398
104037.003535894
104191.391161851
104039.89346874
104066.914299267
104002.015211115
103967.579379087
104070.684455222
104086.04550669
104072.482827279
104042.315878803
103988.862538909
104009.935010758
103978.065245661
104019.191261268
104002.4494868
103893.18507429
103868.921407478
104132.141406081
104142.84698631
104086.277018776
104056.052015677
104090.115962877
104011.582975027
104082.174760693
104039.523657324
104051.515915713
103967.366512314
104118.890549639
104039.635919219
104062.206060782
104012.212175643
103950.044809343
104067.942306008
103901.035832715
103993.912804167
104050.118246977
104025.399444155
104011.565022987
104078.875643946
104007.829232118
104088.532004413
104087.679050048
103954.502621806
104147.217201091
104077.601063132
103908.975640477
104027.620460003
103936.714508551
104020.463720487
104014.227887699
103919.386056095
103921.042153039
103903.694232142
103992.489174307
103968.679502556
104066.32720693
104239.317030283
104213.890182366
104127.725865495
103906.960396267
104039.771281193
104008.174212962
104023.859819914
104078.088660681
104011.452780991
103998.110586337
104059.42745032
104096.631288018
104132.389452721
104046.459185474
103904.150709896
104036.188183524
104065.357614115
104064.534711157
104020.609222972
104005.761706168
104003.821865748
103965.854129969
104047.842696555
104138.833086345
104069.800899677
104074.15674844
104131.27657777
104102.932213322
104129.16309989
103929.470811379
103961.565743805
104051.696943734
103993.968544038
104043.177412063
103972.669189946
103892.728483976
103977.353435982
104057.238896517
104153.458786413
104036.584628764
103982.71745745
104215.495044481
103899.497244176
103988.698108913
104093.44466198
104033.492828279
104148.526452758
103945.297112808
104086.06515186
103988.04096193
104010.310386647
104166.203692858
104076.537844311
103994.886656808
104049.066072857
104114.697315824
104127.988983207
104063.249818268
104074.59370553
103937.491831198
104105.759199232
103987.206005212
104044.425670496
103999.264941663
103939.531296472
104013.058326152
103934.793085609
104011.41035348
104023.962229742
104066.373199528
104203.298024123
104014.812039489
104151.043208559
103961.804537797
103983.347226138
104125.050187735
104101.90338429
104043.32835909
104016.599131777
103951.793035548
104124.123074456
103952.229259137
104048.179614855
104009.6198768
104073.75559104
103980.682682395
103871.375018531
103967.99371692
104089.993571118
103954.724086908
103897.285357407
103943.516322787
103957.915748887
104027.84658515
104203.573457622
104164.249187884
104107.381609015
104052.903180345
104072.225273572
104175.851092258
104220.276393693
104012.041877175
104002.256202716
104172.125042882
103972.132631919
103961.874032037
103906.944679295
103997.770192236
103989.059489307
104016.27926952
103917.473009084
104045.996198134
104034.868573319
104077.275777924
103939.774795538
103961.196703456
103969.121996232
104049.183574203
103955.543433822
104346.919049268
104077.42047938
104115.292192687
103969.624492565
104013.453585404
104136.229841692
104029.869533065
104154.099317661
104054.120692041
103934.047845901
104084.854256763
104000.320275238
104098.950958477
104045.726474094
104000.466712538
103947.657305509
104013.107675222
103987.280175646
104060.042902536
104112.16979108
103994.757550917
103984.757189822
104004.021277897
103980.216688927
104050.226558263
104029.026021895
104045.542523173
104142.107370502
103984.818590738
104073.968783094
104001.069463611
104033.841566778
104029.621713031
103988.186574033
104117.909597928
103976.167377665
104051.619934662
104071.938371978
103964.64185945
104031.723123778
103874.713588908
103925.086667339
104096.44257934
104070.755876776
104062.968978318
104060.435934014
104059.698755094
104079.631293452
104039.826633251
103969.388494087
103967.586954389
104080.430141834
103973.932686467
104089.190663526
104043.305818577
103970.152862109
104032.188262388
104009.923479808
104057.192203306
104046.476085956
104020.657243811
103846.142601069
103991.205338893
103993.204668528
104019.59681714
104201.911274921
104038.854506623
104122.16767754
103959.196712863
104089.733625779
103842.229720959
103870.432931516
104060.043284803
103921.523402351
104053.358332686
104051.694518214
103991.240650867
103910.230444699
104131.498965072
104090.938912196
104103.39130938
104052.951200628
104058.828372263
104036.798765625
104033.522913732
103886.095826267
103955.309854779
104055.586061967
104098.244352554
104024.326882445
103966.648947102
104162.72000704
103969.52367418
104086.895132509
104169.688550175
104009.175625488
103999.634349978
104179.868545945
103906.404668764
103918.286998968
103895.928580368
104044.846282364
103959.57515004
103987.903284752
104035.427307206
104011.368239858
104193.909090211
103894.287231071
103889.023763794
104046.12266411
103943.380690404
103967.252050673
104137.66632252
103963.671122009
104090.645108268
104178.178920526
103923.117394248
103988.713663192
104130.607999079
104132.354597757
103906.914962384
103933.387367399
104018.828900017
104191.076455433
104047.865083781
103924.673752774
104071.948141674
103927.435750185
104010.22962372
104036.358456509
104061.202048518
104034.000406382
104064.57399127
104084.347222008
104100.015697569
104174.027302864
104056.739293207
104023.903471796
104158.996293428
104084.759422845
103983.432423127
104035.268035317
104087.830131801
104026.538458721
103944.342153823
104246.055003032
103911.285954902
104021.417305251
103813.644188334
104036.41475295
104007.896287103
104003.635576416
104246.765146439
103951.637258465
103985.411134834
103953.459630484
104003.690476592
104077.846040734
104061.971933849
104051.224113294
103937.803804307
103986.939529082
103958.127898561
104106.873096779
104024.289444073
103975.315316711
104141.288134583
103941.169675528
103986.789373282
104021.798793976
104048.457284576
104175.090734634
103988.314594214
103999.645886896
104074.945272
104099.478169916
104100.192264466
104056.452021815
104195.261269778
104060.678433522
103952.525149736
104074.227581624
104093.100406664
104056.386890352
103984.170147377
104028.319401727
103946.981751262
104101.64044668
104103.804988261
103970.90464844
104069.483085296
104037.293880192
104063.378646355
104037.255047429
104001.011327583
104019.490360169
104136.711274212
104017.894999446
103904.507339471
103973.582864433
104076.488253428
103956.258350855
104061.652341003
104127.193003157
104106.450853453
103997.552977076
103986.842276743
103947.66578626
103999.930532766
104156.898136787
104139.826475382
104120.143408596
104121.047290361
103859.633463526
104085.430595222
104003.02831442
103959.439951666
104057.155747551
104016.212304824
104090.887546063
103985.412052465
103937.408488108
104118.749765637
103999.595305439
103942.070241517
104027.485114466
103998.218983282
104146.036094416
104043.986472218
104072.663731761
103914.332841385
104010.368486609
103961.822302366
104030.735711398
104096.595970423
104064.147159263
103979.398256333
104038.819180259
104031.78418756
104074.643276999
104287.268251683
104159.427545572
103935.092790967
103993.89277648
104046.639786462
104028.578615815
103931.856985434
104045.182838597
104015.287642409
104027.339165111
103959.009592463
104076.988394162
104029.883248855
103939.822652837
104020.603980715
104124.374316033
103953.625319792
103885.591149558
104040.869937472
103941.619609349
103987.132773119
104109.837843859
104137.89989437
104071.872053336
103949.753611865
104124.189383509
104023.739899779
103945.901654637
104044.53135256
104036.528345033
103933.311146822
103946.632407645
104086.741304301
103879.683960295
103984.290241778
103980.680465878
104078.887716148
104074.89139487
104064.7991846
103920.485892735
103944.188979217
104006.22216439
103956.308330067
103958.314404256
104005.789639764
103924.69060458
104027.64856007
104173.802363609
103896.627939044
104035.728978467
104075.406412201
104190.973623421
104060.533044737
103903.782760619
104021.488222535
104011.05674757
103941.630925599
104019.035987476
103997.25426294
104150.633582839
104096.98367806
103890.072939135
104100.803183384
104133.569599005
104149.949352647
103957.050213283
103995.033139208
104134.426569706
104130.973498034
103992.090083793
104039.218059999
103977.177845897
104044.583777029
104104.826421409
103876.964002367
104128.065074361
104025.451836306
104071.738491304
103985.878532957
103941.653443264
104097.772024171
104037.233573403
104080.775102773
104102.628138481
104027.944477529
103955.760209044
104075.525711256
103937.085779336
104105.721833847
103960.326477921
104134.893056032
104114.801190553
104022.964746052
104024.202559629
104129.5337808
104038.187614553
103963.591714716
104098.68454525
104055.922843701
103913.951124486
103948.330277997
104000.87643905
104093.081272057
104106.783246142
104219.925273522
104062.108543457
104020.316687286
103916.516077424
103913.268325927
104043.021642146
104001.393721625
103831.726245014
104046.926873357
104097.802785238
103965.357729839
103996.11269518
104028.349783888
104028.904550734
104072.962186889
104036.587860378
104000.782312099
104055.449865092
104072.66947323
103995.883134661
104058.373300864
103880.515005763
103858.39855727
104069.933429587
103913.779492595
103933.446419056
103935.4996968
104048.466214883
103948.323153217
104081.16404964
103970.983394314
103936.165566037
103944.920986484
103882.891752523
103979.069861552
103833.053127954
104005.008544296
104200.587788082
103951.119855779
104074.043607393
103901.78867913
103987.787540106
104040.205008705
103891.48311365
103992.424509844
104058.102826958
104021.588882415
104114.357303758
104111.412641431
104131.32677014
104104.810288689
104021.850942234
103986.363507354
104051.531456002
104009.521832957
104019.500203737
104132.898646104
103981.917615069
103806.566603923
104053.296276658
104075.421866023
104085.69008336
103964.961311271
103979.381034791
104125.185450197
104052.531957074
104208.751194114
103948.361006944
104023.253468451
104024.963492837
104133.42807505
104072.951866698
104071.914287394
103986.30257226
103904.902310358
104044.130075845
104002.924577376
104081.623984138
104204.381090871
104072.90547981
104052.931242027
103961.736946371
104074.313746958
104074.906072442
103973.568659232
104116.344248375
104098.841147725
103963.977174467
103987.473087722
104035.661904408
104033.60868238
104039.689028956
104114.222960297
104077.835847871
104154.663969453
104066.987891412
103998.668906606
104084.979231834
104028.084100899
104129.67412597
104128.952401998
104130.656953317
104023.91069205
103865.683826607
104122.345677841
104097.517607586
103931.709086832
104038.464612395
104034.635555634
104084.118319328
103943.307444111
104007.426496673
104005.864670338
103972.835901189
103984.098328034
104043.253242932
103929.004240635
104016.337552496
104005.315274951
103920.244148117
104122.153532815
104011.243097535
103996.339052696
103901.452165452
103997.618041595
103985.409028573
103972.578903493
103889.897351778
104264.261661714
104154.345053082
103909.445283744
104038.133978502
104071.704855686
103991.92442128
103976.71203869
103998.065426258
104124.601723296
104039.295258966
103991.477561112
103987.198240244
104004.189629508
103969.575835571
103916.489990874
104039.295403683
104098.368242495
104209.635418224
103971.599120481
103914.342057648
104035.322939835
104008.334201422
103964.430491888
104032.030213645
103973.37178567
104064.935865492
104016.628285934
104133.0798028
104122.512450411
104024.336449503
104052.547548775
104135.584692
104000.29098791
103999.658952993
103985.20222246
104051.430613445
104141.580175659
103910.558060416
104030.930106196
104075.945692992
103934.660975754
104002.315099545
104058.887324769
103942.744641899
103962.056072695
103980.706254123
103994.882945368
103979.772024814
103989.428523879
103960.613010779
104045.346780516
103906.955843424
104089.164643885
104027.670108561
104088.049111151
104110.59342876
104038.318863758
104142.665730435
104112.313843655
103937.974107627
104092.24460525
104023.341757602
104038.962882977
104112.038118895
103873.775508803
104051.494252559
104019.555705045
104068.622354534
104064.753820942
103992.423217936
104027.000460762
103925.042448986
103993.468174156
104045.421255657
103909.045796048
104074.675079237
104026.736074733
103997.751800535
103968.435106763
103869.214405348
104042.300643327
104089.112063513
104137.58026363
104002.000060715
104060.473790536
104045.498607774
104118.319708421
104216.288377808
104065.401651923
104029.147063083
103880.520239757
104046.046404013
103923.814076004
103999.826529194
103979.90235542
104009.862526068
103883.378854261
104053.910762199
104085.637794561
104069.900050659
103888.311672445
103972.437511833
103967.129223551
103942.541871007
104137.742296829
103899.281492251
103979.481904465
103980.657224529
104013.491890737
104059.031238737
103854.236766565
104093.027843916
104061.398444287
104256.170137144
103906.797235891
104071.56384317
104013.765188995
104134.319109081
104084.787850984
104122.567756073
104112.383092681
103941.519186649
103938.526475656
104113.019508043
104064.130999544
104041.303457833
104026.547327544
103973.246727472
103963.793260036
104041.318489678
103887.294419704
103992.938399005
104161.640064645
104101.807885545
103940.830751629
104216.679984555
104040.062615041
104128.440315094
103991.92663819
103956.613728308
104029.726860985
103937.726168854
104006.03870591
104040.044780086
104051.171207479
104042.277275103
104069.993019908
104172.02735323
104000.719842334
104156.547161428
103923.459126627
104127.882154234
104149.549347227
103983.710387908
104145.525930235
103992.379618125
104078.523378728
104139.492141736
103914.667340354
104135.575076747
103904.762222746
104024.652258918
104081.279257755
104098.618991894
103990.757464119
103974.634425504
103796.304125592
104115.463570565
104013.286452198
104070.164411046
103911.453877846
104024.484790081
103974.017865398
104042.379244844
103913.197366762
103958.140899378
103989.364538389
103997.140397246
104105.043511075
104116.634214127
104078.64874357
103914.769189913
104055.432281675
103999.119298298
104085.579030578
103995.028950458
103976.706310035
103976.74000039
104056.585025594
104051.276430258
104023.816112226
103868.300144076
104226.751574419
104064.101954043
104120.517204222
104045.423948631
104247.825267964
103968.174293271
103959.339820638
104000.612023658
103888.971060994
103939.852506186
103912.746064947
103990.024872079
103960.497846368
103953.528411252
104085.931792693
103951.342341634
104194.529394946
104107.90114094
104034.151590783
103987.220705947
104039.589899397
104106.473848463
103926.331939419
103995.927037969
104072.198903758
104076.476225725
103869.069122455
103969.154424356
104024.275831084
103984.102488254
104126.068785587
103952.464279483
104103.631747675
103954.791607159
104041.776387168
104046.818409528
104069.701933928
103964.245711501
104157.302969598
104048.217771098
103984.422587874
104065.60496267
103990.791362008
104039.931649017
104124.207854394
103957.897409526
104107.230982505
103993.081162568
103946.951569224
104253.808403356
103998.829937131
103917.075977707
104117.749627592
104084.284362465
103906.891485948
104088.554053342
104071.607847377
104047.580202238
103977.335223985
104030.593617054
104262.537953698
104006.030755109
104173.647396181
104136.296562898
103891.131548012
104053.174472673
104030.810622956
104191.136967736
103993.000307383
104059.14410857
103995.853590919
104071.44604337
104054.881780064
103945.391898168
103938.040273526
103908.046476894
104086.903269048
103800.044317506
104184.166511994
103979.651302139
104066.0405235
103888.723088055
103945.520224538
103917.708879282
103920.887956359
104034.064321157
104030.89548177
104137.519664723
104043.223245297
104095.657939878
104185.162606631
104115.2853739
104054.944934149
104057.360662855
104021.675820195
103994.708922846
103904.378650331
103986.271658089
104052.066789425
104036.000335334
103995.66588536
103986.668873506
103980.358598748
103973.4849086
103845.997591145
104036.826196989
104152.30868284
104093.901489651
104020.98296562
