104491.14932587
104178.13613765
104343.300878992
104181.334764714
104075.18715974
104044.890968867
104253.05872655
104004.171099985
104238.291257695
104109.893555917
104159.960789363
104149.715538689
104266.239933986
104018.971408134
104179.652530181
104253.945492873
104065.214883464
104066.100298086
104282.769539235
104147.902932714
103781.919599976
103964.54754009
104403.56550451
103953.964163153
104109.791483652
104187.195363298
104175.759783174
104029.531988458
104127.762402714
104139.54918556
104370.901652881
104282.751338345
103821.179596134
104316.590000959
104121.210846593
104000.510561757
104248.683727384
104275.206031605
104305.04675004
104210.697399097
104364.237220646
104295.042741814
104279.347883189
104063.753537338
104074.295419653
103958.036781784
104065.936313613
104091.562973307
104050.565451633
104180.390146465
104125.840600927
104104.183888493
104388.56503675
104436.079003864
104276.467384163
104014.102836
104212.030040157
103989.031433392
104296.600489256
104288.811362183
104251.161588854
104700.495600521
104084.507660925
104073.370746808
104150.139498493
104398.048212372
104237.119015875
104193.721095016
104394.998405694
103944.910853785
104253.330628412
103677.676653317
104167.469787808
104311.679091539
104072.486447507
104246.325687554
103895.152471495
104310.131666876
104275.024298373
104323.415264318
104292.777679251
104365.1735377
104348.064408823
103977.593608447
104032.43001201
104406.688468646
104280.781376774
104300.278023439
104087.755401992
103973.032333008
103985.296465528
104069.71325469
104292.227742518
104112.870619251
104116.663553264
104181.589038709
104150.632289968
104380.945107205
104277.22821912
103865.193643538
104180.704621618
104135.921639485
104510.588222689
104177.712061283
104018.810027004
103945.652376976
103958.478876348
104079.455433624
104158.062851606
104083.671399975
104184.47073068
104025.588306507
104415.34813463
104159.68773544
104576.329786864
104101.124187355
104258.672100365
104337.14555017
104424.593597007
104307.143603061
104286.406650366
104293.114772108
104359.72865391
104423.986800011
103997.669138997
103977.966296049
104210.096396212
103987.170946613
104214.860447658
104479.349194977
104197.510805933
104230.888320739
104357.491851551
103965.920305168
104393.382843973
104021.182760585
104209.416829025
104003.835993062
104222.422525371
104158.271849866
104383.666848698
103933.472701164
103914.641793468
104132.354738648
104040.168668447
104529.011885927
103832.892114496
104226.700138935
104138.5083243
104195.380786526
103975.602342059
104238.632685191
104720.123967953
104210.069473463
104261.612446066
103978.265223912
104388.222807235
104099.794785909
104389.71614523
104531.194132994
104196.172197859
104014.727153592
104334.332205816
104284.835945921
104359.816176595
104099.058605479
104021.538541461
103972.4287277
104378.62025712
104362.50260375
104196.157263406
104343.687807339
104556.001901201
104526.50894231
104262.360866407
104052.619559479
104191.131430078
104313.831720787
103928.366134886
104213.689796112
104245.752166426
104118.764354313
104303.852318539
103955.945493084
103937.03589469
104481.756641922
104183.352227239
104371.532167251
104543.391768979
104335.300929943
104321.608765608
104148.579364309
104427.155858769
104351.238784476
104337.570842509
104275.170082082
104023.6934179
104024.399644891
104224.10496269
104112.742937794
104268.202987047
103993.425570665
104140.842572634
104468.259587614
104385.357155448
103987.625981722
104172.979787789
104348.303918817
104274.010298411
104236.120349006
104169.412650954
104082.976194165
104033.538638673
104248.030026284
103917.595220798
104199.321551107
104373.392304958
104144.88131436
104441.018034048
104234.725549156
104145.263308623
104372.744946125
104314.110694311
103977.331404499
104172.159050844
104394.66754028
104384.173026943
103858.639768583
104528.382139453
104109.484231423
104336.262511706
104626.173374835
104265.189351079
104341.188993703
103996.591049625
104044.933478334
104255.782741814
103799.064297683
104252.988655635
104232.633540261
104249.261327977
104250.918243191
104112.240274649
104194.055434836
104235.150639887
104565.211255119
104387.658619103
104269.614559178
104527.273196326
104031.64038681
104474.536295223
104493.004006657
103875.787544189
104681.67496481
104222.394268382
104183.645830742
104205.108831896
104113.752619325
104013.325300819
104115.348516903
104308.675853909
104195.937575409
104362.716239029
104283.592521322
104224.003809049
104382.869005966
104426.13293696
104141.322133055
104379.65213418
104175.330450034
104221.02427097
104388.545666418
104345.205369267
104011.103710493
104483.054086832
104386.09641754
104411.118743369
104172.123352041
104270.763278842
103940.859052542
104341.998841133
104264.086924646
104376.18804083
104448.316447493
104776.544468168
104080.408877373
104156.880530725
104564.004694076
104329.528653859
104278.470863613
104292.763824123
104217.497738672
104167.875833096
104039.248952639
104369.981113963
104194.617837237
104419.55228085
104413.126844979
104257.246592358
104065.930450387
104121.871124579
104141.78088628
103971.347519497
104330.549606258
104238.598797874
103957.27885842
104425.127960026
104116.67911961
104273.976517313
103944.459716282
104308.536517242
104022.847687465
104316.136038912
104247.428283059
104174.911333687
104277.837427054
104219.119554308
104194.859671426
104132.880825348
104079.942925405
104250.158607598
104091.80878554
104150.43686219
104242.069372434
104176.206272029
104137.234334313
103961.381360732
104245.338631644
104366.627539641
104232.967084215
104250.561402374
104253.639274622
104251.262646326
104203.185022246
104153.195180949
104385.294771409
104211.574630369
104319.158137657
104042.089207677
104006.972583399
104324.50182659
104518.355311616
104058.564709327
104307.319583632
103745.534398048
104313.598428224
104203.953200123
104318.268828175
104356.118800179
104278.320767247
104174.247996914
104351.268189027
104141.775691333
104518.152880077
104428.776351348
104033.322503605
104780.995680191
104190.492690405
104196.280731012
104162.414508697
103988.377547778
104259.882415396
104407.238725188
104385.522648848
104090.37769576
104369.848513321
104111.520891796
104036.32160281
104022.272255257
104199.867605242
103987.193980872
104113.22655919
104175.629230765
104213.003474882
104060.380925257
104314.700914706
104230.612118762
104421.718850903
104107.611870322
104361.914066927
104226.574296367
104450.275751333
104132.263718502
104010.485953924
104150.488438977
104279.593156703
104299.046644167
104426.473709778
104367.65479168
104324.214749821
104133.5701293
103946.033981732
104112.950663311
104308.319907091
104229.528472156
103987.304765196
104088.250278946
103993.035819386
104237.185099391
103840.034713209
104152.270318634
104004.56637084
104330.397294674
104262.678926728
104647.348684599
104213.701441349
103976.550390203
104134.083759216
104015.740546544
103934.752446027
104220.659497539
104327.216833036
104277.915382905
104258.737786882
104184.440372148
104525.935880129
104183.915402751
104330.566554876
103931.770667276
104148.33705334
104185.368524596
104332.955618385
104168.245849288
104258.145935028
104079.079330274
104217.398380036
104117.089107873
104410.334155531
104292.23432311
104518.514418763
104127.3271866
104081.071831805
104171.087741185
104264.702241414
104223.751578095
104149.221127982
104614.176360878
104447.711352741
104009.34971166
103998.087231423
104039.915199114
104111.801627394
104095.150425023
104042.875290055
104068.603986515
104363.115873797
104383.015002805
104329.153545857
103983.125010904
104376.296346139
103883.40890494
103959.978058903
104376.243730112
104230.076571772
104043.006459632
104119.159205782
104145.740885843
104228.998867657
104203.508206152
103912.339776898
104277.426168522
104065.7263339
104424.162410736
104583.650566669
104354.055990605
104107.026741654
104126.298514731
104161.886189035
104415.241657244
104068.573059977
104190.805713489
104001.551314949
104326.700656228
104019.604924073
104353.930040429
104476.295239745
104197.794947719
104419.805078599
104357.108940304
104209.928808195
103951.23528516
104232.514713898
104368.198097566
104399.463791754
104350.880797784
104209.682712932
104487.718234841
103939.647307343
103931.495736682
104296.492008898
104379.573820315
103981.399232996
104592.45648947
104306.849896385
104124.523012988
104355.03418449
104276.162980384
104518.185163178
104312.64896593
104188.215093058
104554.501872393
104132.651644547
104315.764325296
104358.20022599
104243.39173001
104155.639795577
104171.014426941
104055.18175829
103981.809228322
104275.69207608
104334.903905166
104177.713918168
104236.65912931
104091.639598141
104619.824946211
104107.990538216
104078.002043784
104331.464791552
104306.841277599
103941.998241304
104692.031719966
104112.620207399
104087.27430043
104055.936068127
104192.80711995
104169.129419396
104356.43548088
104240.932440906
104164.442418347
104388.496071692
104241.664203078
104233.763589512
104186.024170566
104080.241716872
104312.542165028
104167.285828394
103883.431876355
104134.698047318
104396.452798088
104259.972714319
104514.830461
104115.299207258
104347.179971198
104230.787028504
104070.815202562
104195.86413996
104146.653398171
104165.996661105
104124.848413691
104026.482414733
104073.173493654
104237.604768086
104215.19299333
104026.745396184
104048.907562951
104364.805306674
104144.934913006
104373.722867374
104372.895147372
104340.893231098
104424.830489251
104403.438939071
104309.919762188
104221.42797016
104381.58206672
104173.261949207
104320.726962737
104330.006840772
104087.740643739
103645.674793879
104231.699833454
104161.44642487
104728.080340679
104184.470910797
103901.26653469
104179.983018843
104312.845715649
104042.521701678
104397.420132062
104257.089493755
104599.068675983
104483.859388131
104305.646157588
103935.983793228
104216.559681333
104077.398696289
103913.195381086
103780.920704998
104484.503786718
104110.898733091
104238.237089622
104182.549135062
104087.303432075
104029.247412184
104115.260072531
104259.306796454
104177.683315451
104371.513876457
104179.865805991
104020.379502599
104189.133296437
104347.474348914
104282.936690845
103955.653903268
104121.857117844
104501.820657217
104410.283051294
104307.813340749
104382.025803188
104209.366931871
104427.639453387
103920.695109119
104256.258008877
103865.482064211
104296.744922829
104220.383225412
104204.842987187
104133.232733962
104210.984717833
104107.555817857
104108.887412664
104148.452372998
104372.955776013
104480.558929241
104189.213901158
104420.241260345
104150.818908265
104345.613707058
104083.994428132
104268.877870706
104021.628132727
104099.190830641
104112.491807936
104406.688789925
104322.259328316
104043.860535299
104158.358799028
104265.645447545
104375.84355271
104125.344185428
104397.114632062
104223.138760436
103865.964173235
104185.862242478
104336.481387183
103962.539634918
104096.232247253
103820.885971221
104357.26798055
104173.259444419
104182.149367527
104318.378090517
104217.122046008
104117.669354261
104251.381413437
104203.228669902
104416.133113657
104484.049028821
104160.120303964
103712.374795864
104396.100656666
104037.782813399
104187.691359658
103550.103944899
104249.299259712
104243.394422983
104243.405109623
104493.363918093
104124.833364545
104514.478236082
103755.187952023
104095.318649754
104371.465450194
103983.966642987
103877.709699938
103863.355114124
104192.640234733
104193.201098113
104199.000954044
104347.54546213
104414.155817266
104351.088506406
104504.406931003
104425.9380535
104199.07874523
104036.013746141
103873.899570824
104445.551963403
104086.871430832
104299.418747127
104338.326605254
104163.69134044
104047.475944
104458.331790632
104338.469168649
104143.620863434
104260.755665801
104340.812573754
104650.38553554
104300.261995122
104318.989367714
104277.138859504
104142.686967392
104325.194355895
104118.542594152
104182.571071053
104471.794689391
104568.80344027
104013.080205228
104232.781915391
104182.842215526
104446.845023402
104054.809194346
103959.52365894
104306.274113725
104362.798255378
104318.311653197
104206.19294577
104233.64099648
104228.317443375
104450.98236831
104086.810747297
103960.095983624
104540.153248313
104137.108562962
104170.156452815
104458.718804525
104159.339488027
104062.762402945
104291.399912984
104110.45595944
103926.814019781
104280.976116695
104107.692751275
104224.036969668
104109.653766238
104440.511876659
104190.140053787
104144.733754152
104550.497049478
104060.234302115
104152.343566001
103921.467505098
104130.37354384
104179.910360814
104246.695534302
104156.757230772
104243.549566941
104050.029281701
104066.302806471
103967.41439712
104296.951339807
104188.03781905
104270.780405678
104123.707684181
104213.430823675
103857.333599344
104412.849155752
104211.731148003
104472.813442772
104217.895299029
104141.501758119
104278.876400848
103961.931721854
104112.680135334
104407.191653332
104332.16343044
104244.339373396
104222.990488181
104053.464109583
104076.866090525
104454.944037726
104239.512718264
104199.945257461
104009.760314829
104436.987749732
104153.432455488
104122.163202715
103967.346647499
104228.055109438
104224.676585281
104091.789727106
104101.783287934
104431.043048793
104471.795272235
104026.376581844
104312.88757607
104633.907458643
104161.06365444
104216.256141819
104041.176545815
103973.868001375
104127.827282182
104306.730068924
104135.398632574
104531.421439623
104065.344423233
104228.504526886
104123.035517391
103916.499012898
104016.365167458
104283.160885469
104129.92070564
104243.107597096
104476.370971797
104163.036518118
104185.648928285
104344.781374175
104054.977847867
104180.900640467
104373.94779125
104358.474581866
104195.657782215
104220.981671607
104268.040605173
104266.478409354
104461.332530951
104443.36633038
104315.356130586
104353.06479768
104257.65210416
104073.331267506
104239.079364691
104186.501548256
104134.443435035
104263.256819743
104164.827011272
104185.207209631
104587.22810574
104102.938275086
104111.163534881
104312.86210727
104032.434393311
104395.754765909
104182.041381429
104207.614781988
104239.62221084
104303.814676417
104444.347443575
104277.374077768
104022.100679801
104400.583715584
104153.10154992
104272.719096198
104034.082368449
104786.212609881
104519.183897984
104249.157659021
104068.95165877
104145.86236501
104336.273201147
104353.25173735
104346.610387373
104381.808728603
103984.378651835
104332.969993375
104132.500274926
104326.743023004
104300.272525424
104253.182829903
104328.586790028
104121.506289349
104259.311404035
104121.240759717
104468.014269305
104371.38338557
104059.206400233
104241.379972118
104447.868493564
103916.990084056
104223.745151262
104264.452800902
104405.208371795
104131.708774418
104123.934076638
104116.777790834
103971.024919972
104022.98027871
104442.05180883
104179.628318939
104116.946170742
104377.031852924
103941.064877345
104142.258112524
104112.500906684
104080.043657572
104154.409907999
104097.889194512
104110.148663979
104218.485957604
104660.624729723
104177.165592632
104165.087321479
104428.119445551
104172.860614171
104350.178899834
104165.111155348
103980.161227641
103928.78928885
104241.37373596
104304.892606732
104348.545643967
104128.800773948
104047.023277151
104345.572534385
104399.470093053
104342.877348054
103969.987145388
104577.839931846
104245.045242895
104256.994234866
104417.351598322
104336.587415648
104158.469911911
104162.010293168
104122.856746659
104265.823494231
104227.030543014
104506.77085839
104260.207679144
104220.345193292
103945.709310313
104028.496304664
104349.001563443
104044.480691946
104190.33461717
104329.223525383
104369.734412392
104535.438656145
104041.146442953
104132.91804022
104145.593925287
104437.303330044
104305.16137614
103979.471345279
104667.202590524
103954.077616514
104000.921385818
104252.98966134
104053.461692483
103848.994113494
104092.147616789
104570.370080488
104192.353760558
104121.812007505
104141.51699319
103960.098074449
104077.021957295
103802.304371023
104190.542041045
104228.971628354
103964.353546706
104053.745556989
104357.008393882
104332.532750187
104230.523765632
104198.439705785
104097.862716807
104442.368548549
103934.217060927
104328.264648411
104175.150139168
104424.315116806
104205.483700634
104188.245601247
104422.764332978
104250.427927414
104501.280315845
104026.883725129
104056.270882946
104054.495817732
104106.596040037
104346.530273976
104126.501859825
104328.405229939
104150.680379227
104212.811094498
104344.885797798
104375.693373536
104479.188844449
104202.542241936
104234.842605094
104204.085113706
104059.639661589
104352.969133498
104055.671794884
104059.111905405
104127.047016078
103923.776987294
104395.519587644
103949.226424328
104166.748276195
104202.67446385
104054.976387822
104173.047143453
104102.293961557
104336.837486307
104335.082110845
104087.795592127
104099.558852452
