104059.556261362
104295.378951468
104174.44988879
104140.415368034
104094.681979449
104078.614018443
104193.020304341
104107.718282248
104160.458424095
104002.533505577
103979.198489897
103909.439474778
103988.83870981
103966.290556383
104077.991642609
104328.657725044
104060.53573393
104154.719535051
104238.608727775
103958.716305727
104007.773320445
104152.23772783
104017.917814581
103981.546766641
104107.470188411
104141.720051845
104251.085697453
104106.240444229
104148.953209387
104338.323857032
104106.480528835
104044.845209831
104126.919543557
104204.102307451
104068.920837868
104119.395151404
104276.231228797
104140.722899383
104105.116833453
104237.043736135
104137.421811597
104173.202967917
104194.121569592
104031.077044686
104120.773117368
104030.483098547
104169.817354254
104194.574664796
104237.956028446
104072.262411752
104249.619939856
104080.222522682
104423.989622193
104110.859069882
104059.400086284
104081.84145666
104066.228305844
104033.217322532
104167.705949383
104368.908282066
104126.511906485
104063.258427335
104025.976753748
104215.827555
104074.675334487
104330.273059052
104033.399277248
104116.385251935
104137.317084079
104051.564349171
104070.476944833
104231.086493145
104116.363252948
104142.961404658
104063.44959626
103970.355876135
104179.09531409
104203.813287217
104238.661778931
104086.149535591
104075.172395849
104055.327665124
104126.20162613
104134.697515137
104255.290961923
104083.287113658
104025.99021717
104102.856749747
104022.132942627
104276.729421553
104168.730121823
104013.486457323
103999.163259993
104043.105155648
104069.674510936
104055.07546834
104123.423555413
104165.145697631
104207.120874571
104175.176394409
103907.684057106
103942.122333273
104074.955506368
104152.770198083
103960.051560497
104160.637755775
104041.422581933
104031.523000194
104160.856757403
104328.401070463
104227.119527982
104274.083889685
104166.009204482
104119.357860452
104190.202722466
104162.365017309
103996.042849402
104149.43592689
104009.324388253
103961.147913141
104006.351389518
104099.294612716
104195.241565627
104225.532148095
104053.505075896
104140.790327828
104262.455449224
104025.029472301
104199.106816316
104063.448935668
104028.374208101
104052.270831795
104088.714278438
104062.212153568
104067.594970196
103991.486729063
104119.768644386
104065.722132325
104022.955643438
104045.329648389
104079.599807619
104166.475386216
104113.66646036
104082.9746144
103979.975095636
104246.284224969
104168.663263595
104164.963347079
104103.20393329
104269.527977811
104144.499881778
104021.637688821
104177.516834005
104105.839408301
104262.510825823
104241.298805779
104051.592600753
104189.919858613
104386.159674631
104279.080527502
104017.521906768
104163.50065676
104205.313391414
104285.453277223
104181.796667886
104043.743234076
103942.969146721
104134.453859853
104400.604033345
103949.069753137
103989.72271962
104278.324762468
104095.22906365
104147.959108697
104097.561190316
104289.628006398
104181.567314362
104273.858911489
104097.944877263
104194.857830415
103973.510178505
104246.499730571
104273.420187987
104065.034903064
104124.809305137
104016.412536717
104108.222729726
104289.995822163
104015.917032609
104236.297820671
103917.514757881
104302.669441736
104063.746042737
104037.522770079
104012.952492192
104315.116557855
104020.447526952
104260.987741466
104172.871627286
104245.253750895
104245.468949881
104125.171584226
104144.442647259
104220.682814586
104213.346066896
104241.690436852
104132.126416783
104248.590811292
104083.669579143
104066.628669755
104073.180548846
104219.542103408
104032.279655258
104092.80657245
104069.682853223
104111.162546526
103903.742687187
104053.957747235
104073.360494409
104078.866058049
104140.760496608
104083.898800857
104131.301831572
104165.154525437
104193.80754869
103986.79034864
104075.251203644
104052.375098716
104086.540499924
104132.538455
104168.200922126
104218.293664159
104067.156610977
104142.769431937
104186.696074194
104008.434726002
104024.812265984
104269.701326914
104200.954187065
104079.758689201
104085.117901439
104080.767790275
104084.688673983
103998.077191637
104229.744107816
104097.529114043
104033.605450843
104097.428736521
104142.854336005
104116.309533907
104139.997794244
104154.90393176
104102.244124155
104041.792256958
104194.064303122
104203.20519282
104119.459683487
104059.596129755
104000.709270624
104099.795964028
104099.187522304
104152.449658365
104055.872233149
104134.460556535
104048.72778151
104046.732273848
104017.323829085
104189.217376441
104083.156872645
104102.359491659
104253.976531954
104066.912612839
104036.851550299
104043.538315905
104077.18585327
103998.284043794
104075.079486618
104149.005747661
103974.588987272
104105.825750058
103923.938171149
104002.971169386
103892.625031109
104135.15751453
104189.160026272
104128.492400855
104009.990327141
104036.173624927
104094.96093913
103962.418145577
104147.031640917
104085.109682459
103940.176793549
104045.890783257
104184.918539805
104185.841672791
104079.292540444
104102.641453277
104105.944395211
104023.45699522
104206.918654204
104014.103676159
104059.476698481
104271.43081776
104204.001668755
104163.960737706
104147.027516264
104119.216127424
104187.249801087
103936.937882448
103956.382206968
104021.047020442
104180.542457459
103894.416455629
104220.517013179
103955.463616974
104031.603747908
104099.877524413
104009.65617269
104258.040333268
104086.467924431
104225.589404722
104068.818848179
104034.174483167
103978.203128261
104101.667952334
104220.545949751
104128.869845459
104135.358473823
104174.40286865
104050.269998145
104161.188102182
104159.78361022
104205.673381158
104109.40807551
104135.156621308
104075.005427554
104248.899737782
104132.676745259
103989.268572069
104110.706585137
104094.554864058
104044.205408704
103997.80190832
104225.836103746
104133.404404353
104299.380061234
104343.433223169
104366.23588317
104138.118252173
104106.934668715
104116.998538106
104207.759062095
104085.930865845
104088.048376471
104087.556190409
104231.949529603
104223.317911842
104213.111709886
104156.029568821
103934.597321907
104055.576713887
104084.342524904
104081.614198365
104205.794517303
104172.327219147
104227.999591839
104058.036119622
104039.925378941
104015.598039903
104057.004494947
104047.927673526
104092.050027367
104133.50738086
103942.184248367
104122.658921613
104098.49733586
104235.774965102
104135.79667706
103930.339855171
104127.010337107
104008.154671944
104168.361184201
104079.841291715
104051.236402309
103966.968628133
104126.308337372
104070.571233369
104262.473657884
104122.059601949
104164.55735894
104218.538816955
104065.130420843
104137.398159016
103986.638474471
104091.604561711
103974.250566612
104060.12007567
104226.492460695
104022.596758774
104116.830653885
104149.511577817
104068.060173716
104110.128227963
104025.499029231
104186.871095568
104067.231792172
104037.772529342
104177.730856955
104208.264172344
104256.023964376
104048.181105151
104083.649891383
104019.830698791
104208.716442119
104139.485627871
104055.255403499
104033.770291996
103882.511780824
104251.121139072
104125.468026678
104277.97011511
104153.121167914
104240.512350692
104371.270721088
104112.894835134
103949.285368199
104166.764263489
104119.432013495
104031.367043534
104123.320044892
104173.151340918
104029.693647708
104165.105799631
103986.248048033
104076.33984484
104000.450303947
103929.057059983
104083.573076642
104026.351638977
104137.913564882
104093.172391635
104137.719582351
104230.477524985
104046.574912523
104145.591682834
104240.983338525
104003.676286823
104173.836776526
103974.417599717
103970.479158175
104234.534158147
104234.010737402
104055.129196301
104040.835670867
104006.319022877
104099.556580317
104190.796117451
104037.417177298
104253.235694937
104010.150763163
104172.761966216
104129.208076839
104165.746364334
104036.041611457
104167.844272942
104297.446997261
103989.133790403
104134.33682188
104057.320742451
104088.67582924
104160.691106338
104121.910877577
104004.736339931
104074.407783459
104039.503937029
104245.795805237
104156.737911622
104179.40217514
104061.423467699
104057.913946735
103880.462779854
104119.79305417
104200.580036891
104150.971247476
104001.794616158
104088.879365468
104041.203232271
103970.296551876
104070.974514619
104150.828093943
104056.357535206
104130.173984437
104184.679180037
104197.243820432
104197.822156045
104005.862006471
104249.88031664
104019.359372959
103941.877984703
104022.758571307
104232.032208964
104238.504655874
104145.106674473
104358.16939896
104031.704678017
104141.089570497
104030.808500729
104096.898692729
104014.859960736
104161.512237958
104230.69491487
104070.428202153
103969.71744259
104111.631475171
103991.0030344
104141.432670271
104046.773214442
104238.829088619
104093.523603334
104069.900038994
104017.206034572
104078.805308698
104041.493859595
104089.601534576
104282.311411548
104190.217970557
104053.305114356
104148.263995527
104204.918057528
104090.952152945
103916.54278927
104017.908979374
103966.729531502
104174.928713025
104239.598803601
104114.549006208
103973.775085065
104082.435624231
103980.055147639
104132.159855669
103920.44149227
104111.347824387
104004.210476352
104078.776793574
104114.89656686
103966.296116268
103973.606457037
104154.241927705
104105.116030406
103975.726162202
103956.350557267
104363.211990914
104159.223511208
104160.862021452
104047.337390023
104108.678643567
104139.18312679
104264.606838512
104072.037502762
104116.075998738
104096.399686244
104175.095922241
104261.859991906
104219.016030315
104012.441777377
104124.458735099
104015.523001946
104152.180834469
104054.355545662
104113.309009371
103933.884871972
104160.405208597
104072.190679726
104045.5170337
104269.147962738
104045.022087704
104014.99472655
104077.772899448
104097.806262281
104115.685741093
104115.884458312
104092.520331186
103900.185259836
104116.878757297
104202.516805445
104079.298957611
104073.241851075
104169.925138881
104257.532229632
104127.818455183
104161.253117411
104192.008602304
104137.9531825
104049.078367321
104153.649088542
104094.281706756
104205.454342473
104213.747067082
104349.322652573
104170.593097956
104128.063658097
104004.45466373
104131.614594706
104097.451743221
104034.580839156
104085.483815015
104020.50607755
104176.568797703
104062.767749282
104184.028334925
104295.871821456
103956.946084734
103968.522574559
104123.472152344
104051.394181157
104204.790971204
103992.431809501
104049.859705337
104241.243104434
104114.673523511
103905.929059718
104106.705265735
104311.957132965
104106.630404335
104008.625183997
104021.587136138
104045.699712495
104084.412215238
104020.016226804
104065.792887666
104053.142642187
104057.433139768
104191.696383937
104078.753747268
104057.389976664
104009.419345029
104073.226092512
104057.788292551
104229.631533867
104049.117708051
104090.052056432
103994.780452004
103988.269886164
104289.672690471
104180.899821553
104218.193921174
104059.18845428
104243.66706706
104103.689361427
104062.724965262
103981.757133409
104040.344275714
103992.85913437
104330.743400804
104105.566557457
104114.902111178
104029.172469198
104178.374696254
103972.907719063
103975.657221378
104057.377233417
104021.113060777
104162.433551946
104000.995168461
104078.8091391
104126.069684005
104332.218435628
104153.478896233
104130.065224275
103892.716323575
104213.116603025
104145.6789631
104008.411600564
104093.012981788
104091.039208123
104241.657668626
104220.976976855
103919.12936282
104082.999647281
104271.493108977
104085.22072581
104045.89826944
104126.71948185
104145.890052858
104200.298549287
104257.633767095
104189.53957903
104052.074145378
104044.256418047
104095.310267562
104152.245233425
104036.191355949
104163.740736776
104195.987425713
104035.79209391
103992.212868727
104076.427026004
104088.563293888
104076.967741825
104281.301552283
104062.409594654
104094.794785308
104196.759116461
104052.160299834
104258.108248429
103983.216398596
104110.475838066
104010.64359809
104223.9420707
104091.902825788
103875.074934114
104050.007813457
104091.187603749
104235.669642147
104039.286029302
104078.548934475
104075.316500707
104157.250282121
104196.201027118
103997.738221082
103947.784968649
103962.922588151
104052.986415887
104065.960466533
104263.487104345
104312.885807947
104214.332096946
104098.867402167
104041.877699182
103988.75880317
104078.334817894
104176.116227547
104018.22740368
104064.974172626
104182.8703468
104080.322374716
104293.360635301
104082.247207442
104035.418493209
104259.626772344
104063.612392646
104003.599933656
104188.525961649
104112.238629239
104215.066076746
104135.179594202
104151.562909496
104078.364334305
104076.340235279
104187.16381834
104121.045189576
104036.605803734
104389.915694486
104088.974247878
104111.49797961
104307.655003725
104011.982043262
104056.32319087
104038.672790395
104234.68706061
104023.041916093
104159.796286173
104183.892747299
104033.432765962
104108.569486224
104036.288622178
104133.026995532
104019.604737268
104030.43640872
104221.605989535
104290.598141356
103946.866443989
104162.595287655
104147.19165449
104079.654237523
104099.216636479
104105.286711028
104254.425076576
104158.501575886
104077.248586416
104095.378277813
104093.712455862
104088.283939574
104111.090773221
104112.263724178
104003.173307366
104026.351959141
104085.219328926
104174.974963501
104313.954919452
104118.05591684
104040.950561842
104034.974673672
104111.207909341
103983.971939428
103969.154319487
104087.844650471
104084.305018435
104085.00015812
104086.285855465
103946.629373599
104151.041082148
104056.333119371
103950.466415781
104175.744203478
104139.722738047
104078.013247924
104142.583292012
104071.889038012
104078.507467149
104076.940394852
104105.234794775
104296.606474267
104237.181297477
104128.887226278
104122.455159466
104165.036379248
104067.9263635
104055.053354868
104019.592752827
104124.121840811
104222.670732017
104131.248158597
104262.351139315
104144.559272182
104063.844622311
104243.625077275
104061.400679786
104198.388634203
104088.47360626
104041.226238102
104006.046439275
104066.845412184
104227.648223898
104118.43524671
104194.536380666
104200.932472839
103986.612311667
104218.626345885
104146.798315794
104160.229782715
104031.875172649
104031.650518214
103926.926364328
104208.560092574
104054.709491759
104022.994176545
103968.203032378
104259.349023171
104048.770970181
104172.499472927
104260.560724459
104224.186934855
104187.841795974
104077.049025156
103992.844958866
104188.647407785
104103.875089821
104201.89269793
104059.27946429
104094.645843696
104136.872186552
104109.703153296
104060.114754657
104145.262495599
104079.472947132
104144.59987099
104029.293181856
104261.181454721
104157.936780034
104055.234433191
104054.351717374
104085.417130709
104107.827458279
104099.051569437
104157.243369
104177.379625323
104039.886528249
103990.034082278
104032.698716541
104019.369359468
104072.931582587
104117.846275994
103890.334444178
104118.096656957
104254.101883834
104233.943182363
104090.241074344
104229.660177986
104225.39298747
104057.110264518
104254.512419767
104075.230393642
104044.701580333
104092.355114536
103955.000547979
103972.135068218
104117.624280482
104101.978389893
104091.060370239
103979.057343334
104170.914425643
104041.513476357
104097.708537408
104032.900210591
104032.559641533
104016.328817142
104038.902223162
104190.568591032
104355.942979191
104005.840931938
104152.955776063
104038.365338532
104189.824037983
104028.846561413
104177.963882823
104277.614339621
104075.695120819
104356.059480033
104018.248640972
104098.54611584
104225.994273386
104055.798170079
104127.545426195
103973.600740214
104036.06028035
104175.18529297
104238.102464195
104075.138532625
104029.679430636
104207.813664678
104100.029177549
104225.893257757
104132.334543521
104063.521303897
103963.056401646
104198.383153302
104080.174034751
104096.037213618
104112.982692886
104108.027163409
104056.370281355
104365.146684382
104089.502309455
104168.193168812
104272.423550634
104093.84458745
104082.358615284
104014.178300796
103993.328849903
104094.424721471
104010.105951471
104194.5878636
104008.850628303
104068.038951766
104214.080833865
104227.814753049
104203.621038686
104060.802172958
104080.901228893
103989.048562415
103970.443603963
104053.552379921
104200.754955357
104233.611084989
104224.821605702
104192.928377543
104169.240179505
104038.941667777
104234.295951187
104129.726169982
104029.225604316
104316.284907863
104122.05210535
104273.357506192
104028.824037601
104071.140961748
103947.46274145
104159.265970205
104142.49191312
104091.217952326
103997.102741758
104072.02428446
104022.182305029
104157.30625184
104068.184243335
104087.945809109
104164.47393989
104218.89386991
103930.678624719
104286.724109017
104202.999801844
104106.778586669
104039.231148939
104077.397618847
104194.451197011
104088.121380141
103973.378393332
104303.920351363
