104620.168414049
104311.776630919
104511.281959605
104099.186968155
104659.921021825
104035.40946405
104412.546428303
103857.296463504
104197.184010132
104390.863859699
104324.960979902
104403.36617317
104282.480405821
104287.565761349
104171.609906983
104134.180702427
104514.499178535
104342.284061343
104383.066754261
104366.206452537
104100.270428034
104199.069971629
104321.464942432
104349.946233994
104491.963580584
104346.53685873
104253.896661938
104218.862708304
104146.181623131
104627.828129356
104183.956043356
104612.835970737
104710.412067988
104418.649337916
104413.868392898
104180.528250908
104690.017087393
104207.391214359
104442.163468982
104342.180719585
104121.938306103
104415.680117586
104433.6464284
104136.727076512
104399.156305949
104427.15411031
104372.361314809
104455.949304348
104250.905738688
104578.836907617
104427.228809688
104545.781003822
104201.953763049
104232.033453999
104880.420030286
104257.880729364
104269.406328255
104453.921454446
104274.768937887
104632.568952149
104342.668859455
104066.478457185
104538.340964538
104147.726754664
104524.4024868
104264.687106493
104439.610278908
104419.619252907
104141.344562142
104167.235972999
104287.456809279
104623.147153657
104015.551611686
104193.36832783
104027.680578781
104494.445465877
104069.154910562
104471.555818514
104145.236292682
103830.166576353
104495.728382494
104417.144925003
103912.196329377
104422.365802265
104348.757260666
104139.37607503
104259.153598988
104195.823790603
104237.929594759
104296.312341098
104329.777281262
104348.177686045
104053.391057747
104468.986268085
104362.718705963
104090.421073435
104565.01071973
104196.263734243
103943.194137389
103964.285494283
104214.631669805
104403.401846552
104410.472010191
104413.384970685
104305.178873108
104566.598893449
104276.956939304
103842.348922936
104257.907242109
104335.054572151
104016.358086754
104270.352680465
104402.821896997
104060.615826254
104330.679856198
104187.222770375
104639.152770181
104486.642782337
104115.129896366
104107.333126139
104628.630114656
104121.513754311
104109.947835143
103936.337110204
104363.191847712
104568.690481805
104339.785894861
104378.620994596
104370.715664264
104523.624308319
104580.683101807
104437.45698505
104377.930055117
104026.709527004
104178.107170522
104907.619033375
104345.223580823
104104.936523384
104180.805824928
104493.344903491
104548.953591455
104144.87276319
104463.731901149
104085.152583338
104092.349581762
104411.344498969
104796.7393113
104494.468887094
104322.434256663
104189.864200206
104639.298571674
104373.718552945
104407.668011916
104333.274719542
104098.08572563
104170.091643347
104292.785360802
104390.236515352
104152.177431136
104336.145029636
104406.426615991
104400.478293022
104601.846222145
104212.053863999
104101.057382791
104116.908973882
104145.8829276
104222.693919095
104225.601334015
104312.104278416
104373.493035017
104343.226317853
104653.248202916
104850.532324895
104324.634412193
104173.078916352
104398.1072773
104585.850028018
104365.551968034
104762.171887067
104059.850221777
104032.840274585
104904.268080699
104548.087090315
104187.779264994
104340.517237608
104304.009392322
104329.605380797
104386.57834538
104467.465210063
104266.715245589
104074.241226413
103921.175610451
104438.761805567
104460.299937966
104394.907705554
104321.63587408
104309.566783144
104445.890320473
104599.881679648
104113.284436644
104749.607027482
104069.036715795
104412.923492326
104426.316765004
104179.202472182
104304.648611195
104065.814758977
104173.78128485
104552.537442605
104659.026115429
104226.419802796
104361.86670552
104070.339887055
104007.055413728
104214.718001254
104145.245354079
104844.514729187
104310.445523066
104044.778119855
104165.196916484
104232.242118751
104227.572603289
104434.308707399
104312.760039648
104403.874427489
104278.435160638
104295.091100867
104424.914819106
104310.002452251
104453.306465764
104483.510895515
104324.60227536
104543.323698424
104194.329806989
104668.726293515
104052.451832344
104160.616782357
104362.00222142
104529.835925288
104241.840319347
104069.304990526
104281.870406826
104447.780088044
104137.7292024
104449.986641067
104197.059114019
104297.910816914
104183.618901019
104454.982146215
104403.510766549
104043.946412097
104093.282364743
104425.168643825
104106.494345264
104124.634146541
103975.719105786
104304.413557145
104297.840050401
104320.687911735
104009.486624392
104248.1624053
104392.884620036
103987.555921072
104644.086162836
104831.510967942
104360.762378152
104362.474016831
104513.196794527
104175.160222351
104303.439257945
104521.763606297
104023.403979348
104494.044904131
104463.167389032
104021.991763515
104240.178219343
104308.422383132
104347.316768348
104338.940736786
104357.123205701
104408.48407741
104451.220672831
104236.859042629
104135.272408606
104180.344308454
104369.766966934
104507.878675044
104240.787012449
104207.230700305
104170.140123625
104143.14149418
104354.774322122
104345.675957727
104599.521453204
104367.41537721
104101.996233773
104259.030397886
104157.762142877
104602.221274059
104190.944926149
104683.102582816
103802.37283341
104564.236908838
103773.226829605
103976.419361732
104514.338439814
104243.001686277
104197.740785313
104080.34801236
104229.774884206
104121.722349619
104429.329464862
104526.073528674
104174.152904111
103951.667290573
104326.146643395
104428.750992463
104581.962523725
104375.039653385
104118.559900431
104334.399980845
104304.207612841
104338.123480978
104203.536772295
104553.407090973
104547.660224943
104654.323603152
104366.859607634
104158.108158176
104469.6810178
104370.176757415
104639.3400679
103950.221561906
104353.005345472
104382.907019895
104248.459771367
104199.549975545
104201.744901714
104832.226274584
104582.932065477
104441.708297784
103989.701501378
104504.180437523
105074.650748416
104328.505732347
104244.531260722
104412.098152095
104508.374488661
104090.156040229
104263.614873237
104225.356853142
104703.795308603
104157.057208829
104403.571263432
104429.15404048
104183.943567501
104588.195142446
104522.408363753
104601.699163251
104082.071707803
104188.270593398
104285.302960867
104310.403315853
104483.06399476
104473.510814076
104496.053996076
103874.045459668
104333.785114232
104188.325114702
104052.344880445
104485.761982286
104135.510701306
104379.662800355
104647.545316544
104276.472242477
104437.610229849
104587.053884397
104314.047648229
104268.223837775
104229.273981749
104304.41695123
104468.279579798
104226.988337987
104428.050198541
104450.219056978
104421.175184909
104468.812637137
104311.093179948
104281.135603664
104272.598908668
104385.372541439
103771.7105908
104296.530357705
104194.883369861
104279.215581175
104455.808793202
104554.720638668
104607.434655868
104258.483155076
104031.982589818
104356.868607241
104367.189498297
104086.766214285
104525.031718007
104560.580316121
104296.187791399
104515.08980788
104528.385359286
104503.75438917
104186.121509128
104502.544102689
103898.968023409
104441.958362213
104220.657193065
104529.444953979
104369.179478326
104176.079527587
104624.131390074
103885.91746759
104517.969437985
104170.485109986
104541.796570865
104420.689572706
104368.534359962
104230.017614488
104334.71446754
104383.316477772
104207.306920894
104323.115420259
104399.575660591
104492.278938136
104138.709977163
104446.644346195
104397.171055892
104329.49563459
104598.086756322
104104.130559078
104490.038130026
104359.133295359
104355.379094857
104183.237180251
104318.414085005
104561.277786435
104691.228397132
104301.101904716
104633.877912346
104378.075883121
104086.858959762
104403.684012216
104503.499749992
104166.040417817
104573.900954334
104295.199289094
104338.096689426
104226.002787423
104508.613403263
104119.399232177
104430.968557851
104223.486027231
104087.634171229
104420.962461823
104053.812686798
104380.832136921
104420.332879316
104228.667922049
104235.811546955
104219.813850204
104164.902267147
104155.849410988
104138.193347408
104776.732259516
104353.176925559
104602.666541428
104175.915059608
104164.706001612
104579.895580713
104020.697125622
104392.555385275
104603.353691375
104418.624052898
104099.839263971
104183.30124557
104733.648336839
104506.942426902
104117.857052496
104486.607026842
104214.34210655
104161.894097859
104414.934345541
104395.432129587
104371.646508059
104192.24470871
104544.407807832
104278.015713711
104482.259435282
104385.655352028
104008.168466158
104055.751974667
104170.67418128
104379.842180988
103824.78916986
104292.135827411
104148.079942322
104306.212389214
104428.916866573
104176.879862058
104450.936457733
104553.027402996
104338.432179718
104367.985653369
104643.054332872
104423.366248402
104366.480597223
104161.900324053
104350.555996323
104375.118879737
104455.730928947
104596.723838281
104392.762515452
104492.295666862
104307.761153847
104270.858417767
103981.147794033
104257.266797425
104003.732368291
104212.459926043
104266.06606096
104115.326916561
104373.169121105
104420.459046791
104352.533183003
104330.459696482
104646.961493142
104259.529609536
104400.297132407
104041.024590978
103858.881923121
104657.723748096
104473.260887389
104217.886110142
104237.871103667
104176.366103564
104448.921105948
104752.860844003
104384.115267721
104316.009959392
104576.635030335
104484.486064522
104481.387789053
104176.042918811
104380.161198295
104007.833965106
104347.399633273
104748.779199855
104547.908640443
104575.239497334
104116.926882665
104091.518604378
104236.79720911
104294.376317728
104594.630875289
104564.318036552
104275.25583563
104160.461956192
104424.525109061
104293.177512972
104446.727666692
104106.301095353
104421.703764454
104575.12932439
104180.376295003
104445.404131617
104632.561335823
104467.128492337
104259.206611787
104079.070771484
104153.193840118
104558.578788676
104046.644583434
104650.690971218
104662.901042971
104241.645774914
104507.173463075
104314.107507223
104214.915377816
104255.849878601
104259.367204437
104510.133568586
104387.17680871
104297.021480321
104442.860568123
104311.257534837
104615.352507637
104385.422293838
104500.586617937
104511.336668523
104215.81879904
104333.740934763
104235.007487641
104939.851264189
104354.611677905
104478.91372834
104756.727036786
104214.200174722
104506.626705875
104018.577119262
104047.945664648
104548.304198488
104149.516161481
104566.046954596
104213.031439601
104109.597577696
104769.36957516
104571.022125657
104272.2063464
104620.406649586
104239.879927454
104635.215010076
104380.486800182
104501.41727386
104002.899905799
104317.6750549
104589.610507344
104174.555432918
104135.76765725
104200.546778781
104495.650014695
104225.774848677
104580.006987693
104083.636540881
104389.674130609
104480.28211715
104143.407106055
104110.343461524
104301.3426069
104422.967488249
104223.006062316
104333.618907703
104201.227646767
104330.655596384
104412.229737115
104079.323944087
103756.789784927
104481.790779582
103954.611092625
104241.689395973
104241.008192952
104277.857447339
104613.269697467
104290.540359005
104674.49601843
104634.831870685
104498.241928568
104238.127219294
104165.893101791
104844.997372468
104297.336087714
104584.274633765
104694.119330271
104470.456211426
104724.176458669
104015.486131057
104264.912036957
104165.75915626
104246.278793397
104228.429925579
104487.342652638
104004.045803258
104452.349485095
104164.664030161
104141.431528459
104283.781607845
104453.987215474
104289.323155463
104233.291563005
104372.018921137
104467.793585958
104540.067889683
104490.490823297
104425.669683444
104643.293170888
104395.984799846
104374.856593312
104252.021244329
104642.558111961
104375.641916462
104640.232807938
104540.324177588
104259.448131286
104489.076214382
104020.089957724
104609.247202757
104383.659777748
104196.9101996
104159.687027472
104471.819702293
104439.843925445
103849.721884087
104554.063239495
104365.706882026
104477.580884038
104104.724579398
104380.583559526
104631.47139426
104311.153662009
104145.417611002
104564.807100338
104523.914690089
104519.51536722
104349.265166423
104295.344326328
104487.915596664
104324.035562889
104357.459751819
104185.285090649
104302.499451627
104058.028575038
104270.26481505
104102.767445229
104722.30984663
104253.867435014
104497.655198414
104570.102988576
104258.328754775
104448.915965076
104493.850899719
104730.253766931
104344.003384984
104153.464406439
104251.300671448
104155.586927547
104245.758460126
104216.3206422
104246.800065641
104627.260882036
104694.566876081
104507.245725515
104578.040660076
104274.468863457
104239.890637092
104356.179993618
104476.17087775
104174.261501547
104643.212510457
104277.562850078
104336.492066379
104565.49056293
104867.837291297
104215.69726053
104516.126418228
104099.220795136
104077.533770339
104520.537338447
104674.27827211
104408.908090463
104317.613581206
104279.136326079
104339.215749173
104278.063481578
104494.808662354
104284.908781481
104593.295959776
104252.025188216
104217.861132985
104208.075588435
104446.795488728
104094.896143897
104620.333132157
104728.15923377
104300.62730764
104132.676929493
104521.837335653
104147.349772899
104255.104149743
104351.644473464
104332.396367515
104173.744314138
104667.051839555
104515.00518868
104458.878242398
104128.385473861
104565.079567246
104647.507193388
104440.392091829
104321.436325306
104126.070736613
104373.479382831
104031.158377131
104586.996122544
104729.350313703
104254.787700915
104592.292576658
104195.942916328
104533.224933466
104187.988915813
104313.54548589
104228.550388674
104421.891337976
104613.370114202
104606.27413729
104210.337319036
104308.764503333
104440.596611968
104261.085601899
104525.063091684
104070.375038371
104319.888996012
104171.473032071
104461.831556876
104574.616266181
104421.524769809
104127.687894015
104003.886551777
104299.133180427
104173.968063658
103928.656150451
104222.739366833
104370.682917046
104396.830736621
104365.871306208
104408.527877259
104370.592704973
104205.111299213
104609.988563174
104339.99369566
104331.776481925
104301.894088589
104429.459291205
104296.250743474
104027.742122972
104589.747212258
104101.789458859
104311.684906725
104656.210921839
104595.96648832
104256.328914351
103982.530814647
104576.790270592
104501.154539133
103891.528603892
104105.190610846
104284.243300233
104310.889173881
104506.672222328
104761.308843136
104436.557960147
104464.775687017
103873.510423466
104221.429445336
104181.154216261
104281.594522914
104241.350069363
104366.686523775
104292.466063934
104438.179875567
104316.029243172
104582.544774615
104386.550373082
104284.136916263
104442.17319055
104330.207435603
104350.946801895
104396.640205731
104046.899206141
104458.144925792
104209.541623647
104460.851045514
104214.899489274
104468.640337587
104359.476210729
104045.195270268
104484.498633897
104330.487310626
104081.237574583
104534.902789779
104091.513119885
104714.147965119
104504.734508822
104325.794409657
104205.408951968
104003.80742834
104408.582198411
104367.55866853
104555.933752662
104114.37116306
104283.855816686
104273.769759447
104231.29526101
104655.904835958
104235.652669634
104354.801357307
104436.248721802
104076.407282933
104363.648892428
104141.903135811
104339.227075712
104446.90500609
104378.031475181
104448.04832748
104443.916865146
103970.581394255
104363.964031104
104577.096878173
104258.085381953
104572.544327741
104474.417113411
104138.879185471
104591.522764686
104319.903665364
104253.703255338
104377.893930512
104568.066974866
104354.599689463
104088.587263227
104037.526730342
104575.793639962
104263.314096697
104261.793761667
103938.76560693
103809.394447251
104047.346743836
104172.970068599
104349.982130685
104271.503983166
104670.801880263
104893.252059623
104450.487596283
104150.469892211
104394.050043008
104289.234724614
104193.661925436
104576.478439831
104421.091070182
104424.832347603
104385.960820132
104211.561432156
104711.388152167
104711.077298239
104455.643271233
104573.606753098
104374.53816315
104482.092428122
104549.670923295
104583.697447175
104072.549486373
104298.055985622
104304.29226647
104541.130613647
104375.400104654
104331.141756217
104197.011620911
104255.372970889
104405.658301308
104013.92601796
104574.778475954
104475.146498735
104357.274218394
104416.065916695
104878.116359318
104226.875616919
104428.594400058
104312.172743723
104604.867239493
104496.420830616
103985.715358168
103996.322660383
104315.233185725
104612.676228253
104184.268084464
104210.39309014
104184.438187382
103973.854910795
104360.338349975
104516.927710393
104165.141913458
104177.595127115
104361.280769056
104854.900399698
104281.168823912
104680.066394911
104251.502595653
104257.445431393
104669.200296433
104297.765936916
104339.347952313
104516.165442482
104347.163080094
104321.026494715
104329.07533351
103820.207591308
104428.278263996
104266.121536371
104344.652549329
104090.43858796
104477.4430556
104572.93246011
104323.427648592
104632.326835627
104456.007894174
