104225.156248472
103982.310191773
104206.948892017
104230.872503198
104118.430676054
104238.947019122
104137.329157538
104298.944184423
104235.107548993
104232.208758705
104068.259436646
104173.797147991
104004.922176412
103965.333382402
104229.306277877
104114.518173185
104157.764956835
104131.888003627
104104.046305906
103920.597561988
104033.194343225
104088.756061082
104263.233142518
104176.023548561
104296.797387981
104110.331155821
104073.464476995
103994.103319512
104203.244388491
104029.963651887
103995.378020541
104197.188083652
104025.187793888
104210.410445044
104226.446368641
104260.050391732
103962.712012187
104392.101393439
104035.300968122
104154.321571039
104052.720754044
104091.784778671
104130.800596996
103973.574711589
104076.823070395
103944.042321043
104066.235209659
103946.904951576
104169.733040038
104236.60592132
104092.137449146
104184.5464573
104060.707009695
104252.100200362
104145.290053663
103931.225948291
104138.512740381
104043.435646305
104256.891179547
104132.217885463
103963.219369243
104263.70812629
104222.263383923
104576.167223438
104245.22880725
103973.667714022
104055.705910412
104064.252172299
104401.104468465
104118.290957025
104023.627431527
104392.913757273
104000.543947783
104086.713590474
104259.796432148
104155.613231721
104364.944083768
104163.038714133
104028.952909863
104419.375912527
104159.788454895
104113.119788047
104120.023421483
104132.937778588
103996.797706458
104076.810406319
104129.079888672
104282.703196752
104171.52512605
104126.335336189
104131.652814993
104061.282899141
104178.41717258
104332.121229972
104125.442773414
103870.38046965
104249.655470758
104338.69946084
104154.830585174
104018.735878946
104219.482744095
104233.399988882
103967.101909253
104142.241896775
104010.841885517
103973.913766486
104025.549006641
104306.867958815
103993.347966388
104122.170225365
104115.759556579
104175.685109256
104134.073313807
104014.707133869
104229.511333269
104053.078982807
103965.172791963
104250.369242869
104155.495330185
103999.478680109
104028.2235189
104064.101628126
104070.943278941
103973.715104383
103994.172637092
104234.162893351
103976.908479131
104002.795191559
104358.24610782
104288.838498586
104158.720333429
104032.53811536
104014.577924817
103933.655583043
104077.526548214
104337.246052519
104314.100700127
104175.484635545
104017.065187899
104105.165686493
104269.167141883
104201.279158744
104073.304015526
104339.671918452
104182.946746101
104320.991942156
104157.863735266
104173.536320811
104171.297743498
104077.89575175
104069.488676312
104322.5254306
104061.65724224
103946.814965594
103979.984278665
104148.576905314
104060.15678023
104056.392290128
104153.731398697
103845.920274462
104184.05447353
104128.250664996
104236.817703257
104084.548541627
104231.755752566
104060.370637322
104186.897128732
103997.730185929
104251.944072875
104032.027493145
104061.782505237
104288.758008475
104008.707605193
104138.806194336
103982.913362999
104070.876076928
104292.215170899
104311.995959359
103974.031345629
104511.353623037
104122.559969772
104102.481096355
104295.638891395
104146.359575917
104079.569302094
104205.159933902
104065.009861288
104098.497416843
104226.490417882
104181.53427167
104256.202720522
104228.713530809
104104.130418229
103942.064603028
104276.097826105
104066.9005339
103935.937882384
104209.201833293
104273.981006342
103970.855526901
104170.839757262
104244.107193888
103980.61999876
104301.094655037
104168.080459491
104194.192013858
104084.202075724
104093.515155133
104304.606441304
104057.860462904
104101.185062497
104275.167306282
104127.382324934
104404.75461403
104114.671563303
104228.798274319
104037.324709151
104337.713703415
104214.588427832
104336.104922772
104206.961509055
104008.633126257
104004.994225946
103929.896216733
104171.575636359
104130.233275098
104178.006375151
104028.23381766
103959.991793119
104149.834336291
104193.999020644
104219.063054134
104025.484653516
104187.757224224
104222.715101938
104085.025431859
104174.762207673
103903.97458762
104062.456208804
104197.442376535
104142.670420373
104259.059416639
104230.735144518
103962.69091728
104342.061444501
104101.802632048
104076.781569835
104091.937013733
104153.114530417
104118.515610908
104086.615855981
104090.057410379
103978.292486811
104222.299532115
104097.186625001
104047.977825281
104027.035964958
104153.675402026
104132.684760131
104183.164004616
104113.486532818
104195.057806012
104122.071888934
104239.179066606
103964.930279321
104055.488961764
104361.249998842
104109.05935094
104013.445347204
104200.132046528
103998.449751794
104169.503098646
104328.419045709
104327.809811921
104127.657286341
104031.908485384
104241.390158912
104237.309684598
104070.764322336
104117.780151576
104106.565898229
104026.529309261
104008.321634498
104301.028239576
104059.511483067
104303.585531726
103935.954509714
104046.448532406
104062.061161761
104298.516675234
104070.80138844
104025.473845731
103977.405095156
104075.865126117
104183.879569168
104150.994915595
104182.838731784
104064.972942847
104033.279178991
104160.314215227
104001.321993684
104158.727403087
104189.981561113
103995.772263922
104168.408013917
104096.66771742
104201.794036874
104062.893716774
104152.544420884
103985.812956377
104171.234515233
104174.293854452
104232.443988757
104055.025740032
104339.687547558
104379.789999873
104131.813942165
104113.569491877
104073.166477141
104274.33211308
103848.321410234
104290.469965285
104091.08550567
104136.614654339
104259.819420114
104149.932155722
104090.514588269
104085.289529713
103974.608400546
104126.030410578
104074.757851009
104187.208803668
104095.459181953
104219.972014604
103988.720326409
104262.053086851
104135.258250491
104116.735343542
104183.105224493
104177.749473795
103937.309499272
104199.35244107
104131.621400682
103964.240876235
103882.044688156
104059.590169469
104066.875173739
104346.247336269
104082.517012558
104227.634971779
104152.19267276
103806.177806532
104315.402594644
104314.981610387
104102.086651525
104187.460629503
104068.674929168
104085.706470101
104053.686212982
104154.8623609
104203.029133574
104290.896920753
104141.431905824
104324.384890855
104045.230502526
104158.245773092
104115.131765749
104085.178251083
104152.978187163
104313.973415144
104274.075697321
103986.911459939
104326.355313131
103998.52736186
104111.459364663
104166.448825928
104101.44751252
104338.506542855
103997.385513021
104082.467696042
104092.487416113
104060.487534342
103990.181218176
104118.377362338
104156.515458609
104043.625133007
104297.713602422
104363.124862413
104084.16103114
104223.963828215
104222.423796257
104330.197362771
104211.00964419
104208.15115923
104043.068088853
104167.526119585
103965.05988311
104172.516367035
104078.574281385
104041.567503423
104145.555222209
103965.451397811
104023.295678014
104138.057204651
103951.169717956
104124.209621473
104109.437535187
104031.346119398
103839.667994741
104076.40394879
104299.216905546
104170.046602334
104285.559213651
104284.497381391
104177.6476356
103928.394661232
104259.311980007
104342.052629312
104011.542782151
103857.266666104
104143.064271466
104141.415940396
104260.747777089
104081.110980196
104067.939951842
103803.510975487
104230.595373711
104335.443426636
104194.600614788
104191.537753571
104329.005837676
104217.483775366
104065.388092047
104169.783090624
104346.201892697
104111.103377826
104120.609424407
104240.59833996
104301.863368403
104033.015144502
104125.228347529
104022.670179761
104133.948228341
104149.674369134
103968.917024477
104135.76703726
104014.394883433
103927.753942634
103868.965461664
104102.164572434
104013.414513058
104174.984599273
104341.539998378
104077.880635755
104156.279643062
104239.220086256
103922.740196791
104150.448997666
104127.211833297
104239.889561389
104111.53403806
104095.009729839
104198.807491652
104198.850326206
103987.522997162
104083.481731342
104251.583874651
104017.028462399
104328.339311548
104228.397533334
104108.062721183
104240.14634887
104146.557038496
103963.272013587
104174.157970052
104142.406358634
104470.738357976
104280.990201643
103972.072786131
104127.53882873
104282.51519324
104227.727089035
104204.643584634
103896.045377954
104156.987643578
104086.997759989
104090.819805416
104388.369621017
103987.224294564
103929.463393226
104101.284613318
104157.959167149
104083.266596653
104329.431383516
103972.770886542
104327.723871744
104081.824960792
104150.295844971
104023.567723187
104312.676757466
104222.239154696
104028.156077991
104197.860774594
103973.926315546
104296.941999134
104128.754786484
103891.848428519
104063.719240521
104009.849399833
104286.976551217
104271.414302447
104174.297785724
104097.409611532
104192.26091478
104243.131204627
104001.351678753
104257.597883152
104198.114661397
104167.558025582
104130.375912704
104048.357883467
104332.262837112
104093.797706493
104241.778423888
103947.715069193
104014.573323447
104160.639196374
104018.499736428
104257.363536652
104242.643110548
103921.830682929
104048.532903709
104247.951615775
104170.295065625
103897.757789027
104102.654829022
104117.508254981
104041.002671375
104088.470777521
104112.201279355
103920.632666122
104347.670360797
104163.383966349
104228.052012032
104218.939848923
104163.841325014
104155.893893455
104056.771660484
104073.703548577
104111.177280525
104197.429283904
104126.850905231
104136.914635687
103881.099611417
104025.19040936
104127.485171082
103964.489037484
104095.825417366
104274.698192087
104197.463874945
104273.37878556
104249.262155743
104082.033268692
103944.003596644
104232.208732704
104229.962170372
104104.351666607
104121.954824981
103976.854412391
104210.918076296
104221.174573837
104057.391201203
104170.286033961
104127.721268907
104187.055941457
104231.478354629
104289.663221918
104063.826942069
104259.680420724
104274.384782314
104206.274927561
104023.798832485
104201.311901424
104211.097500137
103972.381872907
104123.598562557
104170.215484746
104222.598393724
104134.552412359
104009.844207379
104146.776253624
104161.38818264
104076.813001978
104120.278288098
104368.530873317
104207.27979536
104150.009398379
104081.702151644
104323.364507494
104128.906230241
103946.831363617
104149.760780475
104084.506108346
103933.146999981
104213.83753712
104087.750439545
104375.777995291
103999.355096035
104268.437237299
104064.779276162
104230.65112337
104117.73799672
104135.640402565
104401.537661362
104126.488154273
104265.237741007
104309.226953192
104213.514484428
104225.044578791
104090.908810999
103960.196156762
104170.759947741
104282.779248195
103943.779335811
104134.655849129
104155.007236421
104213.810299494
104280.847515826
104218.499003789
104027.132029768
104064.504180467
104395.556121547
104217.565586544
104216.104990275
104114.331726039
104261.986377921
104205.592019261
104076.324067664
104292.134585519
104183.33389208
104097.856117582
103921.370597771
104135.564834365
104079.251906622
104106.959542531
104202.152587356
104180.514077101
103977.775434327
104065.468225095
104255.914586148
104092.92311794
104288.353667742
104363.28965858
104429.500346997
104008.489523426
104160.11139236
104122.859865079
104420.27258165
104187.446244918
104110.148622726
104324.338234744
104179.476968402
104273.659460572
104179.160831141
104209.845290173
104201.207422831
104155.687135687
103973.623126812
104024.922408226
104248.445177576
104051.608326248
104046.239849446
104047.513488923
104003.849065256
104019.070245352
104267.487775832
104160.014495656
104178.643463649
104295.784698686
104027.644663324
104198.472182982
103978.47568626
103959.163305377
104218.526161245
104130.381780792
103900.665930573
104162.060146405
104250.510460827
103988.388285676
104192.527174534
104223.467302493
104149.718574997
104091.009715224
104322.296461675
104207.808847124
103970.208301656
104019.235622336
104159.055113076
104263.270807765
104134.859491082
104056.752630528
103944.08332439
104168.219484644
104063.201230784
104311.555591264
104137.011884745
103976.00987114
104068.825337314
104033.77869728
104127.640830685
104146.477181393
104251.668958728
104023.673833524
104112.098223699
103943.745875071
104073.984375328
103990.11460416
104096.119283605
104137.107384777
103932.41534402
104351.307899719
104394.772466459
104168.860578602
104119.202179963
104028.643811609
104181.762754761
104096.111512753
104022.944432694
103906.127582483
104395.195225299
104160.150866882
104131.975454267
104034.710527248
104257.53794314
104154.08048727
104239.7421085
104189.814244691
104057.369973259
103984.035456456
104155.943281781
104045.801198252
104239.480014226
103993.604282731
104145.217952442
104074.982123247
103901.652230039
104260.060412805
104417.132177551
104208.449727152
104264.26435923
104367.560527968
103934.507874686
104041.850226396
104088.509440852
104205.17153971
104174.234382856
104162.615582484
104242.804283853
104191.633176965
104079.085465118
104051.406219681
104125.700842632
104179.618982015
104282.040766527
104416.754739957
104166.025585319
104073.295163208
104221.910744688
104062.096916406
104146.935946883
104063.687753665
104089.903546533
104160.484958522
104078.754995665
104184.50038971
104065.783369125
104157.670921516
104175.602930389
104024.220939343
104261.406424426
104062.51212977
104037.092854829
103984.419870177
104128.277139772
103982.195261606
104141.604349574
104004.4730536
104294.274952385
104183.515719065
104347.084784879
104105.30928725
104187.976564407
104090.684269704
104079.803893919
104100.964460644
104211.01854866
103964.189854727
104247.311160245
104239.929967178
103898.150477147
103975.352759992
104081.219706361
104250.938922782
104256.223515957
104164.007138939
104118.443342274
104034.569191812
104203.569264248
104193.300054495
103977.711633011
104116.895500924
104038.329108735
104113.414372937
104103.567462213
104251.43706112
103900.383522838
104243.425877285
104147.658452907
104253.603727142
104152.819556379
104093.787846608
104146.880070481
104424.642004252
103944.98006587
104165.210118915
103996.547309792
104149.051775764
104288.474224446
104021.421004553
104103.253637156
104044.233492486
104190.076303343
103999.965273786
104095.756324605
104040.344984216
104219.653893283
104075.111089731
104045.655830487
104163.685410583
104155.025847962
104247.612322372
104051.86364038
104206.206353586
104140.874039387
104088.074262621
104277.340932107
104101.218137435
104057.963016156
104135.73388517
104168.404455559
104058.545772907
103979.058517545
104090.980785245
104155.912324748
104111.629176024
103818.089252661
104061.958961286
104286.764625164
104340.59855553
104156.393603748
104106.264839609
104196.030294913
104181.319274568
104327.056022829
104218.173700839
103994.866902814
104144.39094681
104053.2607798
104080.593352317
104148.906712006
103977.833646898
104115.862709582
104141.148659007
104360.692335672
104013.024534641
104164.730162994
103956.876703476
104011.026771354
103967.951836014
104345.508072314
103988.276409513
104162.76800357
104187.467052012
104029.715396411
104030.474959662
104189.372046997
103959.092375497
104189.961568379
104101.916425377
104027.201441326
104442.075936256
103979.410538438
104007.283244087
104160.784268851
104206.306658581
104301.347540539
104024.066889945
104064.664468558
104134.019647254
104394.491181216
104035.396520903
104139.46432157
104263.915448445
104218.659615047
104116.393053814
104266.686565284
104197.157750514
104132.281068437
103997.519300431
104284.732737056
104186.765064829
104237.455647557
104270.528582562
104108.2854775
103984.784072814
104394.983662278
104266.320403943
104175.714592739
103907.27129651
103997.641606233
104085.795282863
104228.916319467
104207.811770395
104022.631636208
104324.177865632
103987.248228938
104133.598125681
103984.860965759
104102.016742915
104060.391746475
104344.672782879
104117.974031186
104262.977020604
104146.981133173
103948.007960328
104309.328752981
104010.167836137
104017.988625571
104076.279878464
103975.780448904
104163.612471638
104238.239462383
104153.903077175
104171.392144139
103947.053060068
104151.984861824
104103.490488605
104135.633754679
104233.909393629
104106.571240089
104065.184816485
103988.132385623
103969.922611608
103995.271314587
104107.981347877
104341.575830153
104162.909908139
103985.828074864
104307.492110027
104037.123350466
104085.525672625
104059.727233492
104143.378479142
104245.050997782
104233.702479171
104028.508386015
104108.274407824
104075.298730029
104396.749736065
104004.988104042
104236.336871166
104078.887778946
104113.667355284
104111.682089535
103988.314538132
104126.193730131
104189.952916109
104196.945535225
104113.93514531
103920.320474752
104278.803788149
104059.686910719
104103.22965299
103954.002712929
104076.067990181
104243.208833168
104134.705188604
104268.821414399
104054.093782621
103995.962723106
104235.323151416
104165.72896193
104145.21802367
104005.822380059
104042.20539722
104087.865316052
104021.610376303
104058.882149332
104175.691674343
104119.330267788
