104039.144292745
104093.009939703
104057.70037977
104068.609459054
104020.504280153
104055.011999092
104072.483369559
104210.764910148
104194.899259021
104060.733130681
104081.75961689
104080.3985388
104062.205721828
104068.316995478
104078.27341149
104104.79899665
103994.320254486
104034.412609418
104073.224273806
104075.930714933
104110.511759831
104088.397718364
104093.140392465
104052.452789572
104139.541266671
104056.275591544
104077.286026238
104079.802986884
104053.162939996
104090.048016695
103988.220525364
104036.249500592
104157.699022843
104111.038021143
104243.380459796
104050.336787967
104031.330391613
104199.445070363
104067.741808136
104126.435068914
104081.812711021
104074.612006025
104094.954442004
104088.480278382
104090.555069014
104058.663390975
104075.073840693
104119.983858246
104114.293319303
104121.382497863
104054.903142925
104094.536967655
104075.319142248
104090.72362214
104046.604031063
104118.866980061
104064.527019061
104105.42392258
104080.569666444
104061.127252718
104082.309011904
104072.738867671
104095.749594565
104088.204485957
104064.373328411
104059.695668975
104082.387677272
104044.190587255
104133.652453679
104051.091528376
104220.970621206
104020.673057564
104087.412482662
104069.010926851
104057.296975099
104111.831716471
104038.083855637
104124.553046109
104106.925518129
104133.673050364
104058.714828519
104088.294618922
104065.580834986
104092.464420154
104093.259894554
104087.928176678
104021.727533226
104128.908076707
104095.434045794
104066.551204799
104039.842920994
104044.733540547
104082.816733425
104114.235114365
104035.749077599
104085.432011391
104041.586765138
104104.760237942
104067.515118431
104069.129361121
104069.640514475
104188.688876499
104070.669244053
104054.776796424
104110.833238025
104125.804095181
104094.552635523
104082.357477087
104054.589930542
104074.681391506
104093.787786505
104045.649555553
104068.824236505
104022.742890339
104086.296932024
104065.885009897
104093.016012855
104020.979194881
104099.206648332
104055.103225678
104089.95279215
104082.845196481
104047.980967891
104069.204841456
104114.78591808
104132.660240112
104069.586838139
104092.412345349
104078.436805099
104066.727364281
104133.62930581
104067.809233789
104034.615524241
104100.23935321
104077.662824193
104075.124191851
104034.959977247
104043.505971533
104104.263057351
104027.247491755
104074.078996694
104195.2880802
104029.573786212
104062.437560765
104036.388327475
104086.45509712
104253.385906088
104058.412838413
104099.659995765
104205.476251097
104042.097988795
104073.073450656
104052.406995157
104046.068793485
103987.471386016
104063.963291731
104214.965569362
104125.270046825
104068.326178672
104070.065803232
104091.794493465
104046.858422873
104040.035740313
104183.754988891
104083.349416942
104056.50751113
104048.527973968
104096.988588575
104066.483830892
104086.806668483
104100.177037736
104043.991346356
104058.184386989
104081.578411525
104050.937702331
104059.779956187
104104.358512282
104089.591900967
104158.116473581
104065.38565079
104074.734641176
104082.572819916
104043.392199434
104099.97672016
104056.814048305
104064.593819611
104120.559066398
104031.438236307
103950.546602629
104128.158210023
104106.387610245
104055.826706854
104078.966713418
104033.617924582
104077.049008453
104075.47379439
104158.24583382
104057.842430072
104061.381804948
104108.404652618
104066.62554753
104100.021470218
104056.34955881
104189.741064876
104083.912069486
104094.215946304
104085.860422967
104039.124377584
104023.177801317
104120.750608336
104059.412376395
104017.411948811
104090.419166111
104070.152945009
104129.869893439
104076.737968048
104069.040151914
104143.579849824
103991.001180997
104004.177684844
104111.804580186
104054.05984238
104070.058888724
104103.079358276
104043.648031897
104050.519568047
104062.043347151
104208.938649228
104082.917279354
104066.65219156
104075.657163259
104081.740863678
104057.313477448
104037.957990186
104065.162459681
104095.635237652
104057.155729504
104083.309880199
104077.21364981
104222.497674798
104069.907714396
104069.678647391
104154.041342348
104014.53453339
104085.370408135
104032.042061504
104198.259958047
104086.421922786
104082.105999617
104089.289619153
104214.120155751
104064.703415758
104132.681025198
104063.725144371
104107.731057491
104162.71164218
104096.197003285
104204.235740809
104071.350257461
104056.263570237
104047.192166464
104015.241744562
104189.985765361
104187.479496881
104025.184850609
104063.327854997
104094.427466055
104076.34885527
104019.613466237
104041.657303614
104059.713002906
104050.524734855
104081.469921792
104086.560688194
104041.348781347
104053.124559343
103997.697265696
104082.105544514
104006.564295416
104101.250491464
104065.024036252
104111.74690762
104213.462803483
104103.112252429
104217.693733657
104071.91420687
104064.219827132
104227.670825245
104026.776868064
104099.13734839
104068.86425584
104086.249466369
104088.805760027
104052.584328248
104163.72333233
104046.677733858
104063.743527882
104155.988061716
104098.413226299
104202.588224863
104053.608851485
104082.459770383
104055.912908582
104029.0988506
104095.584794942
104078.045450857
104075.579396817
104073.263896562
104080.731445585
104104.806186921
104178.593233458
104124.66643975
104022.244702633
104063.296631587
104061.203342331
104046.290083324
104029.045871916
104119.969284545
104069.614536358
104068.251317077
104106.43616572
104017.87043764
104243.972006699
104024.573332737
104074.310902212
104062.974661298
104131.761824687
104079.028244832
104161.501704399
104071.119016737
104090.086896294
104040.390612661
104034.335268198
103999.441082746
104080.766023611
104085.879204115
104223.299430869
104199.171075776
104051.045610541
104033.778051389
104045.55024676
104070.704781069
104093.52212387
104069.062390818
104061.777158693
104137.258282075
104082.821201367
104075.273018311
104047.692774906
104087.331678253
104136.478201363
104040.229251698
104078.501972235
104077.05199459
104158.583852822
104067.995409367
104052.207830416
104172.194730868
104109.984744286
104035.483671113
104026.408609979
104100.534254478
104200.577234513
104083.056322097
104054.14539631
104038.288123313
104072.461069672
104067.052232924
104111.006868558
104015.017946544
104076.809015389
104123.208401022
104051.396569149
104055.352085356
104068.783999148
104068.843138575
104048.866677927
104084.186795292
104036.731216812
104131.203167474
104172.058430225
104056.832468869
104110.548660858
104156.930614205
104051.716592245
104079.9765697
104075.256383302
104182.569484218
104040.583669326
104128.026012793
104053.441013319
104209.606831312
104072.653024941
104078.477869561
104197.380535539
104074.757937449
104084.614472034
104128.257815467
104072.569574285
104029.54206476
104090.966912697
104030.154972649
104058.900632156
104100.013904376
104056.978005505
104090.706567781
104196.573319569
104098.132108026
104091.218037305
104090.606627773
104037.089136965
104065.402941831
104025.735293102
104195.4763338
104225.275165633
104015.49872306
104078.125260697
104075.758712684
104052.884766665
104083.509956157
104110.895831402
104137.520487518
104101.243627853
104088.459219618
104054.951258897
104051.768445238
104028.159866427
104105.648839765
104080.536789595
104105.890460745
104059.042521227
104041.860527586
104077.167542781
104077.977569571
104063.258343896
104041.156791895
104070.049722597
104099.48794381
104040.090491536
104109.799637231
104067.921021521
104079.515639542
104065.778714986
104181.783450951
104002.171787549
104050.417828818
104063.199144793
104206.733793962
104078.07153291
104069.546663468
104065.711166679
104091.00486326
104043.696668497
104044.973443732
104101.932555444
104043.181177362
104101.48040219
104121.916011672
104044.0552684
104071.907300128
104055.212557925
104114.571789168
104029.294992222
104080.788076938
104059.233587415
104121.371330844
104068.569092182
104098.181106722
104070.211418935
104086.179831524
104066.726534996
104061.23987469
104127.775633004
104064.192782298
104014.799821479
104037.222912218
104079.147189381
104079.601348265
104066.22888047
104049.589424116
104048.778373014
104101.672521343
104026.982606242
104083.184518185
104039.873734231
104063.628566613
104058.266842153
104040.676021682
104224.86279219
104064.16808322
104057.033225192
104065.008216644
104042.853089767
104119.583610079
104091.081845176
103968.583354955
104104.61281656
104088.803944914
103999.574561967
104020.108471944
104076.979322951
104235.868779888
104119.799889908
104039.847576373
104030.628269069
104096.83309084
104059.116280045
104020.727641012
104095.952879584
104056.008299385
104090.879852267
104038.415846411
104072.250185922
104117.758372001
104038.558157696
104035.124424197
104041.09186141
104194.691303101
104063.409052298
104101.485133719
104048.307991656
104052.230073567
104115.749963204
104122.731485022
104025.492079893
104147.5929021
104068.91528539
104075.724589513
104040.85207355
104105.774793328
104077.331389307
104124.492118425
104078.658873533
104079.952027051
104084.522098184
104081.059190261
104081.646772734
104170.129771324
104148.842648281
104031.443812749
104098.964339126
104048.508490525
104095.906378408
104089.879081441
104017.621952572
104073.576534282
104055.779123349
104064.355057158
104067.531112912
104237.784490359
104068.718461305
104036.34885679
104060.526565655
104069.041399676
104023.259862976
104131.771655896
104029.069703654
104101.11242072
104169.904055163
104030.092043925
104041.249231854
104063.726429079
104064.661359298
104141.069253586
104063.401509377
104026.33126936
104063.874822697
104200.802459897
104000.001649986
104061.15224335
104016.793203335
104083.74273796
104047.35285664
104094.296628
104081.38277362
103970.825794225
104066.784791888
104039.646443742
104067.086325751
104038.145555634
104046.640220238
104031.899306572
104211.290201562
104048.039381113
104104.661548068
104073.319217487
104230.057403116
104074.653474973
104108.275518725
104055.414623562
104085.61016446
104052.612324799
104143.756784048
103968.920283392
104062.790586141
104083.556064209
104151.082772459
103994.995798463
104078.410768667
104069.024215375
104085.331300755
104046.384475017
104162.407600698
104198.463896361
104060.808582592
104027.877106377
104043.520003065
104070.906395201
104206.228590694
104068.994633598
104192.632143503
104061.049779037
104017.373594946
104088.740579807
104046.149262202
104050.734574445
104091.590735294
104061.787164847
104073.975435149
104065.174731197
104038.785842236
104008.971012334
104075.56764621
104247.639846503
104235.156463604
104057.853794796
104035.815359132
104085.891416327
104045.512490935
104067.793087545
104096.424821377
104063.409569453
104139.479001951
104063.619378387
104022.891105076
104008.725871621
104025.893319455
104163.607739548
104087.72716657
104080.350895273
104112.948882074
104256.479150998
104036.833597651
104047.507419061
104085.306680525
104063.91952165
104059.201200605
104045.551738528
104050.625747635
104124.464519714
104208.699981458
104094.176510789
104086.733095539
104077.738476348
104062.668557342
104067.825087803
103953.574553472
104060.719323502
104058.779477044
104069.391211872
104065.306314282
104070.432218129
104028.269352325
104054.282810707
104169.127184736
104039.580840627
104095.109320674
104209.50176272
104187.525226312
104082.79424424
104086.510662883
104051.940562651
104039.983819394
104073.663927531
104057.127183414
104103.369710778
104108.538356043
104082.594246314
104059.144882653
104215.423749596
104105.168421335
104072.574516889
104047.802368759
104048.835065343
104170.604700794
104052.336733132
104096.945541728
104120.362164215
104093.205502643
104063.217182059
104082.512541024
104065.880307084
104063.021914218
104084.953235301
104069.754331713
104087.430351192
104059.957603199
104054.766810395
104076.399518739
104055.836566083
104053.602520832
104053.346827105
104083.007929984
104044.792729401
104106.830734513
104094.356272034
104069.920318921
104036.159289768
104052.918463461
104123.775336442
104069.840040128
104072.917839075
104034.46206113
104081.648114876
104066.07065258
104066.360450863
104078.138348412
104055.06019385
104067.853509514
104056.824249306
104058.041889779
104061.636286279
104025.94834251
104090.00803482
104077.901884243
104069.260251244
104066.522380729
104049.825518655
104051.608413989
104107.572130269
104110.631902151
104114.655156756
104058.71089649
104091.417585729
104041.074422792
104053.415832631
104031.098434995
103985.598053305
104081.189632755
104126.800344344
104044.673649735
104057.159119156
104058.847369326
104189.78911312
104098.057256967
104117.094529074
104065.619239273
104056.910121922
104057.654059287
104065.288653875
104066.324555727
104141.355130335
104019.799037895
104081.856953158
104105.420999806
104324.537290261
104084.861687593
104104.173497204
104097.712934718
104184.132214645
104010.124174911
104100.266983225
104089.844220769
104116.991379811
104055.609347392
104085.250680164
104067.794008245
104080.214314909
104096.218263084
104040.378920464
104117.301622313
104151.280901238
104049.470374367
104095.309083888
104053.906172825
104070.99178543
104058.391095951
104074.807648116
104194.090570871
104028.281255954
104060.183067184
104189.090305434
104091.905553654
104066.063360088
104074.457039886
104103.248277289
104090.321399314
104053.421398879
103976.52898745
104083.910456577
104033.997819817
104053.13610025
104079.125551511
104086.700892611
104061.55341425
104135.183958979
104096.248812556
104082.103614493
104080.680956544
104060.014379089
104063.293471479
104159.785645554
104054.850223276
104109.593763441
104060.344330432
104047.465212909
104118.625954821
103942.10901201
103994.013531393
104069.880162329
104026.4308141
104083.811189261
104109.427181315
103999.958497976
104025.394855802
103969.003836506
104011.487204603
104034.768939592
104014.607138416
104040.010972184
104073.861289997
104011.989886558
104078.626662423
104080.499428058
104071.420186309
104019.935410817
103978.769332655
104031.263857525
104097.975068722
104129.981776017
104186.083136937
104073.411936364
104056.380922837
104062.433058974
104061.595562965
104055.899611251
104028.877411928
104082.770750849
104049.987678072
104048.358380371
104043.046452853
104157.205988512
104039.746614098
104025.940361432
104072.159957859
104034.447439937
104091.390652776
104092.691430513
104038.967051842
104077.382183941
103989.140669477
104045.438955884
104077.360733898
104067.187903917
104056.957600111
104131.994509805
103989.66759164
104051.876846551
103972.740425393
104035.717795824
104093.137918762
104006.108028461
104037.598329926
103963.078708774
104063.046377578
103955.737355053
104031.591853194
104042.100755682
104023.415355322
104116.658217424
104072.590721925
104146.829153728
104074.539590545
104055.716670531
104066.62903753
104062.963061844
104134.685824149
104066.051143552
104100.379702003
104046.401696731
104143.752887422
104041.13783348
104175.742265407
104055.644184074
104062.19916333
104110.974188793
104030.552281663
104101.936434529
104117.915408371
104109.615156139
104083.235420496
104061.724844925
104018.015671826
104066.883791012
104132.979863469
104094.847160256
104050.64496174
104071.809627328
104058.626017954
104101.480702229
104017.668392675
104062.266108037
104083.308126765
104149.033704639
104120.198436602
104052.733453583
104079.578826475
104066.073399299
104036.245801394
104056.342987839
104009.773999388
104039.543188745
104130.278825176
104110.368483083
104097.219570961
104046.365326738
104058.413381971
104074.372400261
104050.834826857
104119.043960806
104084.378918107
104136.325326415
104096.641311957
104050.639041107
104072.052081321
104060.058834529
104075.843840733
104121.293619925
104028.49390893
104050.280456807
104073.582650895
104020.030662775
104088.314938531
104069.296867443
104078.945228609
104077.433759846
104089.972657737
104067.766639181
104057.299861834
104107.90577802
104105.706295632
104031.331140552
104086.590214532
104160.42738963
104035.000150119
104031.058720291
104099.786817409
104224.859321296
104087.679805538
104039.555370473
104219.952389324
104154.307409815
104067.349577248
104108.259858554
104101.612906266
104041.122342205
104074.165974873
104105.999108679
104085.175497215
104067.003870526
104121.158370782
104050.402086861
104034.139226307
104088.054460831
104059.57691754
104110.771306863
104074.725868609
104060.695519084
104075.702382196
104105.178043885
104059.832494189
104057.343202181
104055.870756778
104010.526499666
104055.521043227
104071.729796448
103969.324993154
104039.605728721
104071.6253648
104045.189422417
103996.400649883
104083.123952853
104098.061932119
104104.168902527
104072.917443658
104239.891686088
104110.037038882
104075.000597133
104110.217486516
104061.755274871
104060.30708928
104130.163826291
104063.647582491
104039.85784708
104052.151697355
104053.108328049
104110.274231275
104103.493685688
104089.63002676
104075.901418867
