104236.256844238
104617.774329376
104145.713816304
104031.485935603
104061.527340874
103938.059180435
104211.341854811
104028.338697107
103813.706490192
104289.907537646
104331.426502698
104082.972680352
104332.02058214
104032.206625696
104142.971027627
104276.73211438
104390.824394603
104277.446579545
104138.475958781
104224.507718362
103997.87457829
104079.623748767
104068.355291833
104003.686148769
104353.365286961
104034.545764079
103972.854671967
104259.572546032
104105.557420108
104122.24580986
104201.694033763
104209.680679274
104081.301459301
104251.71702885
104197.97165545
104334.857970445
104289.464268983
104007.85121275
103970.871990264
104062.215736551
104132.089452906
104020.097308278
104031.172214482
104026.402312286
104270.826834834
104416.961119222
104121.177393816
104088.176929987
104166.778812897
104080.749583283
104133.021357697
104153.400245124
104132.125840006
104163.676148924
104204.467094958
104311.292988997
104164.046536312
104000.051857686
104162.988550326
104131.297499978
104043.632842715
104147.539245816
104047.082073903
104195.706731254
104042.999381789
104018.561398756
104160.785704148
104015.551062566
104411.350500442
104218.015351325
104076.548656558
103952.712596765
104151.476402416
104187.455207599
103999.141337334
104084.596927353
104083.237275452
104319.586397342
104334.831349094
104365.801927301
104159.259780486
103863.845144986
104196.813091626
104225.150355002
104086.520280605
104083.517077384
104014.274689162
103874.575740336
104014.556680812
103980.134905082
104256.89044515
104300.315330897
104354.987540256
104001.938670909
104121.164532907
104163.145674013
104346.300791165
104049.101232304
104412.493532426
104172.712162504
104393.321468712
103971.12452804
104407.781011251
104298.343507677
104101.096112195
104076.235300778
104324.321135338
104347.910782111
104111.547896677
104370.148402986
104128.085812657
104247.847800924
104454.867501422
104043.55039573
104261.318752548
103914.234303311
104116.880642034
104050.217361186
103993.209493706
104154.195518437
104085.521680178
104073.809962696
104098.301925784
104347.093565976
104442.959183389
104174.040824243
104523.963040963
104266.107419401
104192.944407883
104215.554231528
104331.644318789
104325.093508134
104053.385936141
104145.253830934
104275.311230651
104413.26825353
103908.903884343
104229.564005334
104146.041229402
104104.35675321
104084.405761383
104340.109009064
103934.92072488
104208.704757439
104032.553747553
104191.35023002
104282.528143778
104092.33976549
104272.398602379
104119.873576669
104026.849084272
104344.726095836
104009.361432522
104066.392725838
104203.749442447
103973.29742432
104155.496179121
104107.605751614
104127.562960584
104075.912857601
104071.042575199
103909.875342586
104259.304712838
104134.835333383
104007.22711927
104046.926337533
104214.194681688
104091.475798483
103946.123443014
103909.031028597
104401.323416022
104164.890628749
104326.562392718
104369.085578868
104023.496076378
104111.007616187
104129.340961174
104120.651069085
103966.435820053
104107.043268376
104061.008755674
104072.298341176
104353.320583591
104171.930096908
104212.411286458
104184.37623955
104402.104856962
104129.13013317
104009.841934241
104203.372151689
104095.585609682
104022.128033635
104269.20273968
104178.476681645
104133.545634227
104212.104763315
104121.23154756
104093.079864093
104395.544718217
104106.063080841
104188.129749103
104493.431755108
104293.994000237
104029.820828781
104178.820244459
104048.218535832
104361.182124141
103939.552140262
104333.484676507
104409.21833378
104120.235817894
104170.426202194
104366.112941427
103937.897678897
104474.868676066
104136.226695826
104263.758078872
104057.797555474
104067.135920758
104390.431161546
104235.150402652
104138.591356952
104244.567285194
104034.586822762
104124.165653426
103939.69360906
104161.373560259
104173.889495051
104161.499919257
104066.672311627
104307.297788086
104173.014647502
104095.797069631
104167.495024073
104283.111477224
104054.688660386
104394.116333245
104151.157033756
104111.998293086
104242.671558102
104304.126994657
104303.685513247
103988.638374786
104059.636350509
104092.366610782
104265.267026328
104233.396100734
103994.171193683
104136.914510744
104015.639801596
104037.928913076
104331.808827171
104276.104792906
104243.189260302
104155.325360555
103912.604323033
104055.020974575
103851.173785235
104146.583913574
103932.410429666
104081.575096824
104165.167738402
104420.853875329
103882.140077812
104069.715634616
104182.446565517
104279.882062335
104314.196192195
104150.55090803
104373.699158468
104059.499005454
104070.882959842
103974.213349089
104158.740846802
104273.58637341
104232.795706658
103965.90811511
104081.065803164
103891.047742749
104280.597858217
103916.448452678
104006.243899407
104137.624302
104184.458088055
104285.424366182
103986.782386962
104145.665755232
104160.514238033
104094.628002128
104382.685678432
104459.484727602
104144.087283225
103880.880133405
103919.872734603
104051.870244331
104133.540293232
104297.968500484
103981.852174389
104459.782848741
104068.683479173
104399.782457225
104262.266480464
104097.01515273
104280.073659261
104011.184972746
104006.769717102
104048.513572843
104146.89772592
104365.029155815
104242.885633824
104376.677197646
104144.164812927
104076.407855746
104145.766143678
104226.827847318
104153.501478187
104422.818499402
104257.356188527
104014.798080782
104061.264569415
104461.456675638
103937.332836905
104054.331918501
104329.915504125
104158.092355674
104306.000277816
104341.440286311
104052.372467812
104058.570757776
104301.796228392
104143.941882296
104079.267729246
104157.252864194
104344.701711308
104009.720807664
104227.719435374
103965.655158162
104075.423404312
104204.12983585
104187.928602343
104182.583284869
104382.661692723
104244.85426515
104100.41191457
104153.553428967
104301.407854283
104136.826351787
104056.53836007
104336.054489251
104436.897892435
104298.114150906
104205.516663723
104322.082264098
104148.866201082
104022.990718808
104272.94919937
104045.089198297
104161.855852608
104028.520849998
104281.427082628
104053.362262099
104097.35739761
104355.250861996
104041.562894187
104115.364523225
104296.191687849
103887.418187396
104279.290206488
104237.124565265
104422.956396348
104101.964559457
104072.399595805
104279.284708158
103964.30321237
104627.741332482
104119.967503589
104146.506959824
104267.914427505
104101.379548017
104251.167243114
104125.276576472
104156.575985789
104189.320850381
104197.258420665
103989.89753341
104278.681914426
104073.204970886
104324.579755144
104472.27712356
104135.771268437
104160.128169131
104102.990064581
103950.607584954
104095.051120223
104581.978397898
104114.672678682
104228.210554886
104084.969399584
104108.684649104
103911.424841745
104322.590577861
104226.539851099
104197.537559266
103994.975086179
104086.579236474
104030.101600382
104065.893992223
104202.579178644
104278.898822112
104204.361784986
104064.61535622
103992.087372573
104185.250480622
104123.009539953
104039.75908595
104356.499349494
104211.019675651
104372.404675084
104193.933509095
104271.202571924
104208.900381013
104020.034439643
104212.380379252
104189.880230011
104270.686360642
103929.7879839
104131.981401134
104006.64065495
104403.243598479
104302.685242102
104257.739048018
104032.866742909
104099.824072835
104509.034363991
104060.256173173
104165.007717341
104087.44633862
104249.051290223
104237.866461661
104405.484926572
104167.39816738
103972.41733066
104328.699954757
104125.335028723
104027.358809441
104232.663050253
104415.25400361
104043.767892394
104333.488915838
104060.054889952
104039.128925124
103870.454335933
104343.252443553
104309.813176134
104029.117048963
104362.324213338
104192.029585418
103972.051721482
104407.499495762
104171.003704758
104406.538285306
104005.390131194
104171.257350544
104269.492105772
104269.528107773
103907.480715598
104217.617765471
104066.017608917
104016.061452729
104120.061463937
104051.391127711
104082.156974503
104089.979041824
104201.608895558
104383.015702292
104244.997598393
104266.448910418
104163.209434374
104002.777474558
104204.666712594
104183.902274283
104035.855518361
104210.907327441
103902.870304245
103899.256069996
104084.601691646
104266.746023199
104291.652658668
104164.440977277
104181.148165595
104320.628745862
104003.412431499
104079.229541527
104133.220642792
104090.538340219
104304.092892258
104224.600392191
104073.387939501
104059.552873713
104266.572137783
104042.314424895
104091.26390141
104099.084783019
103997.611432275
104120.998157237
103900.457531781
104201.654828584
104394.161573061
103942.159207558
104105.124354784
104105.519101032
104194.894349502
104138.961978723
104205.59953328
104028.183267976
104027.589448325
104159.058143986
104093.845162543
103958.972395293
104201.661634114
104492.450589045
104269.993762188
104122.86842512
104335.04052549
104123.701897515
104000.127693294
104080.999009827
104081.410073314
104047.161467867
104266.736579482
104024.558499523
104627.316741833
103943.491044701
103947.723334923
104228.083970754
104437.58393877
104292.517481243
104008.547310218
104387.31318778
104288.054556338
104284.426585069
104231.063754011
104297.323871392
104103.734800842
103953.693606303
104053.308225822
104121.431947725
104182.670632408
104213.073525635
104153.80264576
104400.630544666
104291.517817808
104231.468272642
104058.49823977
104286.366069029
104395.436729653
104133.525434862
104231.125213319
104279.777399319
103978.946473781
104242.003504227
104348.939652585
104241.304582437
104088.298250418
103913.955764122
104057.903840558
103973.195108688
104121.70437013
104087.15596128
104417.838887008
104002.531582379
104155.948132626
103959.344608115
104259.613501559
103915.284789105
104215.842848104
104112.514976507
103968.548767891
104257.203548851
104089.716811298
104143.022740394
104224.640319397
104306.363522512
104137.340790913
104033.587095917
104067.365205561
104297.924764586
104082.595818415
104142.730166365
104174.276644782
104065.47582608
104349.960908909
103980.779955364
104209.7373184
104273.727024903
103841.143118755
104297.599855534
104187.204016386
104325.995798604
104113.674721676
104206.511167127
104294.031550552
104160.252409291
104183.521107898
104196.669715129
103994.782518328
104199.326241995
104357.249172771
104289.031234105
104059.011359842
103917.242389531
104128.329500309
104068.030487524
104170.502985697
104199.929162345
104156.726533257
104012.088754465
104073.675708521
104083.030822616
104093.034925977
104219.562255283
104095.4384518
104224.655986935
104082.163889726
104221.188222991
104078.07612637
104151.721160779
104207.33955196
104020.00056596
104154.910924017
104268.785431435
104100.332260129
104352.124950696
104275.92832005
104138.413365489
104090.622084314
104021.547843895
104172.159971474
104278.781048374
103999.059005185
104224.831425731
104284.377902875
104186.880722426
104234.739039187
103925.946424897
103977.288543249
104187.570880023
104118.871830879
104153.735426481
104095.540791515
104156.620177681
104053.852715551
104126.017816757
104388.114534718
104325.977803166
104104.543747896
104331.636502204
104160.310774714
104123.069781897
104114.567193326
104055.240769066
103977.353282549
104298.290787695
104379.04082773
104071.257887467
104139.159678892
104115.745435286
104370.164345247
104274.142336795
104489.090307873
104110.773021515
104467.462386804
104231.742027193
103864.150370624
104286.693969096
104032.141280304
104008.946027937
104138.37512657
104040.806877533
104165.40537459
104325.957480714
104050.552683278
104148.408259227
104070.401674244
104082.097008022
104065.941840143
104132.297772187
104007.365949135
103941.340166462
104358.145126127
104102.008208228
104168.335561253
104212.671247847
104113.454559675
104200.308710775
103965.906278917
103932.088888355
103988.561099904
104354.02133743
103991.365748879
104208.048303221
104186.747200066
104142.151659165
104234.376642896
104098.298703137
104498.960430336
104191.310486731
104168.446054548
104207.218324537
104226.666294124
104087.239056189
104005.255893955
104134.673500443
104202.517386105
104237.778085314
104330.664148929
104299.734813918
104031.99352851
104128.82671612
104414.42798783
104122.73407551
103828.276618182
104141.33251251
104024.787035544
104318.438072256
104231.287565644
104213.263997986
104202.804143165
104154.971284981
104413.981004506
104073.559771196
104166.492585729
104077.73678321
104198.649801016
104003.599847181
104405.310325286
104068.94798531
104036.25711944
104229.878394905
104536.69885139
104163.056081595
104141.91749442
103993.664309627
104460.932192485
104149.671622748
104295.495851071
104242.834086484
104123.840427523
104040.23368309
104138.028761725
104046.52121842
103979.056197699
104110.880766691
104318.172290127
104161.298714215
103979.935552277
103948.602088858
104113.600820892
104268.255565001
103990.078903976
104100.289144514
104306.615040717
104121.087459697
104309.66253484
104179.692597883
104442.657995116
104472.132635037
103918.589156362
103815.645016367
104239.879731426
104320.959636484
104063.278602219
103941.554249871
104053.781897738
103883.587856874
104461.444165667
103839.336665426
104105.005759236
104110.06503849
104107.680466745
104235.460402959
104463.99779719
104322.117884745
103981.259862892
104249.55550981
104111.622069966
104297.11177617
104095.10614729
104208.442581029
104099.328891073
104265.926866478
104169.780620427
104130.682603408
103706.561239576
104169.382431238
104215.101597095
103908.799754099
104106.753088641
104114.840108143
104166.447405619
104274.456323082
104205.07685489
104006.787474658
104225.290134891
104221.006239621
104224.489702626
103961.717262353
104287.419607685
104189.392474447
104120.692072538
104288.43649351
104324.265685158
104296.535721017
104253.147011949
104064.744893506
104263.639179411
103930.407774146
104021.197302613
103960.852705546
104319.986138056
104123.146756773
104213.29742017
103887.383733965
104162.077303518
104258.238928608
104523.920723418
104157.202196547
104141.63957136
104225.622315553
104071.010137294
104321.89709649
104059.026854463
104275.068069898
104288.887096046
104336.217249704
103854.454905392
104336.276146376
104240.230768836
104143.602710029
104081.086393892
103952.616693706
104180.395838404
104474.447877853
103947.82663033
104073.883803298
104104.084977683
104357.994491365
103997.827920115
104280.574662942
104069.793685897
104226.107217782
104098.958418945
104461.411301575
104113.017980374
104052.953183284
104192.347683194
103975.402979569
104180.766811574
104254.32671394
103929.120304909
104374.418461831
104279.936523226
104193.772503711
104314.43980776
104151.24563234
104509.209630047
104312.366509702
104323.65715073
104241.175000337
104246.688504938
104032.139581821
104295.325839331
104098.337002294
104063.079090655
104083.438652043
104101.197305443
104284.940404047
104400.322012001
104075.104113909
104206.011169445
103852.599259242
104150.279908029
104241.332140042
104036.63400962
104159.061830008
104148.33095847
103903.299448816
104088.65488345
103977.955013429
104051.680633369
104206.671227939
104152.436035574
104120.357009751
104434.3842321
103924.497279367
104293.875923128
104290.284030295
104210.591019856
104207.778113787
104142.976947219
103938.811052844
104403.499375845
104261.315850103
103988.973161973
104214.463915782
104334.884118031
104168.412108684
104128.596552662
104059.322937884
104391.610005496
104193.342957462
104021.913709559
104074.653031659
104552.702305867
104020.507625473
103932.675287289
104319.360831708
103930.89854921
104110.471569615
104301.251766555
104293.071646847
104252.262412454
104083.088810824
104101.592712167
104239.99717703
104344.71630914
104183.303602665
104294.160282972
104264.926126541
103962.588074697
104237.565870151
104281.511541279
104031.186169361
104119.341084467
104092.866144762
104009.593742151
104279.139270113
104177.55344444
104144.723175405
103988.635429226
104023.433795231
104202.848879381
104207.152682997
104115.720845343
104178.846532246
104382.095940461
104075.521524423
104124.666380841
103985.584667523
103959.884890337
104173.644101534
104323.799677424
104174.894020841
104050.208265783
104009.736257873
104173.225756172
104039.22187287
104066.927520914
104003.083792055
104184.432363056
104261.087210789
104262.272291512
104378.404490273
104355.158134713
104395.059069492
104139.760279273
104126.431330129
104147.498576254
104041.991419504
103982.138158706
104267.612542585
104086.481271454
104222.521111019
104065.535090571
104285.81479222
104330.201508936
104287.706955301
104195.887530143
104463.061650609
104032.693840429
104044.921768394
104141.613532799
103968.115106882
103884.796982757
104158.95269844
104110.618073797
104089.818466253
104332.998385679
104442.223133399
104329.499365851
104303.537557882
104111.228880285
104235.63914647
104207.036491732
104110.238725188
104089.275165537
104064.162207393
104234.55464439
104385.33397075
104453.11865399
