104421.679533786
104772.008650099
104797.611392002
104351.462705277
104459.34615833
104720.472956154
104511.778747912
104484.439030782
104645.60648995
104266.682085371
104378.486432345
104462.746843419
104811.963929754
105155.669359984
104152.579091867
104888.104684902
104381.604018123
104690.495649825
105090.094796496
104570.335175313
104977.68524292
105227.767205475
104695.453674658
104742.401440866
104270.909257871
104764.994616948
104783.085429007
104689.88193878
104725.536594008
105150.117023528
104955.647497679
104292.215116609
104511.387653594
104357.175636427
104816.589097053
104552.261272727
104917.489560724
105066.99124386
104443.755831511
104450.179003702
104875.587611418
104204.252716813
104524.274386231
104948.316420613
104491.652873719
104780.894866377
104978.367287544
104497.025264213
104666.567950815
104654.718442141
104722.907353474
104549.296087175
104191.787387212
104791.599274081
104234.792572012
104729.975210277
104636.225350718
104395.67698325
104495.395004053
104473.797015999
104882.170986463
104822.26109302
104745.184041528
104811.94063131
104806.282152028
104471.393304994
104743.703615105
104842.213973013
104845.338186463
104842.968970983
104742.861632162
104531.079006208
104721.08094748
104878.359625283
104339.014245806
104743.640683767
105065.523866118
104242.570698991
104098.62068468
104523.316586693
105036.612160488
104706.000602129
104652.39563532
104758.130527751
104748.275641729
104721.890030406
105201.814509266
104945.15915737
104853.017178612
104891.044759147
104341.544038183
104444.553003917
104568.195969629
104851.004041117
104356.142422595
104846.924466459
104636.458488
104712.849414732
104635.002908033
104536.044672263
104563.842165866
104979.982855186
104670.060202867
105099.360681556
104343.394687958
104675.508212605
104884.645780631
104323.713918734
104742.260821793
104958.415128065
104638.747711479
104460.410234663
104818.836873061
104361.400640176
104788.876013047
104248.124203015
104680.538666542
104412.628743098
104623.308425855
104618.415017707
104346.632128064
104572.143688619
104965.537471101
104570.570851211
104409.404260776
105033.91825793
104938.273393904
104686.906090102
104452.61847927
104662.794353681
104907.920855263
104407.183444647
104768.120219528
105303.509195969
105365.457740651
104339.152386238
104595.077766038
104744.285880976
104953.97130139
105100.110255284
104848.601466109
104836.751205348
105188.854092423
104467.224218682
104962.285634164
104595.342421841
104655.968183962
104804.53183841
104670.575864696
105031.192370427
104423.916623138
104376.568064848
104828.613540214
104696.125764976
104533.255679421
105034.688944269
105130.483031352
104648.825727298
104865.018162952
104423.180549279
104662.317798181
104319.702705291
104469.268158961
105243.84059451
105007.470496724
104345.416894832
104821.093817587
104071.306822602
104242.899056295
104868.774495966
104720.882286623
104783.252023522
104430.728430429
104838.013243101
104214.72549425
104640.029057193
104867.885076224
104285.859469951
104257.433885992
104750.766186117
104983.458425055
104838.88756086
104504.567831555
104999.832212813
104985.629201771
104868.4158984
104839.841214849
104676.574065852
104535.645095318
104778.126403073
104578.844894497
105029.520041972
104744.199114507
104352.548482948
104678.570470865
104716.475961772
104676.677282646
104447.493721487
104843.036760082
104494.367251625
104526.227880925
104812.779990072
104609.294708444
104433.37073682
104669.499687714
104412.546160872
104688.185308099
104802.690619205
104436.630786078
104531.040346189
104580.430828343
104687.707186549
104721.231147568
104820.375501388
104668.558102098
104750.216595586
104862.969847178
104600.030878351
104847.456239919
104919.142362634
104221.558538481
105101.13739968
104936.50963544
104639.219501196
104670.443508598
104828.67119485
104788.163411265
104718.820847252
104793.441008189
104327.389838449
104786.341105476
104405.000947079
104512.047076074
104584.716435991
104696.515158496
104596.105773662
104887.094251304
104734.651807227
104468.099930506
104609.918086163
104622.718222018
104880.943379957
104710.028054024
104849.433078703
104751.812568807
104232.854795926
104649.313913034
104562.661673197
104496.055485683
104711.2265383
104747.292406655
105236.709618034
104292.766484944
104577.234040305
104869.845844763
104321.133714527
104315.117935228
104653.885626848
104264.662272626
104349.310057577
104443.528677077
104664.887041185
105088.861578206
104620.395447013
104911.267161034
104773.198381792
104500.620241012
104265.803168879
105052.533990605
104910.359236786
104694.118949955
104771.857586805
104996.930698431
104669.388714004
105108.006150471
104478.662081333
104647.631618533
104402.957172703
104429.47683117
104714.606755697
104552.861376843
104558.542397575
104886.827762607
105003.688398842
104583.132328065
104465.286324287
104804.406952257
104483.62644961
104552.511951945
105234.385611664
104701.878197584
105111.032632791
104581.382363147
104537.663566183
104837.983315854
105086.573061168
104656.303524859
104649.066330707
104769.833002698
104665.659407717
105335.344686559
104700.695736809
104968.76870253
104284.043804325
104602.581393807
104161.477134866
104943.383779337
105116.098734976
104505.007743314
104752.876445967
105018.339586394
104891.241107064
104808.548708163
104525.622525168
104440.419774757
104356.844297017
104398.096121475
104688.802393103
104867.440243419
104587.90019955
104452.418446604
104483.848420607
104343.306826436
104718.552268177
104830.826723293
104970.581439818
104884.49433805
103907.860635033
105093.292589173
105058.614643509
104883.75864835
104806.826330473
104311.115532066
105471.526403967
104585.882895627
104578.508949504
104946.235381762
104441.10991789
104637.773779264
104320.561963289
104693.40169387
104751.423968968
104449.188539139
104557.037747572
104665.464895958
104505.431438963
104850.503500756
104784.019616679
104558.119538233
105210.516811748
104830.136442453
104342.496536902
104604.738530391
104164.925853749
104843.166399719
104554.767218589
104872.077687964
104792.056938713
104354.487273245
104346.125064605
104759.28181335
104722.628909496
104875.747899444
104635.359498586
104566.759783194
104463.741483098
104884.190851148
104577.930395906
103938.556291679
104632.554997954
104792.042133168
105141.704274352
105027.870629931
104542.45330003
104978.748659451
104354.012628805
104418.826656308
104940.022399329
104767.045539934
104590.391154888
104807.417031313
104726.201801116
104308.247504923
104293.07308568
104816.487126246
105275.982227996
104540.260063027
104928.223556789
104340.943054307
104352.953907148
104471.746396738
104813.048656144
104732.83398785
104565.422649211
104569.631169121
104749.916090757
104501.768849988
104556.142542336
104317.225389656
104914.981603026
104385.49073209
104821.642103744
104817.433310506
104451.506021699
104367.70608865
104457.695678959
104639.122111146
104729.59175068
104411.262905965
104784.296206274
104848.851710994
104995.667770679
104619.242248895
104959.535819203
104966.905933276
104430.692927557
104747.096805639
105220.976813829
104410.229284288
104823.367264357
104889.21994351
104699.996001193
104744.085483669
104717.851638796
105167.76662832
104467.103635826
104757.522451614
104653.542312613
104970.163666492
104653.884524737
104537.88079296
104626.463873834
105142.731802918
104906.76041823
104990.983767508
104662.107785031
104483.63783942
104062.91192097
104677.740938033
104837.354439626
104869.097198679
104785.14676179
104516.34018472
104988.339333275
104549.60193596
104456.715650382
104660.030452033
104652.57457985
104506.081059589
104484.75622174
104544.513019308
104879.456773365
104681.206682384
104705.873363919
104847.042927873
105086.949745339
104608.508025473
104841.642218598
104836.20759801
104467.421095244
104598.935143479
104916.752315031
104501.91158831
104550.787455932
104731.428909316
104648.075329422
104426.777989251
105072.034033467
104657.809884911
104763.796268906
104393.553098645
104422.262225724
104360.044666928
104779.450738576
104406.078849159
104768.858019538
104825.442644581
104534.901333521
104873.249834652
104219.56075836
104590.445744197
104933.597340238
104791.524576808
104949.864713129
104892.08159184
104627.698759272
104665.957225228
104282.613007443
104662.87242278
104182.857856414
104603.076868105
105018.730375992
104846.846702246
105097.608487001
104754.217852508
104420.375272306
104780.603087195
104497.134518677
104805.573939873
104727.195397073
104472.684795994
104814.549038728
104608.311750071
104791.909336009
104826.271570434
104406.313124589
104645.239382288
104296.466229726
104762.499999019
104123.059517173
104816.853206254
104370.939003107
104384.325094409
104776.55226009
104666.770267349
104859.163720633
104671.111616996
104966.598870345
104717.582497341
104547.81133042
104721.747798348
104825.815574789
104880.14234454
104558.824536808
104329.254403438
104373.707637018
105508.571066157
104697.463480221
105192.797508775
104836.139041533
104557.482912808
104917.660842547
105046.803600143
104962.62111546
104413.097026369
104689.025038602
104885.147069829
104834.264883297
104731.364954957
104708.98030162
104448.594445541
104330.379536817
104507.996701855
104823.050165472
105093.115875767
104994.094349632
104538.601446177
104826.914532484
104346.276987911
104860.843104393
104535.306984527
105015.09322053
104723.34150354
104248.484981653
104870.439753903
104612.370625903
104696.427378449
104751.272568394
104730.48091837
104362.894704471
104243.642859531
104430.325452732
105088.424286314
104533.809300321
104306.587152026
104814.823947388
104361.700763414
104763.537844535
104857.852301607
104419.59993234
104806.049594437
105174.354281882
104449.620019604
104492.984787809
104901.504663421
104681.756559872
104747.376683908
104465.95636148
104742.149254215
104487.724539523
104745.87612331
104805.876849758
105126.737953696
104766.50187974
104124.00523532
104370.705934399
104534.227811634
105197.983529296
104518.39071725
104196.24769055
104489.095281044
104663.027858821
104831.164896887
104836.498869637
104881.339401687
105157.265638088
105160.605353086
104446.071442712
105168.453331189
105068.550879119
104576.650093702
104514.63289643
104477.094825522
104388.852233204
104745.82871781
104834.536206748
105139.167524784
104468.908118809
104504.195270493
104775.465973997
104696.85270272
104731.141666035
104417.635245943
104284.756107529
104919.4192046
104495.590090447
104828.127460234
104660.794098693
105276.749553708
104506.525124772
104952.688070095
104744.136131172
104510.270545958
105022.734141415
104756.723445863
104798.692311725
104616.244582054
104577.300941696
104609.633288704
104562.180465233
104596.746736353
104587.502271389
104398.809800583
104620.462860031
104508.997628259
104385.464925109
104594.485683706
104848.14815605
104876.376786797
104883.711025149
104648.157593414
104807.000288498
105203.122082419
104581.903953978
104590.911009613
104732.51377142
104539.004378655
104213.682475318
104678.403580556
104574.260347021
104968.859674217
104688.79504002
104218.213275617
105120.254816824
104734.574585475
104701.494355877
104432.237283683
104199.008884419
105102.356545293
104586.330147003
105146.592656172
105049.686645856
104595.91189526
104335.63886257
104874.966898933
104994.931523392
104971.698637517
104687.670974452
104919.066667451
104575.370272754
104806.72070314
104858.423777198
104506.979008072
104957.63324013
104601.165288495
104651.17735925
104713.888186689
104268.452603114
105008.365867365
104764.976158272
103916.955221143
104438.662698225
104916.79179254
104493.652816435
104866.740350987
104417.125192745
104672.974192313
105057.669508858
104754.891011434
104874.281513633
104822.591663996
104588.410875701
104539.847903094
104943.113035089
104798.686812355
104801.068878555
104896.474267194
104600.553386804
104362.155890404
104524.485099933
104835.969946802
104917.930535085
104812.155846506
104316.394251691
104764.709829838
104320.958075771
104768.998347528
104871.038982331
104900.42014538
104754.59294246
104372.075205371
104929.834897893
105113.017032713
105124.980744887
104717.483575479
104515.26189527
104778.59235956
104888.197723488
104661.808028776
104552.62713824
104372.544229526
104527.850261503
104075.21424479
104547.120058569
104383.845589553
104916.075662527
104609.642682404
104676.93843808
104757.41607416
104362.154641773
104777.256532248
104548.851590265
105186.973600992
104640.87488942
104553.669403657
105016.624058313
104774.598992333
104900.777183045
105383.096682557
104364.922783913
104995.414642247
104789.890374195
104471.829524365
104792.475725672
104802.275852062
104999.239248438
104191.77461298
104800.131339377
104590.406338521
104418.621998179
104505.597514811
104745.042258749
104939.766141654
104435.319757399
105011.194270223
104644.781373201
104962.653105796
104539.999185428
104686.915153155
104894.012258148
104552.697248944
104739.421570091
104855.148337732
104833.412969273
104730.124638794
104455.138329712
104479.215942664
104434.404724111
104430.80286209
105197.212597631
104708.756680706
104276.175414466
104507.727968156
104942.753426357
104612.267072525
104318.901181458
104632.679816104
104653.651351376
104423.128216427
104942.616872736
104292.279764453
104194.001893179
104582.487229385
104953.158619063
104504.368367622
104943.400021534
104659.981883633
104804.470798402
104627.793563889
104383.619199817
104752.696811078
104776.163891758
104867.87119579
104695.871291294
104685.103958476
104619.733815736
104780.550099789
105186.889625902
104617.993992123
104468.055662369
104206.389770313
104978.20257954
104718.265274312
104818.015929
104363.199188291
104714.466301038
104120.62876668
105036.623131556
105163.107160647
104529.733250099
104797.736550702
104781.514875227
104562.000408553
104860.27966289
104352.217711277
105160.936017412
104627.527649192
104538.382226767
104891.622122622
104778.025948768
104746.833446497
104592.301413957
104663.378952672
104425.026576961
104636.054219082
105205.840686032
104834.242857218
104372.245071238
104816.738054635
104709.73705409
104758.078926398
104672.419658507
104551.838756688
104589.068840277
104439.292067443
105041.406295372
105049.34252358
104557.992885859
105129.374567098
104554.518492205
104844.854997171
104716.138600959
104239.647528043
105073.005248546
104689.179298945
104988.126913403
104647.92577027
104650.095426201
104356.689977317
104839.428616818
105088.961795635
104874.194478039
104661.82421523
104838.291581288
104402.608514922
104865.720152476
104403.347896037
104381.933054483
104686.067113833
104410.039495823
104755.0961731
104748.038487266
104878.040612685
104977.381808698
105329.078211723
104535.149278614
104507.02209402
104642.334247355
105160.07108264
104667.152179183
104517.234940141
104765.500127351
104875.727493682
104647.401263486
104567.473784294
104821.911133453
104523.930028914
104666.383548123
104710.175327425
104318.354118606
104872.10737549
104802.007442279
104747.145824454
104974.707700558
104527.449903775
104973.143702256
104342.562698696
104301.675421276
104794.095993087
104546.409119056
104596.186380693
104588.49995469
104771.746493351
104738.613976324
104812.275185712
104681.579159407
104827.402453602
104441.614991767
104361.398668372
105036.670238074
104718.707048318
105010.245424632
104549.229681374
104649.59734063
104462.436393561
105054.583694009
105034.848392535
104645.867635949
104304.294863034
105461.73485784
104911.98090423
104325.827867936
104948.980641937
104738.742898058
104405.019584558
105026.408497857
104575.822701886
104508.638677521
104514.680127363
104208.829010397
104406.061536383
104253.985825107
104466.910245166
104870.144273566
104203.945011404
104478.711864301
104538.623092513
104826.258161496
104706.772291179
104569.580428207
104655.187765735
104571.596550875
104898.491251321
104743.722233225
104587.32409094
104784.480031277
104361.240778209
104871.874531994
104624.632856891
104801.818592396
104288.567629133
104573.276545904
104939.139428697
105033.87747221
104754.747268975
104191.343518122
104223.781553137
104564.46361935
104471.745328098
104822.061720903
105086.830757169
104362.34235391
104830.177428064
104820.470757794
105087.670132523
104782.079492953
104505.836648526
104712.768872819
104521.987620605
105020.142420326
104932.670248165
104807.040475101
104646.142133817
104748.405947875
104255.590828096
104678.54477391
104739.048807699
104510.593332158
104234.986369241
104405.614796048
104616.211513334
104984.846768491
104469.622916631
104750.722115586
104684.855079963
104810.597788778
104540.697360096
104682.679200208
104592.205465073
104507.34581375
104968.071217118
104725.779692845
104502.220385042
104445.857589927
105321.979773801
104591.75216273
104521.320628887
104917.574202083
104621.670543597
104631.274894569
104486.524829534
104988.475993409
104994.251952719
104502.779930469
104497.441296249
104395.170339294
105027.674869621
104636.83162011
104352.433566992
105068.23637033
