36670.8398626685
36666.4548111528
36669.9057410599
36671.6633896465
36679.8521296152
36664.8462650286
36672.0222235764
36675.9308468711
36671.6011757048
36667.8637275138
36663.9457168175
36669.849735854
36664.9896498868
36671.3684423816
36658.4459565712
36681.4002324515
36675.8456795039
36668.9270698096
36666.80112318
36677.763703286
36674.0738378885
36671.7141551651
36665.455580339
36670.2829077406
36684.9875852601
36679.715994115
36672.4256057888
36671.2875317392
36666.8840803071
36670.2936050665
36674.0301860206
36662.9119410143
36684.1643841587
36668.9162121725
36676.9916588681
36654.910078042
36655.0447101784
36668.0407314678
36668.4955531439
36674.5342080454
36666.367809269
36667.6628142393
36668.6409395073
36661.3407184433
36676.174865359
36669.4242934132
36672.5060476998
36674.5299210839
36665.150151662
36666.9352456132
36671.8382035699
36667.4824738026
36671.7528856614
36664.7248166038
36666.8855314366
36669.9088009987
36681.2394017299
36674.3185431291
36662.2756808351
36671.244592041
36674.5688796622
36660.8484977803
36674.9756686418
36664.8414982497
36666.0934338076
36665.194915085
36660.5764659941
36673.0123378429
36664.655525472
36659.4102827293
36666.8429160387
36676.212139636
36684.7768609985
36667.9040327622
36678.8806515045
36658.1050340081
36668.9652598014
36667.1091734514
36664.3232229505
36661.3822772031
36674.7197010078
36673.1764535182
36662.0368428746
36668.1178928549
36682.3586254342
36668.300752556
36661.0529619682
36674.2839121375
36679.4818524678
36672.5485525463
36666.9795933089
36666.5563634413
36678.334186193
36684.3824661924
36662.0049476764
36659.7196056246
36672.7797576329
36664.1648373636
36667.2814479901
36664.3422869256
36660.3109038218
36672.2360094267
36665.8050346419
36669.2081096057
36670.3997706586
36672.5773762193
36663.354000006
36677.1498405101
36671.1985426318
36672.5473557101
36667.8939350192
36661.0964605327
36667.7384286848
36662.7208369002
36662.9048784197
36678.0617181908
36666.4597824529
36673.1660848772
36673.9537591642
36679.8005439426
36681.4546603626
36675.4759713425
36671.4412309156
36667.6633636996
36671.0737652449
36669.0900183188
36673.2807649108
36674.7024804667
36665.86213427
36664.383972106
36670.4119309706
36674.4869159802
36674.2281038891
36667.7715382792
36664.5335438507
36665.3868391391
36666.1631770326
36665.6227536011
36676.9347116743
36676.0399619718
36669.1837015649
36673.5678772091
36672.9057926217
36676.5216191425
36662.4150309514
36665.6828825812
36669.3953049512
36665.046624128
36664.4456544011
36672.9467877085
36665.6296244829
36665.0169887807
36666.6028079596
36667.3144019471
36675.9514861257
36669.0990236454
36669.4697237578
36662.7239042686
36684.2293033912
36671.5468818444
36671.2725712236
36668.339699431
36670.0692596145
36668.9223363651
36678.737847237
36671.1018195848
36680.6097123795
36654.2268900123
36671.8914361376
36671.1914995248
36666.0275013567
36669.4079137869
36669.0769181325
36675.7896537158
36668.6844760966
36660.8304338837
36665.7755706909
36666.0951808443
36681.0249745199
36677.1835010568
36659.3236251829
36656.4812056622
36668.3260688479
36666.8774347764
36666.960374081
36659.0950416085
36667.7827638116
36658.9141392839
36675.9911969633
36668.8345541603
36673.3224689452
36676.6605711324
36666.5385285025
36676.2195198935
36668.7265864395
36676.2443470865
36668.3247065426
36672.8255263244
36663.1559036984
36663.430580999
36668.860881075
36669.5501833961
36663.3072608465
36666.4408259237
36670.7591595717
36664.3939557863
36676.1837496869
36676.9191212678
36678.2630896224
36669.1190770981
36678.2029770065
36673.1599783336
36669.5404248982
36672.6031374813
36665.7192085389
36673.1150856176
36665.2256812251
36674.443674014
36674.3293631348
36675.4069019451
36669.2070848664
36675.0368845885
36665.1415035159
36673.1691342341
36666.7136178403
36662.6013084231
36668.5912949151
36656.4677900372
36652.8299112607
36673.767517262
36662.8694549013
36662.3902609967
36670.2145172244
36665.9127552676
36677.077783206
36671.7793992742
36678.733629773
36662.9381696532
36665.0766396488
36666.5311146582
36672.8137830085
36670.4560633485
36669.2740545737
36676.1264642969
36674.8209968168
36672.0787626652
36683.5090367222
36667.562176879
36662.1365424275
36671.8764926427
36674.0733686449
36662.197154992
36658.469776446
36670.658837219
36669.4584918619
36667.9266590748
36677.8057995694
36674.4847899813
36669.384632338
36659.8881967229
36670.0961687345
36673.9051143008
36668.4992532659
36672.3780930038
36665.5741754858
36665.7359299157
36665.1809865022
36665.3320684115
36669.7405885515
36669.507272419
36663.9465430703
36652.1682785717
36666.9132526562
36677.249533107
36668.3877512621
36673.9349064242
36675.6556184761
36672.0329877761
36674.7206292369
36666.7525754918
36665.1040113139
36670.8713190481
36672.7101800728
36667.3028059089
36660.3029991988
36673.2084632514
36674.1044392608
36672.6390481262
36673.6374799677
36658.4626305558
36673.114566201
36658.8221631628
36662.5042685807
36668.1776906654
36667.3996165555
36682.9105982796
36666.9069702081
36657.8698414331
36667.929463523
36671.6351907182
36671.050843378
36658.8236348038
36671.9082093752
36669.7510076808
36671.7573437551
36666.2715952923
36669.8502905097
36677.6635868129
36666.0144415988
36669.5478539137
36675.4396607181
36663.8750670901
36676.7010953207
36674.7997425668
36653.9064836939
36668.0492107086
36669.0284241829
36668.7203990546
36668.8960285454
36668.6766941562
36672.1592120894
36672.3550680641
36670.8621870085
36675.1532128398
36669.6181094929
36665.3366964366
36674.2300639212
36678.2504659142
36674.415481706
36658.936507849
36672.2252666859
36663.2256029761
36663.5516475096
36670.8029976614
36666.9982050777
36679.4245505785
36668.4522156642
36668.4576189661
36665.5498316569
36676.8448597069
36664.3643783144
36671.1543020937
36669.5235184892
36676.1282038023
36660.5932713847
36672.3697452722
36669.1813961772
36671.2754854829
36665.4250051427
36651.4254953139
36676.7668985132
36664.8924517229
36660.9027731275
36664.8803717865
36678.0446488954
36663.9276771249
36667.9152723276
36682.2108834411
36661.2063134406
36666.6931590005
36662.8835781016
36665.2613286027
36672.2450418758
36668.8709672245
36660.124674402
36665.0995739674
36669.1406326308
36664.7354130185
36659.5918079807
36669.5169958059
36669.2582592597
36671.2070724701
36672.3866482147
36680.9007900956
36674.2636012069
36677.3522059515
36665.4935920785
36670.145006011
36663.174517268
36679.1120922323
36677.222950102
36662.2960601824
36665.7405575256
36664.2839977134
36661.8247722973
36674.8649836142
36669.3324469524
36669.7574704298
36667.994417261
36673.1273892709
36666.4586835851
36663.3361678476
36665.7563847418
36659.6847811683
36673.9806258842
36670.2904346581
36660.6227952393
36672.9007932868
36667.8257424069
36661.6262000505
36661.5532366088
36675.7097237487
36664.7637259002
36671.9840233159
36671.695374842
36668.32626993
36676.3960524504
36674.1041593172
36667.9930128414
36666.044062186
36674.0328948381
36669.4882496876
36679.5661382937
36663.9611692699
36669.8668838414
36668.0627054482
36673.1396664853
36673.6360993087
36671.1829277104
36667.6511742128
36656.7119156829
36668.9193935553
36668.8467803787
36666.2732770481
36661.3088088403
36673.8746881797
36668.3791739811
36675.9014703064
36663.2588533514
36673.1363175013
36668.1864121566
36672.9411155096
36671.2994240925
36667.1149287744
36669.1395127517
36663.8029291861
36674.5417162883
36673.2030602724
36662.5582220158
36673.6620059765
36660.1121187015
36675.5102669184
36669.0636923288
36668.3566335846
36676.4819216228
36665.973973049
36675.4287003988
36670.2821759582
36658.166324183
36672.6243394745
36672.0234268231
36670.1273438969
36674.8748526385
36679.9963935715
36675.847002665
36667.6522729397
36673.6080770982
36667.8903156775
36671.157150501
36676.1718372939
36667.7242037656
36673.8564165684
36671.2678794736
36671.6075305708
36657.6315346438
36672.1987916589
36666.7762923151
36662.4363586238
36668.3282370011
36675.9729910991
36675.6166622361
36670.7781722523
36673.4764503174
36678.3124495493
36660.3563974524
36671.6237741334
36664.2484838134
36670.2058108421
36654.7073939572
36664.8401827501
36671.36972914
36674.0961197443
36670.2996666387
36656.3883812448
36660.4390152379
36678.7967357654
36682.8079053747
36661.3037233034
36667.7979316952
36666.6105316704
36683.4106167856
36675.7447064148
36668.0433164253
36666.3161108525
36671.3613925794
36671.0341354366
36658.0616346047
36675.5847784642
36668.2530512482
36655.6513396016
36668.476701503
36665.1625819016
36662.0397220817
36662.5989101796
36665.8457929848
36671.5427546562
36676.3329895927
36671.0250179031
36668.6107972713
36659.6666661724
36677.2378489833
36670.0916205197
36666.4584979504
36667.8633240923
36671.0618006017
36672.1993580695
36661.5535624322
36673.6396674863
36671.5604222882
36673.3154664961
36664.106019062
36668.7395423763
36673.088305096
36670.0400060364
36679.7504302057
36678.0851889717
36671.7161285297
36666.8671838578
36671.5598082057
36672.4633205028
36667.8904423756
36671.7848374638
36675.0535171716
36667.8640828326
36670.9092355564
36675.7554364181
36673.6362576585
36664.2065622391
36665.5485576706
36682.3707261351
36675.173354477
36671.0967458706
36664.7726357286
36660.9024926772
36666.9384582758
36671.8333843813
36666.3705133086
36667.9893869659
36672.5302729576
36663.3217147353
36665.3249905235
36671.334577462
36673.9173213673
36669.902003456
36665.5671774988
36669.3951485306
36668.2243424908
36673.4809819784
36663.6737260418
36675.1837760061
36669.4834703775
36676.0132075781
36664.3460798017
36668.7537572037
36660.8205794416
36675.2117887566
36671.5142326355
36664.4154595587
36673.6357385265
36663.9475119079
36667.7518744329
36663.9017074463
36668.3186946154
36665.4436620969
36665.1456779145
36666.0931294763
36667.1183114808
36670.8311590082
36668.9291902742
36670.7989514596
36667.211927735
36671.1635917765
36669.6020797291
36676.876167953
36672.1970588476
36664.7544645463
36677.8404687748
36666.0867249439
36678.2395926348
36660.8957560497
36668.1943306719
36665.51784109
36662.7672097771
36667.199207382
36663.6139316465
36678.8585540188
36671.8440193684
36668.8813112757
36673.5749830471
36669.4889962646
36671.5473767671
36664.079100557
36667.9203779639
36664.7576146166
36662.6815203965
36664.5442156304
36664.8399484543
36663.6656570017
36672.7427358365
36661.7326394913
36669.0812352593
36667.3490805207
36657.9088226387
36673.6254133758
36673.4543131654
36667.9543607786
36670.5312822523
36670.8237828812
36674.0693154706
36670.6076125576
36673.4593358503
36675.233487293
36680.6480009285
36677.9095013881
36671.4532133196
36659.0691520285
36676.3026119647
36670.4684080648
36678.1532985511
36667.001662874
36664.8073977397
36672.8410161755
36676.5545952219
36670.5647423976
36669.4185955627
36662.7229374787
36667.5803830139
36669.1224149911
36674.8503790693
36670.7571742047
36666.9956526625
36667.5329966535
36670.3527710504
36668.8475672201
36673.5426598222
36661.4794947395
36676.1640666968
36676.8602458847
36673.9639507868
36668.6993989049
36678.1662097373
36675.3139464296
36671.8767817518
36671.1283805552
36667.710831202
36669.7604510683
36676.2080652475
36669.7186451282
36669.7165741515
36668.3022647238
36666.8082543731
36664.4461540211
36666.8231753956
36672.5399546662
36678.4943501285
36668.8098872613
36662.0558634005
36667.6956077438
36675.3165336763
36665.8760659949
36669.4433459652
36671.5928672147
36664.319018305
36677.1016850619
36670.0762834771
36676.6482147692
36668.5056412758
36670.1477090927
36659.5682788234
36669.352761988
36663.1971649663
36678.387615946
36673.5681753915
36672.2445309722
36668.0941102666
36664.2942195464
36660.7993400287
36671.542980166
36668.4527745705
36673.7615902391
36665.6908311482
36666.4880704098
36671.3760555313
36669.9295318561
36681.5852976793
36667.5682873507
36666.558115718
36668.8161811615
36671.3223128984
36664.2357244964
36677.1816103817
36656.6940294441
36663.8800421707
36674.1045923081
36667.7108631831
36659.8073322294
36669.5521842984
36671.3781683271
36662.3847532805
36661.646444326
36667.5559146086
36666.7598678391
36668.7297133873
36654.5069029913
36665.7275413639
36659.4905901862
36666.5943699284
36667.1893184863
36676.8849860018
36664.1627598947
36657.3594999779
36673.6353996113
36668.3877682861
36670.5144340453
36673.1819644748
36658.9300503955
36670.2119754815
36673.9859982255
36669.3640560167
36661.8278337853
36671.6528901305
36668.6436224534
36670.4828401867
36681.4542014276
36677.2299119247
36669.4892024757
36672.6536066419
36665.2432531612
36662.2951053323
36675.8383848422
36672.6997000813
36675.0310783573
36677.1864186907
36661.0124240858
36671.8545636861
36670.5853988675
36664.7284047297
36677.8388543171
36665.4040633028
36668.3844344791
36664.5031703549
36669.3082041916
36674.2862799258
36668.8202139802
36674.4048754472
36670.1863585469
36668.2776377776
36675.8625637766
36665.5268329018
36673.7011011919
36663.1723349116
36660.7075742185
36670.4114544145
36668.5939939042
36670.698903563
36677.866840307
36660.4837182418
36663.4710671067
36676.8694045075
36665.7683744207
36671.0938767463
36674.2330853334
36671.8155436984
36678.5954218971
36667.0116595086
36673.0981343737
36670.6260356752
36668.3958000619
36658.1334643715
36666.8587652115
36671.8930297851
36674.6129366145
36667.4687323143
36671.8326072475
36669.7109332545
36675.8118231215
36668.5536617547
36674.2736537918
36669.7686311778
36664.4719653423
36671.3948751487
36676.6741454744
36673.8704148822
36662.1644441789
36673.2239547964
36668.7093228594
36669.1834578181
36676.0900737285
36674.8125316065
36669.3112646244
36673.1403300818
36665.2435024387
36672.6460850353
36671.0201168689
36674.8077585237
36664.6107225536
36666.2609404918
36670.6057995204
36667.776324658
36674.2152885722
36670.5878736214
36668.4971474877
36666.5933273982
36674.3382256764
36676.8936682519
36666.0970917281
36672.0773819386
36674.2089749675
36671.7284625615
36663.6584909903
36667.7008988849
36662.2773752101
36674.4731942868
36668.938490574
36675.9877170519
36662.0448930302
36665.1929090812
36669.9598312271
36676.060036911
36662.0683696724
36666.4020790141
36670.1042258627
36678.3390485921
36670.9295495012
36668.2458243904
36676.2734785679
36678.4416022773
36667.0547326071
36672.0035203322
36673.4083474456
36679.3030076493
36667.5697023568
36672.4781953877
36674.8853735507
36670.4102707419
36664.2300035302
36670.6393221712
36664.6428884804
36674.033115621
36657.0687134906
36669.4297673875
36668.0595736996
36673.9879608752
36665.7889478008
36669.3204184483
36670.6802415366
36668.5205690789
36679.3385948294
36665.9084229481
36672.543410988
36673.4337578176
36672.6233423139
36672.4931388652
36676.5355211603
36672.2569016488
36663.717198173
36665.5273612044
36669.7267308175
36678.9846155979
36670.431311984
36669.4450553985
36674.7401237899
36677.166284684
36666.1628544256
36676.3744771802
36666.4120560523
36670.3221276109
36675.1437092984
36660.3047447255
36668.8272778
36664.3371751099
36663.7738649728
36664.6709550773
36664.6588292925
36668.5570222398
36666.5054580045
36671.5082684528
36664.4482158448
36663.4876606048
36666.2880488619
36661.3849581882
36660.7599906448
36665.2451775383
36664.1078285868
36657.7795624933
36667.8458513887
36658.4195000411
36673.7774082672
36674.0301428494
36680.1683458128
36669.7252355616
36670.1603400484
36668.2404891494
36665.8831592589
36664.9209310938
36674.2111148456
36662.0561324163
36656.0489798278
36668.9667161897
36663.7389150844
36681.2802846014
36663.5023364255
36668.4156629379
36659.5510507032
36666.9039427911
36675.8185886854
36677.4687946546
36673.4491561124
36669.2909497845
36665.3963131916
36666.0559951798
36673.8832500044
36671.505927951
36675.3739413294
36673.9388347492
36675.4296438897
36666.8128354395
36676.5521588761
36673.8172195341
36671.110124975
36663.7659825356
36672.3084911084
36674.6844744306
36669.3453422537
36671.3945025793
36670.2943995455
36672.4012467624
36676.1357825336
36671.2586845232
36665.4894869757
36672.383152065
36666.1848015504
36683.5276599508
36661.6866878949
36677.0905322203
36669.297267944
36665.3516618335
36666.6335532948
36666.8169490544
36672.2891825185
36667.58576747
36671.1218656928
36675.8931147927
36679.9294424054
36663.290690439
36673.7264387734
36670.8238620746
36661.8223986268
36673.8550348131
36667.6603904904
36677.3653637461
36667.1912380831
36667.3981269517
36668.1577785778
36676.2301579034
36668.738480442
36664.2051399552
36669.8193409397
36665.2175990263
36671.9022450757
36670.3569271986
36666.0559175164
36666.6680741806
36679.0818002436
36670.2328540281
36675.3901814255
36666.3273132238
36677.648729956
36670.6825304653
36659.2871967647
36667.9181748658
36673.1660632624
36668.6233011047
36675.5872514873
36671.1861885813
36667.4034498777
36667.8196527818
36665.0293252823
36669.4028987301
36680.5085230056
36667.0222015007
36664.9534633659
36671.0426286373
36677.5560404567
36669.1154322175
36662.0473865874
36669.3259907385
36680.0245990462
36665.7037472902
36663.4046929471
