36669.7253557538
36699.6183506202
36691.7663408442
36652.2493840384
36656.2268897168
36682.5479819295
36645.6155174216
36686.3636590315
36680.4610180865
36640.7116494459
36667.718707697
36673.6431047765
36665.7809653029
36651.9195092216
36699.5598375915
36665.1979033654
36685.9325483926
36646.166198685
36642.3655849657
36696.2573695697
36651.4535057614
36661.0096866977
36670.5637465739
36658.3790682256
36690.4721385534
36667.4709537072
36652.1498358526
36663.9628771978
36643.7841013669
36701.2542723337
36645.6149214221
36655.055666545
36678.8983150646
36685.1163284852
36683.9174412706
36650.8227521301
36662.1813410216
36641.7690544632
36665.8577685369
36662.5414740872
36691.9907265793
36672.9380554734
36672.7788403226
36665.9502147514
36683.3867290484
36665.903882587
36672.5629397066
36678.794867771
36649.2142971568
36644.6285430569
36675.6012961166
36662.7893264366
36668.2780917392
36655.2411685195
36676.9320866657
36656.5943458503
36676.6073097776
36687.7829774155
36708.2114466008
36651.1108625711
36664.8893466952
36671.9650399211
36688.860787589
36645.8967505885
36693.703461425
36649.7487980094
36689.8240483899
36657.0009370201
36651.5280487067
36683.8623193821
36665.9345786301
36667.5197842036
36667.0006340336
36645.7058695016
36636.6797237338
36652.4843259551
36690.6709031613
36653.4118614777
36691.5631519264
36695.4342444491
36683.4868647142
36687.2938676927
36635.2003743778
36669.3785094623
36639.9165021275
36688.5644205005
36671.7289828712
36656.0283144221
36670.3056475468
36661.8163403653
36658.9679468418
36699.3100432589
36670.5715300849
36683.8011989584
36662.8327617272
36688.3422685735
36658.2399465056
36682.1998174895
36662.6664675483
36653.9293235285
36668.8076851063
36662.2451248349
36703.9133074754
36684.4795980883
36657.2861328622
36672.3566230239
36656.375436528
36673.6335797106
36663.5974717336
36657.2015507555
36652.283172688
36664.8632894713
36665.2913206131
36665.4888205968
36676.306519027
36673.6952841272
36639.0667888457
36680.6967133022
36635.1529694628
36666.7525763328
36656.8371644311
36684.4614961419
36623.0156594189
36697.6035647001
36686.974435472
36649.1228315689
36647.2436156655
36658.5159506352
36658.1544771293
36657.3329307695
36653.969454157
36730.784309549
36665.3963460607
36650.4183429931
36689.2170729117
36652.4395532701
36655.1366908099
36672.1402650117
36673.9239541853
36667.9081874434
36690.2061429666
36655.0888264743
36677.2764753215
36665.003463654
36639.6036323706
36676.8300188818
36660.5056963047
36696.3021919224
36637.4172956179
36661.5891250105
36672.774167135
36643.3212149457
36628.8069923582
36632.3134725689
36660.8293768868
36660.4695320373
36645.8879517174
36670.6080823975
36622.1743970449
36685.1758364132
36684.8016214495
36659.632787902
36663.1268207265
36666.5207086305
36690.0051550214
36684.9954916989
36645.5923620435
36666.5287638788
36644.0961436966
36657.0129970738
36681.1678463582
36686.5707828424
36667.4793766469
36639.2291620003
36642.2193629685
36669.7687126802
36687.3962608675
36662.0800455984
36677.5295733474
36666.5481439054
36643.5303141886
36661.179656032
36692.8238120438
36636.8331439506
36698.5082979832
36655.4073767051
36672.3845089656
36690.539309541
36665.1116241368
36642.0639601538
36680.6048009513
36689.698633498
36673.5323526812
36640.4510124066
36674.6167793606
36675.0848515831
36684.9098044494
36632.534682862
36713.8600364627
36686.6630506873
36677.9702658914
36669.0769130962
36672.9336581678
36665.4416414559
36650.2459361682
36665.6512203288
36646.3477580889
36652.2244417795
36646.0926766815
36661.6731870327
36667.7316291054
36656.7142891722
36685.2481132387
36644.3699542266
36685.9863975149
36659.1912569256
36677.9890048575
36689.4873705247
36649.0979895918
36660.0356205299
36673.126901002
36674.6981697495
36648.9418313407
36665.5630164498
36703.307571217
36650.6209194668
36686.3785856767
36685.5685541196
36652.6415484727
36660.8616814648
36667.884160061
36635.6887465931
36660.0733912128
36678.6560429569
36700.1597227171
36656.62892714
36649.4202711492
36675.1868726902
36667.9112270286
36663.7302573673
36627.6315990893
36667.0212034208
36674.0987730401
36665.3942953168
36680.3255546036
36675.7940346848
36659.0449430354
36664.5553893624
36679.1517361367
36717.9552210158
36687.388718505
36686.7764084956
36677.3502047933
36693.1394950694
36679.038759706
36687.7556381434
36689.8314792782
36699.0549398573
36668.5663262778
36675.9942120746
36664.6630036459
36662.8625096078
36667.4873156216
36676.8197362576
36668.8368507444
36660.5998044356
36694.0242437946
36667.3408220604
36670.0156616103
36694.7259299536
36672.500776943
36690.6019525351
36662.0393338571
36679.132059811
36644.4995296137
36662.5959599639
36690.6202236502
36634.8927223029
36640.843653579
36684.5848622667
36641.2152402519
36682.0439590189
36663.6336029327
36653.2345957376
36658.8950215138
36670.9890584776
36671.6539368784
36674.0450640254
36687.4940858489
36650.3333150526
36670.6705971296
36642.3550967706
36687.7268196793
36693.2715564763
36666.9511889306
36654.7921604408
36653.1316354448
36670.9006603174
36662.6704827346
36639.6421536437
36678.0106891019
36648.5186302408
36668.0976397842
36647.5944611708
36685.718919249
36692.7914455081
36691.8539157071
36664.5495580314
36690.0642836076
36680.3719020689
36700.5993088045
36665.6112218726
36668.7092865164
36709.479354423
36619.0722649997
36677.283421887
36693.0900992183
36684.8290562994
36699.9589269773
36654.6441419748
36680.3463369366
36656.1897806627
36682.5980659416
36657.1709780891
36695.0810726963
36668.0181451508
36658.6938602797
36655.5058329671
36694.5505913332
36649.1141550122
36668.0599670597
36681.4206668369
36641.5154277566
36664.9111904272
36692.09770647
36645.5214622012
36657.9162920597
36628.1554366407
36693.7617739269
36670.2003445531
36650.9022061887
36662.5829931697
36651.7003648219
36677.8344984337
36695.7084454972
36638.5517370372
36666.8569445683
36678.8447308225
36662.5706728042
36652.1833057585
36664.2068518795
36691.289280872
36656.1291586009
36671.9589961524
36673.4559253117
36623.052903307
36631.705498117
36655.3079310259
36647.1569831987
36653.5415787776
36634.2616265341
36675.7117039796
36661.0927532628
36685.9603763151
36662.518152843
36667.1848176377
36624.5348538274
36654.2327238876
36671.2815726862
36684.6865505206
36676.2741452958
36706.5448291852
36673.2398073445
36688.944317866
36646.3532327336
36668.6410404406
36674.8713111125
36660.674199903
36665.1474083559
36649.2170790815
36684.7605997317
36648.6440436958
36686.7855085969
36687.9802761139
36665.8907800843
36658.1168496285
36667.6635652997
36656.6169330781
36671.7911340006
36671.5946621049
36659.3145445796
36676.1397053629
36633.7102252404
36680.8874770417
36685.8302651509
36645.4763752657
36673.9106726576
36678.6299906328
36700.6137425536
36692.7316303248
36663.9111797352
36685.0891822769
36682.4314894871
36684.9258270112
36687.4605966907
36668.2393585394
36671.9424444102
36674.2983814181
36664.6939021695
36661.9690692309
36690.5491547407
36653.6522605557
36677.497827557
36665.0636738499
36698.9475796948
36683.829743874
36662.6383829258
36678.8516849967
36664.9887126868
36698.7054711317
36659.6399000102
36657.8989486539
36665.0855183769
36641.6946481059
36682.1465879762
36712.021317672
36682.2603482702
36628.2758960088
36657.1549135291
36638.0277436541
36625.4219122018
36682.2408697708
36647.8014105204
36632.0301633411
36659.9673221022
36659.566735417
36667.3594045393
36666.1381207125
36669.0467962641
36641.9854642871
36677.9264563626
36647.8031995072
36662.5798016045
36666.9126597577
36640.4618523796
36705.6656401268
36688.6688360672
36637.3481622889
36650.4455458413
36629.6738158931
36665.1300050146
36670.8140948886
36662.001379514
36705.9813480315
36655.1370297289
36664.5415973392
36647.6169407781
36666.5310296569
36686.39477961
36660.0503582537
36679.7638977245
36649.4325942374
36673.560594647
36638.5014194275
36685.689228817
36682.6373238727
36694.5283743049
36683.3875760287
36681.9739479549
36680.740246149
36665.7454821388
36661.7877792101
36648.0640355532
36663.825194047
36637.2638617665
36686.7261260837
36668.2542862213
36659.3059156257
36651.0661691555
36663.7948684501
36687.7839955649
36675.3439086937
36672.2269084576
36669.1350574663
36642.7401729256
36641.228780617
36713.6769994526
36652.7352838322
36659.3955234503
36663.2657341284
36652.1979441432
36693.9253253199
36701.6822582926
36693.7851025047
36624.5449416711
36687.4813469798
36687.0798468687
36655.1268954718
36638.3786396002
36663.7671724469
36656.1445171921
36654.6820823014
36660.835307295
36692.3325890091
36641.395609494
36709.8738303933
36693.7307178964
36693.2334151133
36675.9887546362
36688.6586899608
36658.3704388717
36648.9308812393
36655.4127258816
36675.6565351483
36657.331213668
36685.8581576981
36655.2227867444
36658.5714758427
36728.925846379
36674.2327095323
36654.0020883508
36647.1020864506
36699.6726056642
36695.9585107577
36674.4670960853
36698.9900236635
36706.3718832385
36648.5449049774
36676.3936754699
36667.0119658599
36658.4662221649
36672.9701974148
36646.4734162237
36675.8083261851
36652.2044091497
36701.5273992199
36658.9087248344
36656.2805112781
36669.8445518882
36687.2823584651
36667.693489461
36643.7066845156
36663.2461448077
36648.1421489173
36681.8806370742
36676.6762624009
36619.48026992
36659.8848206433
36655.8699892285
36700.6885507277
36678.0809719979
36686.2695735863
36619.3908856413
36649.7997668565
36650.9753213651
36675.1652592529
36680.1657318895
36707.3043450871
36675.5717471439
36690.202774107
36677.9960249532
36670.5793487732
36687.0596416648
36683.3141454013
36661.9178535431
36703.2442930393
36676.7414797106
36686.411304898
36644.0871094049
36668.325926902
36677.0245050975
36725.4255675206
36678.5602985424
36651.2365522327
36706.2031531848
36659.4559006466
36651.7912229932
36680.5117063063
36658.6339515345
36635.9456687251
36668.2136077775
36645.4953470407
36667.4788503958
36659.3433285198
36670.9717238956
36627.8455913966
36690.3802556242
36661.0448656417
36644.9865493029
36679.4861583801
36676.8360429961
36691.1792965008
36634.084615927
36653.5812459785
36669.8911065979
36672.4945298103
36663.0826239667
36684.8791778245
36624.0954896122
36666.3764562981
36689.2957732903
36662.0661201712
36669.8251351384
36688.9511903503
36653.6220138604
36637.2313266573
36679.0646487666
36662.1589894344
36680.0549209293
36706.756675526
36688.13504382
36672.1949810882
36664.4522108001
36671.2587633522
36680.6941004324
36684.9004737629
36701.8693303141
36684.0233890794
36670.1971473242
36699.9327877881
36681.7741888921
36665.0699737093
36641.5060850964
36654.3555320676
36661.9130485819
36675.9808173952
36645.6681630084
36682.6257306098
36642.2112693301
36674.1165000796
36636.5917438856
36676.7139505928
36655.4122330303
36664.5299407403
36664.9249279599
36697.9167068856
36621.4962065198
36648.6880258342
36706.6406743398
36694.3381606855
36616.4179960814
36660.8487778713
36673.0771852077
36656.267399701
36681.5186371218
36669.7808508688
36688.0065327422
36641.6917371615
36620.9982060555
36680.8060861055
36691.6791919672
36659.7296674933
36684.5472983955
36660.0258593765
36666.1328827377
36665.7052832988
36685.1140786091
36676.3051285462
36662.3362269133
36658.3097047574
36678.099126812
36716.4021797127
36681.2918031194
36681.1391574002
36672.2529572254
36680.3871447345
36677.5346043053
36703.7418137703
36654.4033801675
36689.4545193291
36663.4624784621
36698.0653343075
36673.8848700606
36630.9725573059
36639.1771581505
36668.7670280866
36670.2606945863
36679.5294878757
36642.7203492362
36707.2859579824
36689.2188259274
36641.2302313007
36680.2923988435
36690.2812348561
36669.0486636126
36615.3433636349
36628.8270860506
36687.6535105614
36654.2946244969
36654.818884729
36658.1535799163
36648.0250050277
36677.7369524156
36653.9745569727
36631.1134682964
36653.3750663466
36684.8948892996
36687.6495747322
36634.7083075242
36677.3102538197
36655.472813459
36661.7619787771
36638.340543864
36640.4413111286
36655.8854325641
36654.6741118207
36698.051244469
36630.4444985268
36670.9029696835
36669.4700995079
36684.9285183029
36676.1269371254
36661.7448797113
36671.2546586138
36685.4746949707
36664.2501009555
36681.895518473
36659.3814774131
36674.1889863334
36682.5223813465
36669.6313203982
36677.3744002965
36657.5198003737
36680.1403505356
36652.3007484532
36660.3391725945
36688.6765276302
36676.1658679259
36665.4400831517
36688.7785369877
36660.047012459
36675.4286448235
36617.90696716
36681.3378812203
36707.2713947561
36679.333465787
36635.6694108814
36675.9194603993
36697.4174193332
36670.165918221
36667.8122100895
36678.6831956671
36663.5728366035
36612.7983448326
36641.3480956361
36705.8400377338
36684.1622977612
36646.5680608095
36631.7494929432
36694.7686461799
36649.0279465769
36633.4795482902
36649.7728080146
36685.6343274014
36693.3372258929
36681.3627949477
36683.609958433
36687.3759137576
36680.4829295235
36646.2372404892
36683.5953145208
36695.5287795015
36682.7572508709
36654.6324397292
36704.5967496549
36675.0408163908
36677.3129275609
36653.6795529763
36685.9290856309
36669.2772318754
36661.3594895774
36688.7234197113
36646.455469068
36669.5596682644
36669.2013456442
36670.1414949793
36665.6380734012
36640.2818033983
36680.9960125283
36700.6133898223
36685.1765239266
36698.5667054226
36659.0267824963
36642.0769685073
36650.9719709824
36668.5474736867
36685.7478684773
36667.5031488342
36651.4606915022
36634.4073011328
36657.8431413565
36686.9108687425
36666.121953599
36663.2425211142
36685.6861401625
36681.9784106839
36675.6185134031
36667.4809329641
36662.1486896479
36669.716097829
36660.3058489901
36674.8652619468
36640.6863322738
36682.3052765793
36682.4961181584
36652.8415881825
36633.4568546847
36650.331273065
36667.8393231991
36677.2804790426
36643.1230128671
36709.5852669413
36673.4539313357
36670.3759989587
36673.8806569451
36630.0570095541
36642.5589602225
36642.2047785669
36713.2342433179
36700.3042145544
36659.6869390527
36710.9791171982
36658.4610147377
36644.8211780941
36675.259698625
36677.3165347175
36650.1059700055
36676.625122631
36694.8121706707
36681.3032278629
36675.0418899044
36659.2970535699
36687.6114360972
36674.3928072286
36674.7775136628
36664.6717675811
36680.7559782158
36655.6253169843
36656.5907557558
36684.5962867302
36633.6908329524
36689.677452109
36642.704519583
36676.2023555567
36663.5882165962
36660.3135646549
36663.6306514877
36624.978996031
36672.3126505962
36702.9206020566
36702.3195058874
36680.1695771142
36673.8539603355
36677.0303271098
36654.2344860238
36637.5045021531
36644.4088693909
36679.44453756
36700.8197349176
36677.6145642703
36619.0357643493
36661.7474735033
36655.6206851584
36662.9273513999
36662.879570188
36690.7459902835
36673.3208249355
36626.6165310755
36645.0283558092
36677.0240377845
36674.1577765421
36674.2698534239
36683.7624202262
36655.7929184216
36678.6867470495
36685.6173807234
36665.719297777
36677.9221112003
36675.5296848002
36633.1572645371
36697.2269171227
36636.6696542516
36683.4416495987
36639.8760799391
36688.2000274586
36667.7017830885
36661.3334229383
36655.8443954767
36661.1831800238
36668.3980631238
36671.9846854794
36668.9402664698
36700.5970852996
36671.8615895178
36677.0045087215
36689.6139196299
36692.4245120709
36697.5100270201
36647.104633547
36698.0981822762
36639.7973959512
36690.0826052264
36651.1937661605
36685.1923058984
36655.7346081686
36646.121341624
36677.1513801643
36667.6181311249
36643.0872979243
36692.0060395887
36640.8750479515
36645.4374326883
36670.4500425658
36676.6058839674
36701.5498599812
36642.2661762481
36672.0340876154
36657.1150086699
36679.6298060151
36665.9193912795
36618.229449508
36649.8545187361
36669.3822532447
36677.0467981943
36676.771947808
36670.5973901806
36678.4357164067
36633.9537990736
36686.9671218724
36652.283511028
36665.1381103889
36684.3383320379
36685.1917589226
36673.1686284674
36625.3378581342
36659.9928858236
36687.3030762321
36667.1992840417
36705.6554063426
36607.5823696016
36700.7501058744
36681.4956950583
36626.6161654858
36676.5289386634
36674.0261082641
36688.1346824764
36663.6631797599
36689.0390724544
36658.4845440773
36679.5886417758
36654.1731192398
36706.075028549
36653.0789210934
36697.5330116738
36685.7392535045
36657.4398614783
36694.8344895607
36668.7647352604
36652.7941054227
36667.959708702
36687.8940593193
36673.6512152125
36661.6541168828
36660.3231174845
36674.1780815111
36681.7695057704
36680.8883340572
36678.9042351129
36657.9270349593
36668.4089220537
36647.4639182628
36660.2543777721
36663.0068909131
36661.5894400369
36680.6786963432
36629.7994508374
36700.2542116015
36690.3020776129
36674.5136460286
36666.2331251306
36682.701171263
36659.6108638925
36673.4751954053
36666.7945725014
36629.1637139755
36706.3306640324
36679.2311421056
36703.3914103267
36677.8630902265
36635.1404431681
36705.5694169161
36657.3342336458
36655.2118681511
36675.2579183376
36664.1734574641
36657.0491479433
36663.5044012983
36656.992355621
36681.7113636374
36659.7494953971
