36658.9838691445
36653.1491761029
36662.008211549
36648.8549263743
36663.5946188713
36656.8905841599
36661.304144342
36656.0958721241
36660.8810204874
36668.0049965176
36664.3839089789
36665.8648478873
36666.0094450544
36658.5085334736
36661.3561855521
36662.0339441565
36659.0075524222
36669.1246731233
36658.0258179467
36663.7107952588
36656.7748051047
36665.895611975
36663.645506231
36657.8653897501
36658.4342317874
36666.3532859413
36657.4262302093
36659.9044340253
36659.7573631246
36655.9622080224
36659.4438255102
36664.6203586687
36657.1514827868
36657.9061817066
36661.0269457962
36659.7448833097
36670.3772892007
36654.069806746
36659.0631408097
36660.698803266
36665.5204253549
36645.8431200881
36662.3796223701
36658.4211184352
36657.4779075333
36656.943988118
36658.9662085345
36656.6269464487
36661.1914774861
36657.7163514193
36660.9125780728
36662.4379241483
36654.9204526578
36662.50132966
36664.5397865539
36665.9973056539
36661.6893388385
36660.2691822776
36655.1525761149
36659.066733643
36658.0855255224
36654.4770391007
36659.5779974534
36659.9712208434
36663.0677194483
36662.7916642065
36655.8434332453
36660.6061000387
36656.5622479068
36659.8134555274
36654.1915486991
36655.3863497498
36657.6188443977
36655.508778531
36654.9465566721
36656.6651415398
36664.2709446849
36661.4853814618
36653.3341876577
36657.9487566586
36657.8563569405
36656.8752715889
36658.9270579707
36656.4680827835
36657.7035076386
36657.9989035342
36655.7190310952
36667.5217840112
36657.0599573477
36650.84864411
36665.3100094465
36660.5405959397
36660.7021860371
36668.1488262416
36662.4932691593
36666.7605672608
36661.4077736373
36659.8174042115
36660.8341563345
36656.441171354
36684.5175430088
36660.9617544481
36663.364184857
36658.8521315836
36674.7623861632
36657.0287732697
36654.6330396928
36661.4338379987
36657.6830630893
36658.1677476032
36659.7458578758
36665.9106577299
36658.5539843569
36659.4409703444
36662.9443033536
36656.9889271248
36666.6398026326
36656.3566493161
36656.5092624638
36656.0135677755
36663.1577859192
36658.3091751818
36660.5320937468
36660.0304077333
36653.6261687779
36661.5672835349
36659.6097058447
36651.5362725595
36660.961747637
36661.1884873814
36660.0791156854
36661.6762586832
36656.9734363306
36662.5793792822
36662.4734482782
36663.8534420943
36661.3243715161
36659.1659179271
36659.1421713531
36655.4415730099
36663.3204895778
36655.627517071
36659.5497542612
36646.6440581479
36664.1292700465
36661.1382187081
36660.1394662685
36658.8579841469
36664.0607665053
36655.5883207157
36664.1182990785
36656.0828844258
36665.0432627494
36662.7710980343
36654.2453668376
36666.0528677785
36661.4922972376
36665.084627093
36661.8477253408
36666.1525052987
36652.4370968006
36659.6513882795
36651.8077337636
36660.3547458947
36656.2949367639
36661.9917417189
36653.1451217705
36659.1729642162
36658.0173549383
36655.1371367296
36663.9052742904
36661.6280736444
36662.4850272935
36659.8210969623
36659.6720815162
36656.7684652004
36661.7241555403
36655.4733461375
36661.863270655
36660.8321188882
36667.6357428493
36661.4084143559
36658.131749052
36658.1196047447
36666.3751312753
36661.4453675269
36668.1559835243
36658.2876710762
36668.481395066
36657.0298298488
36659.7268568929
36668.2637538289
36666.9847269639
36661.7490717626
36662.4592391384
36657.6367743185
36657.3300453306
36659.1555398966
36655.9034446291
36661.033968128
36664.3491568822
36658.7538230707
36666.8275101862
36662.0579143167
36658.5844599753
36654.5951281679
36662.5321660493
36660.2773392608
36660.2838240908
36658.6620015528
36657.5780273633
36661.1544095349
36661.7097580404
36658.5240946845
36661.079738542
36659.317022409
36660.967204635
36661.8296305616
36660.2917558939
36690.2517353183
36661.2758055665
36660.0818222666
36664.8813538341
36670.9112022176
36660.086282936
36658.750743587
36659.7939534358
36662.3483611744
36664.643166047
36661.1197957684
36659.7545760985
36656.2676184287
36660.9424704387
36664.4719256621
36658.0125708946
36653.8930178301
36658.6798959384
36659.5242078747
36657.1515715994
36658.3190001061
36656.5113832044
36654.1895163452
36657.2597798522
36662.6655548328
36664.1932483875
36653.9896385753
36660.3010403988
36659.1470710967
36660.9449047598
36661.0733380819
36655.1840024355
36661.3524647963
36661.1715382745
36655.8346898862
36657.235955752
36660.5044063043
36663.3902750288
36663.5063625129
36658.6446619253
36665.7277360746
36661.3286843865
36660.1128592158
36667.906509008
36662.8387768946
36657.5233342956
36658.9842273563
36658.5828622409
36658.957477979
36660.2940335057
36659.6149622961
36660.9704674455
36661.2362026033
36667.5929532785
36655.2824197216
36660.351670324
36659.6159891461
36660.0230465029
36663.452182112
36661.0301159824
36660.4742588334
36661.5808208447
36661.6078880985
36665.6971816655
36658.2493848597
36662.7522336817
36662.2420255716
36664.8092034088
36658.2465488061
36662.2556664491
36660.3054265223
36666.7224132626
36659.6431845913
36653.7549685519
36659.5584235576
36657.9467038776
36651.2132068809
36657.9299860589
36664.785514063
36661.529220512
36660.922273889
36661.1110774788
36653.9122459724
36662.0914459417
36656.4336000779
36654.3159803851
36655.0211661546
36658.6549448161
36658.3836674062
36658.5314888246
36654.0003980398
36663.6410453169
36658.1487539313
36667.8190634655
36657.1932417716
36657.4714861788
36660.8193774255
36658.218438178
36651.9585133232
36657.7350832816
36661.275534397
36663.7988802637
36659.8335753934
36668.0937531725
36657.609825874
36659.7924978134
36660.3137701524
36666.0677519712
36663.7932241482
36663.042721416
36654.9030597262
36659.0937168285
36661.0654842107
36652.4710546337
36660.2119002704
36666.2810789663
36654.182373685
36659.7002587132
36659.6881963722
36660.1547105833
36662.633043515
36661.1363699274
36659.4656225671
36657.0353646769
36659.7625568145
36664.4046337441
36659.4675725971
36664.3063614347
36668.104514509
36664.3118802017
36657.0996185488
36656.6899689546
36657.9608081317
36664.4409294164
36659.8538807342
36654.9852259259
36662.3975618256
36663.4679523317
36664.4905762398
36661.8261713727
36658.8030312582
36656.6604291118
36660.8476446286
36662.8688246424
36667.4121983191
36660.6482980595
36651.2579098101
36661.2074262892
36658.6387291714
36661.4903798037
36664.479193639
36670.3505739156
36660.8811071171
36656.7415175238
36660.6581889391
36689.2139290171
36657.1989109942
36654.2400908008
36674.2801544311
36657.0186394122
36660.4109540113
36653.3973709566
36659.1787942733
36663.9094465134
36665.1345289994
36658.3517715274
36658.2528528849
36656.7873348802
36658.0083833455
36659.914208113
36653.2433263364
36662.123271473
36661.8419211779
36664.1375233357
36663.7878814299
36660.2591671475
36654.6727340389
36660.3881264639
36656.5661962603
36671.8250077618
36655.9311964413
36660.2188020055
36660.50538992
36664.0731565379
36656.7814549397
36657.5855796509
36664.1442102257
36659.063642612
36661.5422700096
36659.5746929829
36653.0629992694
36655.9545126854
36668.1431980502
36659.8180087464
36660.8465710169
36655.4299918408
36664.3895121304
36659.990986126
36658.9179791881
36660.5621752477
36673.2323389359
36664.6212532845
36657.4105330657
36658.6725404605
36664.1896456198
36657.3873807592
36657.6635627436
36656.3418750163
36661.3423938188
36660.053007042
36662.960596536
36663.360400438
36659.2531150045
36663.0257816712
36666.4209729261
36660.6192554408
36656.7855917289
36662.3209757654
36664.2562843537
36669.4751331398
36660.8807415688
36658.6588847332
36660.6770912881
36660.6939950029
36662.2246679657
36662.1162590598
36658.713561389
36659.8279684173
36659.4457081084
36659.0823560676
36654.1651734805
36658.6624223344
36660.7956704462
36661.4283395287
36660.4867387496
36660.1931173119
36659.7548773008
36662.7420007246
36660.7167444497
36658.5013509285
36659.3349950595
36652.0605975486
36656.3311539509
36656.5683689611
36654.6009183171
36656.0878607486
36658.9096016997
36658.711561805
36661.8861946849
36659.6917640307
36660.5666795762
36660.3307559591
36658.7039011904
36660.2744195936
36659.5153463353
36655.2006643254
36652.6158737571
36662.610721709
36652.5808195846
36658.2241247212
36657.3554619407
36664.7663226172
36659.4693427383
36657.8038349704
36659.9854458081
36659.8425932485
36658.3564343373
36666.6759098824
36660.1541212475
36659.2931568015
36663.621179525
36653.0407308154
36659.9541461643
36661.8749895691
36659.3280884117
36663.5928392726
36659.2322093478
36661.5496860081
36663.6448830922
36660.2185476933
36660.3612283051
36655.5495815391
36665.7227507198
36662.2725975985
36658.7574831495
36658.2744096552
36655.9130758821
36662.7891782546
36662.3654482503
36666.4221523178
36662.348688705
36661.040584258
36655.4444473856
36656.1972384128
36661.8132171169
36658.2589990776
36659.9185324226
36655.9157495542
36661.6734557544
36654.9774968228
36658.6950547655
36658.5074395328
36660.9332022285
36665.5395769988
36670.0595289158
36662.7511630889
36656.0717820842
36654.237466753
36653.1996947308
36661.6197767338
36660.4154120957
36658.9171743282
36661.5645020272
36663.0841552508
36666.8507341513
36668.8719552405
36659.288480945
36659.3311231255
36658.3570857302
36662.2416518129
36668.2367941807
36664.5060913015
36661.4825205498
36660.4492474304
36658.9546670736
36653.8813978968
36658.5860055791
36659.4158374128
36662.9215841073
36684.2920709067
36657.799393682
36664.9061486946
36659.9930336354
36659.046705181
36657.2154480657
36663.4721571148
36658.6565322416
36659.1818181652
36656.0911781104
36655.9827439666
36659.3526303864
36663.3405475821
36655.8284001149
36660.4206886276
36661.6486029332
36659.5988686034
36663.954213399
36659.5337334894
36660.2052538827
36654.6491209272
36657.8274677807
36663.076126348
36660.4302738051
36666.3743283917
36660.479250745
36657.8044556062
36657.8779690556
36656.915915051
36654.3046868032
36656.9700100209
36657.7836086075
36659.4641805114
36664.8493634976
36664.1841300526
36662.7836104931
36654.0792711807
36661.5897389434
36663.744735123
36654.7810235945
36654.992770364
36659.0017218295
36657.6958441836
36670.7683076178
36659.8720113109
36663.9258316655
36655.5762679704
36658.7793188406
36660.6853641584
36662.1316887824
36653.8431598936
36666.6099307376
36661.4835339066
36658.130367583
36651.0513141793
36669.2442756365
36661.2669047312
36661.6190057735
36660.7315202685
36656.9175609318
36655.6318558223
36665.8300411889
36661.4257112284
36657.5876970344
36659.4874997064
36649.6777099205
36662.5302184026
36661.177289377
36666.7874376074
36659.6470061211
36657.6611809255
36656.9895022245
36659.1998013084
36652.0744899799
36661.8108386499
36660.3407044229
36664.5400595442
36655.1331243273
36656.210246873
36658.7242404793
36688.232117094
36659.1110120885
36663.4464228922
36655.8420963504
36660.1990003392
36664.8138719467
36666.8214336219
36658.0968308868
36657.3305956278
36662.3041662448
36657.103578285
36662.4593320349
36661.6677511806
36657.2459653292
36659.323774822
36664.7287375995
36661.6295919327
36661.6842024442
36667.3310423738
36663.5243338016
36659.8778831205
36659.4670927282
36657.1051426195
36661.6143622858
36667.0005084458
36681.7510969517
36666.2191670995
36655.0516865162
36661.4427822735
36662.9811729223
36667.5873335138
36663.9646284478
36658.4801727778
36657.2483287082
36660.1667694821
36664.7009985249
36659.430754618
36659.6979510969
36659.5285803024
36663.9486577693
36653.0412755946
36660.4713059853
36663.9012382099
36659.0561419305
36660.3429580159
36665.6905374135
36665.0449812663
36652.981003305
36654.5361183236
36663.083924719
36660.5770647141
36651.1000236831
36659.6210791445
36661.0208807642
36657.8212927335
36662.4830931913
36660.8973528115
36656.9253225007
36658.1462068257
36666.2455455115
36660.2276274268
36659.9028472412
36664.4277924976
36662.7419806261
36662.5937957028
36665.0183475724
36660.1549454674
36664.2917191434
36656.4120428317
36658.8180699342
36661.2350590623
36660.3170308916
36664.9231615494
36659.6041790348
36661.5153619641
36662.5462346722
36656.109781799
36653.3538969235
36658.5516932743
36664.4355038564
36657.8066093378
36663.0638441388
36662.645249416
36655.5131255646
36660.2084884366
36667.3907362804
36661.4115491189
36662.8751493459
36662.4315046906
36657.7422833196
36651.5355518436
36657.9770896002
36659.2980172066
36659.687133878
36665.8914102908
36657.2163598198
36661.4242861468
36651.1624067548
36658.6717479276
36660.0636363923
36661.2986925431
36658.1485436576
36661.1486281122
36662.9062197025
36662.1117527852
36665.9879218992
36661.6191406166
36651.9497371062
36661.1842890816
36660.3325872839
36654.130843321
36662.219472379
36663.3311513679
36662.2079562846
36660.8658898812
36667.3933033786
36659.2500502395
36657.9073493958
36657.2392906814
36657.8857629858
36656.4909068451
36663.9112380583
36657.8440548756
36664.0801817865
36661.3648153357
36661.8990568197
36659.5628159718
36653.061505606
36671.2236939739
36660.8225263208
36655.4962770277
36661.9328539359
36660.362403605
36657.6568759273
36666.2500691518
36661.2399688966
36656.6192239626
36659.3124006727
36660.9923418809
36659.8314435795
36658.6971325655
36658.9749304034
36663.65159699
36661.2352902713
36642.447255661
36652.1632599832
36659.5271507652
36660.3034615085
36657.0398992995
36657.9252913435
36663.3626281629
36657.9401211482
36661.3057185404
36659.3307451499
36662.4111057938
36660.1973032599
36649.2372406944
36665.9304351771
36660.2209484509
36655.4003858606
36663.892960837
36661.2156256885
36651.5666625246
36659.8257321836
36657.5797788954
36663.5200499293
36659.7015464851
36659.3598009514
36660.7010804481
36662.3735172582
36673.3330340098
36659.4686153247
36657.3118995231
36684.6862461103
36663.8918660501
36663.9154229556
36653.363101211
36657.3221163086
36658.2555915251
36663.8981178865
36665.2298066002
36663.6848820786
36665.0220546365
36667.7163883676
36661.3103192492
36659.9104759401
36674.6285470917
36659.2330538636
36661.3196851247
36654.5201365003
36656.8018745485
36659.5806743084
36658.4580281324
36666.1541273274
36663.6590149686
36659.5133566017
36657.2186226018
36664.5591013195
36656.0550382914
36652.8547537673
36662.595499425
36656.0367371585
36660.5036292107
36657.8763195984
36656.3256690436
36657.2628579645
36658.0030739645
36659.9973374521
36668.6270932465
36659.7722045136
36665.0096987544
36659.9465616045
36667.171113842
36662.577075749
36659.7167437798
36658.6773478794
36663.8488181807
36659.6874013364
36658.5365822687
36668.9963485054
36663.3519823677
36658.4777715692
36653.9322052793
36660.6663832298
36660.2331655182
36670.7993146168
36659.2366596178
36655.897535376
36654.1916499402
36664.5394057448
36669.9671777694
36670.6738375862
36663.3892109578
36672.201666479
36653.4601985377
36658.1436485993
36661.4231545504
36656.5501949179
36657.727365061
36662.6997706255
36657.2713423739
36662.4022635812
36659.918849669
36658.5449122885
36653.8665123697
36659.8951308625
36655.5762705085
36659.9701445572
36656.9563392371
36663.5164346787
36663.9169872581
36656.2235855137
36668.5018396956
36660.0803426914
36658.6955855236
36659.8579157454
36666.0719696939
36669.0494594461
36658.9306782868
36665.4878881776
36655.720190251
36646.3443151106
36659.8335669109
36659.4101718514
36650.279646613
36662.3159794135
36661.7291798218
36662.3636246973
36657.336099554
36660.8127554554
36658.0419793273
36662.8957709585
36657.5081031514
36669.3903221625
36666.0400624114
36666.6650684715
36659.142973869
36663.6646115229
36652.4240325155
36679.1020650423
36662.6250301349
36657.8433849788
36655.4242782947
36663.2226866367
36668.8366049203
36656.2925442668
36667.7837385869
36667.1066105987
36663.7938142823
36659.4660511713
36659.6519336431
36655.7871208085
36658.6999494816
36658.5420611477
36662.7348109421
36658.7666637222
36657.472811122
36658.4388752398
36658.3577106085
36661.3360079465
36662.4190198956
36660.3051768931
36655.5590236328
36659.8465596829
36659.3645602935
36669.5055520728
36671.1333052669
36664.7189797493
36670.4250945533
36652.7201549702
36661.9075986829
36657.6908213646
36662.1959120964
36656.7185688625
36651.3483041385
36657.9974624602
36663.8601376724
36662.7343713005
36664.5542019727
36662.4395323262
36663.7093095305
36660.6894620508
36657.0851845424
36660.2273746502
36656.5644407014
36662.5521464938
36660.8767669894
36652.4778484545
36669.8986939744
36655.0638249459
36659.1193777089
36658.5303683632
36653.91670126
36665.3647821813
36661.3033189647
36648.1183543571
36663.8902958605
36657.2069785351
36664.6882024172
36662.476377764
36660.409796291
36657.4957641512
36653.9367515538
36663.0659015737
36656.8331474697
36671.9977531383
36652.001139762
36661.4786087277
36659.4381935428
36659.4151611183
36655.6405971922
36660.8445677319
36657.8229362066
36664.7145814941
36668.3424588148
36660.6288660401
36660.810656514
36660.9849856441
36660.2566573625
36662.0658288612
36656.6374072128
36665.3436954386
36655.4301643312
36662.2048196292
36662.9326777109
36660.7482457395
36665.8737270487
36662.3715173762
36667.0851096119
36664.5062108635
36659.5419289911
36656.1326731757
