36663.6719655472
36712.0479525535
36729.0501633004
36648.0694006627
36696.5634621527
36662.5191387895
36682.5218137859
36669.2474995098
36645.1866764771
36678.2421363188
36671.4365259934
36688.1698336245
36693.0802388232
36707.6707958765
36656.2288436707
36682.1546839085
36666.9149125058
36689.4811871007
36673.5036159747
36663.6226980295
36701.8894448394
36682.2977457379
36695.773233424
36669.1789863999
36660.2434054753
36712.0423874615
36700.3716463922
36646.2180717063
36695.6702578092
36705.0731179596
36687.4979713946
36678.8227479321
36686.9103829932
36679.531989805
36664.0777079506
36693.4087043056
36662.7433531923
36689.072278577
36680.3437198073
36670.4372293488
36684.3724908236
36699.8372525484
36708.5090890459
36698.062968243
36686.5270256876
36674.7098052204
36648.5261508529
36664.095641105
36660.5553106833
36665.9937588127
36667.2479714428
36679.1401391136
36644.253372781
36681.1269636626
36674.1470655464
36667.554869424
36687.9821231221
36664.3767182804
36689.075603581
36679.5012342836
36698.9640007814
36684.5523864948
36659.9069636651
36691.3594996562
36689.7060333947
36660.2604182411
36677.352713171
36687.4755327497
36660.7457916906
36673.5639743166
36680.686297095
36663.4773889846
36647.9654024835
36690.8692799718
36699.4604234377
36676.8541653963
36697.2768937802
36671.3899858551
36729.4058639062
36651.4686581687
36703.6103116915
36654.1142750233
36677.5123361055
36675.0645089605
36675.7019556562
36657.4007550248
36675.7127356613
36669.7509372803
36684.1832163663
36669.4630086377
36665.421280708
36677.0708830085
36676.2742803333
36668.7425580088
36690.4449469838
36693.8687407043
36673.2960274142
36648.7313952325
36701.6990566403
36682.1067055303
36690.0543060966
36666.3076161187
36686.2340516742
36702.425595999
36672.7439654004
36693.757252178
36653.8131974329
36700.6907121126
36679.3027050647
36664.6712894387
36672.6373465413
36664.9641277771
36701.0439494453
36647.2414791663
36671.1325256802
36700.126584269
36696.0519674105
36684.9833526799
36676.4811385472
36656.3085433018
36693.0067570594
36661.0948446331
36671.966175336
36669.4438264922
36659.0015611512
36680.1532360979
36667.5741620487
36694.2536002419
36669.260188584
36689.9480546023
36684.9552403636
36664.5913939361
36663.8921719137
36712.9380121872
36680.1262454521
36675.7264479021
36713.9957387968
36688.7455105508
36707.8586741978
36684.3154470437
36681.439592722
36706.3788141262
36681.4663818155
36668.5749561617
36664.3155343377
36680.4593224158
36650.1650103109
36699.3678655461
36659.9860672513
36687.7577244835
36668.6748619847
36675.3029236489
36669.1912837895
36680.7517084499
36653.0221715254
36698.0621731982
36675.1856741445
36659.415374036
36663.8337690244
36672.6927346846
36686.7219448599
36683.9162470611
36644.7835779291
36683.6032427568
36665.8737401235
36697.2087050711
36657.3898150707
36667.9513557443
36690.8289122751
36682.0349319403
36698.9090282552
36659.953778566
36731.9508561083
36677.92452068
36627.5996882088
36686.4685601193
36704.529756793
36683.6477212959
36659.0561960372
36665.3535548762
36694.5725453102
36678.1422143134
36694.763314056
36681.3585622308
36635.4453515551
36715.7397663934
36676.3584401239
36692.5238368272
36678.1183533136
36671.8117752159
36705.518032661
36675.0756585146
36650.2922072114
36668.3391769285
36708.1151600627
36648.5544624125
36681.423325009
36678.4206739945
36705.522126435
36692.5284505549
36661.7705768506
36678.9891288915
36679.7889396802
36660.1811745143
36669.7578615102
36660.6019982507
36667.3345299042
36703.0246889734
36677.9524390743
36676.790513356
36663.8839336032
36687.6983794105
36696.7773570918
36663.0422248783
36689.5501473071
36672.5363412369
36664.3369054828
36722.5064265425
36692.9520321516
36697.7881614434
36664.6980658583
36664.8993347303
36693.8578436605
36693.5638898315
36690.0142281142
36663.9755969878
36699.015786085
36672.8639616773
36670.7539161295
36686.4128244977
36650.8042032211
36680.6862408644
36682.8513657437
36666.0173800543
36707.8217759113
36683.571825899
36651.0163407841
36688.1770891383
36662.1682507972
36682.5445278499
36647.1440306515
36655.5096108325
36686.2560410432
36710.0644695373
36699.7350146913
36690.2581339198
36669.2159318808
36682.5345527307
36665.7691954218
36697.5305608845
36678.070066335
36660.3758924879
36686.5159721935
36699.4830839454
36656.958181348
36666.5796901725
36671.6499035502
36615.5509625607
36671.9054035598
36696.3209031773
36667.7087770574
36690.055308088
36660.7430706216
36707.8313990131
36689.5956198863
36664.3710819229
36698.2804331352
36680.897044942
36685.7774864465
36676.5743146119
36695.6068371669
36657.5211869126
36691.7649030927
36690.0438142265
36695.0234189331
36696.5598479646
36700.4150374714
36654.4504556384
36660.9382113356
36713.0079612715
36660.9297907699
36698.7820158744
36685.9445319695
36697.2449056265
36718.107903094
36688.2989706909
36676.2011736656
36697.4843293415
36694.3110930784
36690.4910506254
36677.2761504908
36685.4700379998
36641.0722844506
36653.7371718163
36652.5895925605
36655.9099376772
36680.2955067035
36658.3704217248
36697.401120988
36655.4421365235
36693.6292442144
36701.8006797219
36672.0480158593
36688.2028895026
36666.0759370144
36664.1095772804
36673.2367064072
36670.2337904155
36665.3559734619
36685.0324697409
36719.791894744
36678.7565726422
36702.0153314269
36624.1028248748
36700.5007422213
36699.8195990685
36701.9967583542
36689.8407175631
36655.0572055339
36694.2714266706
36698.3909570187
36672.8535062777
36666.4076925509
36642.5745512471
36721.9322262211
36674.8485444155
36711.8980964782
36714.9488375175
36702.1023828449
36655.0036572215
36682.4672180528
36698.966376599
36675.864073026
36658.2105956446
36697.5246029667
36684.7196065982
36673.0560697426
36684.7835178121
36674.5012979937
36694.4154433919
36658.3542795973
36666.6573906121
36655.4543499548
36689.1061033584
36662.6358931039
36655.0727333856
36685.5366934292
36680.1213119205
36683.2677290995
36727.3214373578
36692.4227925774
36688.5493275374
36650.7780178615
36678.0355116767
36661.9039910878
36667.6332803069
36699.9583006286
36659.864876897
36692.4568215922
36678.42733398
36664.6494768546
36697.9973198745
36659.9851236384
36694.3473580826
36644.3154976411
36665.4101830995
36676.9789609787
36676.013609248
36679.5719023747
36646.2640000062
36694.1728717563
36698.1139580938
36673.21420244
36636.6856622131
36701.514066249
36703.8182969398
36695.3466019792
36700.8244522435
36689.3005218488
36695.8683295744
36666.2042184185
36706.8311493064
36693.8506087466
36687.9498283769
36672.0196789873
36657.9171565114
36673.3251683262
36676.1573976898
36722.5539369459
36664.8733156576
36697.8855670553
36683.9816400398
36698.4892283338
36705.0160868917
36706.912720103
36665.2895082922
36637.28923021
36677.281084493
36708.4766248269
36698.5012023285
36679.3796651551
36624.1561900637
36661.1900233397
36634.3116311968
36720.5603598273
36681.8565238518
36675.3501263169
36645.9150356352
36725.6440374152
36691.5897553088
36689.949283881
36659.6073339374
36689.5841408484
36710.9616506047
36650.5689693055
36662.9003342867
36704.6535307795
36692.0437018012
36655.5352213076
36693.6639785583
36692.1243147089
36691.7463940677
36667.8799860925
36677.9231949866
36704.900687974
36723.7866180422
36682.7830964188
36686.8683819595
36697.9474552738
36659.5259374552
36674.3679777786
36674.4023900307
36691.9793709868
36641.7982577406
36667.688178042
36667.3204599466
36691.3412557474
36675.0678585979
36678.7150447305
36650.2503944466
36719.4460947679
36635.4930929891
36639.3801035026
36644.6492285305
36698.7048335808
36683.3926725042
36690.6769347768
36681.1869225195
36642.9857251067
36622.741976667
36661.4174318033
36674.708848005
36671.9317449497
36687.4270760656
36669.1167944277
36679.8530745885
36703.9973550593
36677.7316734046
36658.4145666089
36703.127551183
36699.5135715101
36694.839311358
36712.8429098127
36670.4247533533
36683.0226611329
36686.9213613033
36679.3658207441
36716.1204146027
36674.8758907941
36672.6178992018
36707.8830629463
36678.0447015757
36695.1211121613
36710.9671706938
36669.6496375026
36690.0853834871
36686.3347155291
36702.5043326097
36656.0473059979
36650.9156576429
36684.1577280222
36663.6110631349
36687.3612503048
36670.0759037983
36696.2166403898
36696.7498226991
36694.913662039
36687.3443389737
36705.8877628974
36686.6696292353
36642.6926036549
36666.2006037877
36624.3813221199
36678.320735979
36691.7914816896
36690.0209202608
36663.2763949337
36689.6071961473
36691.6847409789
36692.3074566248
36680.9103009042
36694.0307349136
36684.329275159
36689.6436096188
36628.4269203601
36655.9508703815
36669.4953868771
36656.9248280641
36672.1054622164
36680.3430307001
36654.7332092094
36685.536734187
36679.6193994265
36676.7588048989
36662.7224386265
36696.3950018577
36635.0935345707
36619.5232310199
36708.8132341842
36700.2447444285
36687.4760408889
36631.6893421867
36686.2817460867
36671.9559230669
36652.0320326674
36669.1328512034
36701.6675628952
36670.9760835346
36674.9031941723
36679.4988668947
36660.817324764
36695.7079284399
36675.1671956337
36676.639256759
36706.5938646069
36698.3459949002
36659.8966926527
36709.7408695213
36690.9968093575
36701.5697877548
36684.9562997227
36716.2112244397
36666.5724292127
36662.9808244816
36631.2886789858
36681.8580696428
36658.1180085177
36686.2472144365
36657.2418959459
36711.3337910739
36709.3802296478
36672.4930141938
36671.0554704324
36674.2452887929
36663.7211409718
36676.8861560534
36662.202326466
36666.4435973434
36650.0198974291
36666.6698982883
36675.1962205994
36689.9138189849
36680.6155711782
36676.6935053579
36718.6416840611
36684.9218506516
36675.2036007533
36679.8264002893
36690.2977557239
36677.3408213892
36684.2199328944
36682.4518768544
36692.2854695762
36637.6726181094
36662.4617259294
36681.0794774341
36680.4386459534
36665.1638372955
36662.921356647
36712.3067263338
36695.4683572769
36677.3983536618
36707.0721476166
36660.170873066
36651.5218562333
36657.1839256335
36690.9943717914
36653.8619655485
36677.5968242679
36714.6196672083
36695.3046378861
36695.6441176768
36700.1079663291
36693.1237983453
36674.0117146459
36661.8065196047
36694.2286353417
36649.2359302845
36674.9431806739
36675.9427549936
36696.636629308
36699.8824815561
36698.7299002756
36707.3235656414
36669.0408211316
36662.2267647035
36695.4870096542
36666.1774452165
36689.5324209072
36669.8928749806
36675.3832767281
36669.3097611249
36674.9607789982
36674.1089894712
36700.809501367
36699.4392553074
36711.202432435
36705.6814128953
36663.9689155066
36662.3783621838
36666.5864997761
36664.7526839566
36714.8209824847
36674.3636009175
36644.8851224755
36657.3228690408
36679.1829894422
36677.6259177353
36674.9854230223
36653.8790033223
36677.3675690924
36668.6666025957
36710.525340486
36671.8534296349
36707.5524393258
36690.8639076246
36691.2765951817
36679.687652782
36676.84691348
36667.4901679702
36684.2286840399
36698.982802653
36686.8280899927
36722.0121737296
36646.2729579199
36693.2975529925
36722.2719051012
36682.8136538857
36696.1480799749
36663.2614581204
36687.0461752332
36694.7296699144
36673.6565863382
36649.6298688418
36681.7832835057
36699.5655489888
36673.3500357677
36666.4797521707
36672.8021248481
36702.681546133
36718.4722292754
36714.5538081681
36686.5062529518
36680.4161088029
36685.2770229357
36684.8511579578
36681.1407542651
36693.1328808879
36672.1244040905
36688.3190143919
36704.5402309997
36694.1613309647
36678.3820717029
36693.9725934784
36676.0156001334
36650.9185789297
36649.5931636581
36650.0703953763
36664.8065975713
36679.703542057
36705.9836918783
36667.5011805335
36697.7130865653
36666.4787219585
36709.3542646919
36666.6434267746
36661.8655981101
36694.6704801232
36679.4724706672
36677.5261315371
36664.3821707421
36667.5089918106
36676.9000671423
36680.1502831485
36647.9622263832
36690.8005850679
36673.3708510787
36696.4071679872
36688.1080991913
36678.6844411135
36677.5066355271
36675.2176043649
36660.4415680486
36677.7866601077
36668.3132546274
36717.2543085416
36656.2331735045
36662.1667039605
36681.8771356085
36685.1087031591
36677.0601636343
36645.3804041168
36716.878688883
36688.8192508523
36686.2800045576
36690.1378301683
36666.9527119027
36678.7297475658
36660.9853019447
36666.0263729294
36646.9506312904
36662.25302567
36696.130524817
36662.8981072837
36690.3201978738
36676.2255933435
36675.2143886976
36668.5364974683
36687.0942920961
36736.6617263431
36664.5098000794
36677.2335332718
36707.697719599
36699.7379582724
36685.4555549358
36655.145383343
36647.0356649127
36674.9232990819
36674.9168663974
36667.0952291148
36646.4372699338
36657.0287221252
36653.9780437482
36689.4580360398
36656.9325913678
36691.1841445797
36720.8975270504
36675.0008186044
36670.8887315799
36664.4878293486
36676.7440844959
36686.6289415242
36721.4601571759
36706.8021121372
36713.9865388029
36673.538615052
36663.0514257691
36625.2735975924
36677.97502037
36688.6646828311
36677.7187554959
36694.0462140137
36661.3290588248
36694.4830339952
36705.4108016579
36716.0399467365
36667.851800927
36709.8894875797
36665.1995832477
36681.1914846125
36700.1389247931
36693.7435209901
36671.6925496515
36658.2688936128
36713.5974923514
36666.7622505186
36673.5395195598
36705.9870384938
36647.4705105103
36652.3058172162
36680.4262364831
36687.9446655
36670.5196830223
36691.3528666488
36696.0513286436
36691.7805388222
36676.3110171385
36686.7331249537
36675.4013088657
36700.4327329122
36657.4549835578
36685.2069342649
36693.2980371956
36698.4661218381
36655.7013653441
36658.7275483466
36726.130156122
36670.3897132469
36681.880184249
36651.3471747456
36704.3963696696
36700.6930273742
36663.0970574357
36697.6553509006
36687.0079110349
36669.1918439792
36692.121565447
36686.6464303869
36700.8896081933
36719.8877803506
36675.4818833111
36668.4543384785
36647.1685326332
36703.0303266916
36662.869036382
36626.2091533313
36656.7209808536
36654.0471906845
36692.9076112122
36704.2594224908
36647.7522080088
36683.6737690706
36640.8548367014
36701.7245302866
36692.7481537219
36667.7187578487
36672.7523948885
36660.3994846795
36679.2936836082
36722.4001683842
36715.8961819171
36663.7847261778
36714.1851565546
36689.749847501
36655.5655497214
36701.0173892415
36655.7776793757
36662.1286326387
36675.7136956143
36632.6834003545
36664.3732046616
36694.2932346621
36706.0609953094
36697.8120464423
36691.6212655688
36693.9418738916
36642.7520858194
36668.6110090127
36690.7541651892
36629.2126119143
36674.1331887589
36660.1786480535
36677.8947294294
36648.2721880742
36699.0279784021
36658.1601026707
36699.0173404425
36664.6791788823
36688.1163169681
36718.8465546633
36699.3178729515
36704.0492162128
36671.8494889442
36696.5939548775
36657.1998544649
36687.2771950757
36677.2533991598
36690.0852482976
36685.5106354048
36629.1256386216
36694.2084130824
36610.1746045457
36629.7900521656
36688.5520961361
36711.8992734043
36671.4650248593
36670.4789118108
36693.3223282973
36693.0833473697
36671.4638672278
36697.3765174991
36689.0993963423
36678.8624810913
36698.0650036898
36682.3448626988
36669.1811090847
36651.3137332311
36649.6224783172
36688.9193025156
36682.4135537048
36671.9313670244
36711.6943682442
36668.954346272
36687.1048040615
36671.4179169821
36662.509294423
36691.6822779278
36675.5311213678
36695.2169586817
36700.176995627
36695.3374442103
36666.9272505044
36666.7746081132
36684.8497568041
36678.1065979992
36662.9987272277
36692.3445919781
36681.2497523214
36674.2025084185
36684.7604560644
36715.8056767771
36702.2367219499
36615.4611730109
36698.8764973657
36645.0239840634
36655.6266779546
36676.0805596935
36691.1442512415
36666.5828057944
36675.5070198514
36677.2109341262
36681.6821950235
36694.6612480308
36674.7078978938
36693.4296384461
36667.0332125488
36707.159248636
36722.1548535571
36682.1242744193
36674.8758923046
36675.6563374354
36673.0269783426
36644.0238308591
36716.3194797837
36668.6503350665
36673.1200300841
36670.0330000645
36669.1774857235
36719.6126916151
36681.2117600432
36708.0570111923
36694.7797548741
36691.0617373012
36681.1977604048
36693.279710962
36699.3276580944
36702.6969543341
36681.2618343308
36688.2735101647
36671.0958736056
36686.0582974536
36687.9130644389
36707.5161884976
36676.7936464953
36691.0789931608
36641.730329619
36671.2329543107
36684.288218345
36679.2126631554
36696.3974745192
36671.6276107588
36702.4487305014
36709.5789992345
36691.1374386656
36663.6406360984
36695.7665764325
36700.3203344288
36654.0363657535
36667.9783182224
36655.2604133972
36685.0610796647
36675.23982248
36672.3920603069
36695.6898309435
36670.9761912486
36694.5175422319
36637.3824479377
36653.9709467564
36677.3098804935
36649.9508068064
36686.6384063117
36688.4125251589
36661.2071990916
36676.3812853268
36648.1557298327
36666.873710813
36686.2296644546
36693.0197370856
36669.9951887842
36713.4626129106
36691.3537888434
36645.0454942773
36634.0302463247
36681.8398853621
36687.1008894024
36669.9528238787
36688.6055269398
36670.412035246
36659.1193598201
36691.6008069002
