36672.8605081403
36650.4401931372
36685.0979227426
36662.1537306563
36654.9349455399
36682.0697013159
36672.2156613003
36670.8623610917
36655.6374609258
36669.7745337852
36667.0621739267
36643.0294618508
36651.2294689674
36696.6428528254
36650.2670565157
36651.8985102364
36659.3075712051
36609.6663684212
36684.2861287806
36664.3892401598
36668.9487010386
36693.677916872
36623.643735829
36677.8844719912
36672.2819142819
36684.434756068
36688.2776301608
36682.2185701834
36705.2495600979
36639.7907096698
36666.9230767828
36665.1675740112
36668.3813015505
36690.9820797404
36643.9449923103
36643.8501058709
36673.8549219171
36659.6962175279
36648.1350827238
36658.4408079092
36651.3604384542
36647.8969069737
36673.09125339
36661.6453193594
36686.9324283135
36651.5653581171
36682.1300650429
36673.6843123783
36681.8384872879
36683.785711627
36668.0719126834
36661.6900959124
36650.4891499462
36665.292335849
36682.5741744581
36665.4675940723
36686.4013902121
36685.1234751901
36676.7712901171
36668.3195094311
36682.5277623158
36677.0139697726
36682.3023597002
36685.9439833315
36666.7576917638
36646.4018143913
36653.9820372366
36640.2827066804
36641.2544534173
36691.2075323383
36643.8955445709
36646.5597815044
36661.972739198
36656.301837265
36640.8217341336
36650.3833722799
36659.1454540248
36694.826365989
36637.6616235788
36666.4506010559
36668.5114642373
36671.9085504322
36688.2751422803
36655.2330959677
36665.6330683141
36659.2605864335
36646.0681368777
36659.325065724
36654.0406460679
36650.0572185802
36628.3352362022
36663.0727090754
36659.9286688767
36644.1527328196
36641.7417659741
36655.7814538622
36653.5469012146
36671.6816938755
36654.3030701757
36646.3959156053
36664.6894402145
36683.4816681455
36630.9766622372
36640.8266747022
36657.7872332369
36684.5495822234
36666.1563634284
36667.1819314867
36666.7804668191
36651.8951846724
36666.0463655246
36646.9989029636
36690.418301739
36679.1969253929
36685.3469910746
36701.0925138266
36656.043282061
36699.6879277218
36674.9090048479
36673.0870000791
36651.0701068905
36664.3908000708
36660.9281121234
36665.3706209668
36656.3824227113
36675.5528142621
36693.0656790173
36646.987129166
36629.8432044204
36647.3106716085
36660.2760694266
36656.2154719122
36666.3917686345
36653.1858428781
36643.3186547807
36676.7060253759
36710.598564354
36655.4298693613
36601.3181013377
36650.4242480176
36677.8977604639
36660.4460215759
36642.560146346
36633.540345075
36678.4432799673
36673.3528814192
36684.7491245224
36658.7931046672
36679.0217552959
36636.440481269
36641.3717292679
36688.4640707706
36658.0386423798
36668.5034482479
36685.8623161442
36640.7643717671
36650.3997376063
36688.5604094048
36631.7155882006
36646.4841171295
36694.4948977719
36644.2298212276
36648.8859536437
36662.0224320731
36688.3129888051
36651.0008025236
36660.3973421203
36642.6674472502
36669.8654594662
36659.8375625489
36667.635427904
36660.6288361003
36673.8921662085
36657.9232856951
36652.170118956
36677.7157964753
36657.2637271048
36695.3727349764
36676.1246682987
36654.0683660881
36652.9933288842
36671.0982323061
36655.9320308731
36624.8894880825
36646.4326537887
36688.6010775019
36660.4128462692
36662.2815946306
36643.2650587592
36664.5983601777
36648.1070375914
36644.3181788189
36695.4530695316
36688.2227503346
36679.1970182041
36669.4174647913
36648.1059728248
36675.8207961815
36673.2472821679
36687.5097036325
36646.5273232979
36635.7147056675
36652.990537818
36678.5970703558
36643.2212749133
36657.2552455833
36657.5864833646
36662.7162782185
36617.7921284441
36679.3492252303
36683.1289343539
36669.0164485608
36661.3165920036
36667.5546066209
36685.7293550624
36659.6693032972
36656.7155162864
36671.8831451339
36677.1244899399
36689.0094184897
36638.285589536
36675.8646791408
36648.3622425993
36663.6639150665
36672.89433949
36672.0446070918
36669.8760300731
36670.1111357404
36675.5677860378
36664.8585756193
36662.3361610428
36656.865887353
36688.8693523707
36710.4009987421
36676.2242259965
36648.7562957761
36671.6126359586
36660.4843306712
36680.9527125662
36693.239163872
36678.9976691311
36624.5234709921
36662.3106018683
36670.4504867395
36639.2532663861
36688.2089139876
36641.3424989248
36685.2197096046
36644.5909001734
36682.4500509852
36683.6006048382
36631.6405666767
36664.0948195127
36668.3103388634
36658.4185606422
36664.2873177442
36656.805694457
36625.5170974268
36683.4997284131
36648.9522517825
36676.7535467925
36682.2039479882
36662.0269395515
36658.7314019638
36660.0967165745
36655.0571328449
36655.3275412364
36705.5118298472
36663.3748776759
36669.7486648207
36636.8183865266
36652.7989960987
36665.0043147477
36677.6805856877
36655.0438369576
36679.0382142745
36683.5289507736
36663.6553443686
36696.5429660308
36659.2933201289
36708.2313562098
36650.3960157382
36681.4313072999
36686.8236214483
36641.3463826495
36677.4941765926
36675.0515831859
36679.4618280475
36662.9300572851
36656.4177268339
36661.6274095735
36681.5283943103
36681.0078014516
36680.5899293592
36657.5620552604
36644.8356026853
36654.6031705541
36671.1757983851
36649.8648914794
36645.2822481952
36662.3031356892
36649.9341839102
36679.4614772636
36669.6828021169
36676.4355782673
36697.1843114688
36700.3334453395
36655.0936525199
36671.7336381028
36655.2080109296
36645.3431772131
36681.0534432854
36638.2861691283
36625.2417682976
36671.1783063706
36673.3385966668
36657.4634275055
36662.6220420653
36656.5909163332
36684.3837222362
36680.1293592443
36639.4950856211
36688.3065775969
36642.8871743311
36643.5032376389
36657.8692340621
36658.1753831473
36652.7031875149
36639.6067361365
36636.8963794614
36670.8978739475
36659.615965134
36653.4400202438
36682.6782127606
36653.0740980727
36666.1906378287
36671.0611146685
36678.7433381767
36692.0079232542
36644.399104578
36686.4657978504
36686.6940436981
36672.7958719547
36661.1578019214
36644.4375420888
36659.535951606
36644.7119746151
36684.4358888913
36674.2329090093
36669.4610448375
36671.506108455
36633.6915936505
36657.5170874933
36651.338191249
36667.8236692845
36673.4552481556
36673.1096610904
36694.3387812778
36643.8996008179
36682.9656558991
36674.7969625802
36676.4309765122
36665.3070776596
36663.6041451718
36644.9753920407
36665.7447256654
36664.3945343823
36659.3913027445
36670.7611542651
36670.3085178807
36657.3233055046
36628.8677090155
36676.9993836628
36658.1661719644
36676.5282981531
36653.6195028437
36651.1953213219
36682.5140716988
36641.0475783589
36663.0123233231
36655.9949672393
36669.143053985
36655.5045082589
36686.6413932724
36664.9566431193
36671.9453658422
36687.767564241
36706.085766195
36669.7991722194
36640.3564475998
36643.0238165134
36676.5847490247
36664.9841029936
36643.7847549003
36646.6137951233
36688.1905006933
36637.9452173662
36701.7352827635
36650.8777379996
36663.1802135509
36704.7192642193
36674.9311676116
36623.8664069819
36685.1568053744
36675.3151092717
36664.7256092774
36637.2158996933
36669.227890845
36671.9976201985
36612.5417902615
36693.8238071759
36654.2346560182
36642.7746670522
36676.7569314211
36665.9457446571
36685.3739067172
36665.0739631775
36667.6368737468
36652.2543160507
36653.9901115162
36655.350915823
36668.6598632716
36680.998230802
36641.5946302315
36662.3745160147
36668.5442432498
36687.0311842601
36670.2650017056
36639.5421019494
36660.0950735837
36637.4724895317
36689.1365157887
36694.5408400719
36668.6180924788
36687.535035634
36637.6439483945
36676.661330422
36639.4278551923
36676.824565699
36669.0378220475
36657.3463935675
36666.3980192311
36665.9593097022
36652.0826945021
36674.7841562546
36667.1319105876
36661.6649425289
36648.9144838786
36652.1603299453
36624.8585291037
36629.2272213431
36640.9100198988
36653.8993688432
36672.9107979159
36633.6940823405
36653.9290726756
36668.2396027805
36688.9610282333
36657.9128297514
36639.6982069256
36647.6594816985
36677.5327709761
36663.7908714788
36671.4106820651
36651.5290741349
36669.059641344
36662.8571199064
36647.1960192764
36662.7064527894
36660.1061838495
36643.7611252199
36675.5832566215
36633.8581630277
36685.7653374223
36654.2503746653
36668.4055689687
36671.037183203
36635.2362420063
36667.6762510473
36666.0260971669
36660.3837444678
36650.5364650956
36693.8089954398
36681.0590663757
36638.3948010297
36683.6842543417
36663.0985654385
36669.0823559593
36685.2499120468
36652.472777356
36666.4097231861
36648.1936170316
36644.0008016618
36694.3216696513
36664.2999733991
36669.7558111739
36659.7883558955
36645.8053642939
36667.6455550731
36649.3534417523
36628.3930931708
36669.6234618062
36641.5471197684
36679.7584739976
36671.7858748623
36655.9266866326
36666.0772843608
36627.2515381221
36659.7499279564
36679.8925091246
36638.2274653325
36629.2675929942
36672.2339528656
36655.7340448785
36676.2524706074
36676.3503537514
36678.8060741115
36657.6151358385
36647.4905201343
36665.4317606463
36675.2334713302
36671.5484376939
36642.578537807
36640.3285262497
36682.1428740935
36646.9535405863
36667.0053942101
36672.3271181364
36664.5340820481
36623.0859341834
36681.2387010958
36665.7580047886
36663.4579798227
36653.74427977
36652.0882088998
36658.6812414157
36666.2666609414
36672.4096979659
36657.4329661603
36682.8932345159
36665.8106297275
36662.7219340675
36656.8797215086
36643.7819213816
36664.4537005818
36676.8176992478
36678.3774740049
36656.9097882208
36682.6635373268
36660.6007136469
36673.8603519422
36670.2591565901
36673.0787190942
36669.7455145011
36661.7271500269
36641.2973032222
36662.5730246127
36666.7079710394
36681.2239874337
36640.7132293063
36644.2125031518
36660.3859984809
36690.823186221
36661.275026427
36657.4771181421
36655.290819973
36659.9246784654
36673.3396234033
36669.6756232391
36666.4019901117
36690.7557156543
36673.5172573699
36646.2551291011
36665.1107854651
36665.3461299143
36681.0615190141
36666.5053176
36649.941356296
36675.4850545377
36656.4717994529
36673.8847472886
36667.6238773541
36660.8932424349
36667.5105525721
36674.17885385
36681.9805506192
36651.9942851723
36665.4764799569
36658.9159768448
36667.8294702127
36661.0449995628
36661.0125918191
36676.5367496652
36659.271541256
36655.1286345298
36674.4050437249
36633.2193727436
36691.1701046903
36632.4329956393
36650.3411354102
36635.375326241
36658.1179163298
36678.867282908
36654.2194403878
36679.2789375385
36652.4377063032
36644.4654448104
36662.1572744864
36628.5672367401
36678.2028032479
36660.5224109936
36675.2769056784
36648.9096065428
36651.6954903269
36693.5773969903
36652.8801542392
36688.3818128412
36648.5378776958
36654.2040972012
36650.6469480127
36639.1988311775
36697.5092254917
36654.3620350136
36657.302622971
36622.6790352673
36654.6791459672
36690.1413451062
36654.2707519015
36663.3555559755
36648.9523637476
36627.8607488327
36671.4027308393
36659.8240763568
36663.7833277085
36664.4072601177
36670.0195026547
36659.0351380728
36639.9786569471
36646.8608083718
36680.4053436294
36678.0259446493
36685.7741692688
36631.450576435
36672.4132497924
36688.0578957136
36654.8989150065
36664.4098595272
36648.3554026649
36669.6696752427
36653.1086865481
36651.7714697529
36683.7714914166
36673.3396022972
36664.6654977987
36657.08342994
36671.7670734053
36664.31454319
36701.99862869
36666.8590853232
36655.0399984414
36671.3427859446
36672.2618017349
36649.3589290247
36660.4410912353
36703.2801761204
36632.0725999362
36661.2537578733
36665.511188663
36648.9749156415
36651.7554153614
36666.0885650821
36615.7902844626
36642.1017997419
36654.1219137985
36615.6200512483
36662.2746145583
36632.2826204721
36670.6053122231
36658.0088327214
36647.386319348
36671.6739584247
36654.965695955
36655.8443401142
36656.1329272235
36669.6664638462
36639.9818350472
36628.1009004505
36663.7443197697
36675.8597553077
36691.4743888162
36647.8004703097
36713.6885877908
36703.5770498648
36650.8965783221
36637.5753908855
36660.9712840368
36687.3405653523
36646.8642226151
36658.6197708338
36663.9596410743
36635.3989640738
36685.0135518247
36647.2390206176
36659.3854114867
36648.9628808275
36672.7432856984
36653.6484146476
36650.8136242601
36677.0880164053
36647.262290276
36654.273081573
36650.1975278774
36657.4329787787
36638.1316896492
36671.0064468618
36674.2945613771
36643.5003927199
36668.9765199987
36659.4042721443
36654.878875048
36647.813436657
36653.3811188353
36647.3466580742
36684.4669102688
36646.1828567065
36658.0619639193
36683.1040006446
36655.6213060161
36679.6268481698
36670.0841765812
36676.080468617
36629.1939651872
36648.0926506941
36615.5320671576
36664.2731010534
36651.1956880765
36696.9300899732
36679.809265214
36648.1616552015
36661.4193220991
36694.8470967277
36670.5281803263
36669.7744317286
36648.9448847366
36652.2847485503
36625.5273874266
36658.3322258452
36655.340128473
36686.0976115865
36654.703901033
36654.9816380591
36639.2111870103
36677.7095057572
36664.7262926918
36676.9615087561
36705.126857485
36668.8711837304
36692.6342847078
36673.3858601563
36659.3247387849
36651.6448591751
36652.397471498
36674.1082018044
36655.4156899676
36671.6448447019
36670.2514810133
36651.2588813985
36642.1132665173
36657.9890064665
36634.6486334432
36652.7277196717
36664.8776327374
36664.7883112655
36672.3499300584
36640.8511089841
36659.3924459956
36666.8549134845
36651.1693496627
36657.958493142
36688.7792077151
36630.2767596882
36667.1344970317
36664.6567572456
36673.0076595951
36674.5960377219
36636.8071744308
36669.8420371492
36674.9412685431
36631.5702892979
36662.0117489005
36638.01475794
36659.046697944
36662.2821163993
36678.0069514429
36654.6214454145
36669.3554707606
36639.0047434759
36671.1700536598
36674.1453638057
36666.584769475
36683.3277348731
36659.0389818315
36670.1182100918
36669.954817469
36656.5018583634
36687.3498238951
36683.1061529197
36686.4820784919
36687.2940104646
36666.6722640315
36696.3681601376
36670.1797533704
36682.8328781329
36673.2912687519
36671.1491011823
36660.7197090836
36669.7233517906
36682.4707442153
36617.5004286668
36694.5787182747
36699.189246065
36664.4250799449
36699.293929903
36671.2847887369
36680.4087639423
36642.6917791475
36665.7424791421
36646.7499947589
36642.6220857505
36682.5965155293
36666.7130757643
36691.6495967964
36661.9347643868
36664.2604625878
36664.1638039476
36626.6976746698
36658.8036696093
36645.2069918166
36655.0531913008
36695.3388707615
36659.5141535073
36699.1906004894
36677.0779341938
36697.257247901
36684.9062705124
36679.7590805372
36637.787054
36659.1569053469
36656.4668531058
36655.8243031074
36682.6656518905
36656.2234078319
36674.8513762988
36665.3715445457
36669.2316756691
36653.7521081878
36638.4548270931
36664.5842230548
36645.693331053
36669.6032316056
36669.0001314021
36665.648246338
36681.5866319721
36681.0649878347
36687.3736364073
36669.9164904026
36667.8206285805
36651.749231268
36654.3336799655
36649.6654652253
36617.7242046202
36682.7820152606
36648.6225266871
36675.9399740958
36650.720292263
36684.8161061243
36697.6594365925
36692.3513698666
36645.0064303618
36663.9534931224
36684.7633645739
36645.6120646933
36630.5496803399
36645.6006756929
36645.0034324122
36670.4730142923
36651.3301349656
36675.5775185742
36649.5038219972
36671.8529940377
36628.7706613459
36670.0001243551
36670.1908023576
36660.4845029601
36676.385137564
36660.3710526719
36686.0030376381
36659.2604172125
36683.2753500325
36642.3532663853
36688.7246301535
36629.5582201983
36704.0290633458
36666.6056495881
36635.9490572855
36666.9746448828
36680.1170768161
36678.0162223284
36661.9717127142
36652.8582012062
36662.8002785378
36662.9359777629
36647.9625850412
36626.3232680716
36665.1716168911
36624.5198239935
36684.9280884419
36648.4200765822
36660.8299224498
36658.6818209324
36659.7720145435
36683.7164744096
36640.720682131
36668.1940899802
36674.2883541683
36688.1626283615
36667.2380337938
36685.1920120491
36673.1412638258
36632.9090815776
36682.3231334014
36675.5036735625
36639.5497712345
36644.0141677121
36668.5403458888
36693.2047466481
36649.5444610369
36637.3237233437
36644.3342581082
36667.6793690142
36639.8784450729
36668.1220517249
36678.8892870763
36663.8191705336
36645.8870289933
36666.5785876542
36670.8284298321
36690.1899843967
36630.1702810675
36659.6696622153
36673.3518406561
36656.6039105903
36630.4931021418
36654.5223745763
36643.8638521696
36679.2320578694
36669.2700901862
36676.2255196039
36663.3847241299
36650.1561479715
36675.1741527614
36650.0951122518
36657.5474565763
36649.1042669109
36652.5053329892
36650.9265896392
36636.4586959634
36647.3677675647
36651.5422661533
36685.5980335314
36663.8085567037
36659.2390140631
36636.3344748052
36653.8743489553
36658.0463551992
36670.9185016515
36632.3612195854
36621.3453562133
36667.7738432247
36656.0446176127
36665.2103741974
36673.9445918566
36656.5517903903
36663.2508811919
36647.8885572739
36640.5523573283
36638.9642869394
36670.8235785437
36645.8786192183
36684.9099671053
36682.8849350621
36654.9092079661
36685.5406437727
36692.8144812491
36656.6132695175
36638.5639205767
36670.3031625736
36629.0539933648
36670.3822986949
36653.3094400861
