36673.4934405948
36674.1964831404
36699.160547506
36739.4026915627
36668.722007519
36675.0810119945
36704.385944318
36663.1492332464
36715.1055520413
36674.4930573298
36664.9528881736
36679.6765908355
36720.0890608071
36682.0045083535
36717.420170129
36682.6421244083
36707.9054880685
36729.105470289
36683.6568396336
36676.7450704645
36681.5513452911
36721.1199859918
36699.4372590916
36667.7574465069
36687.6040794739
36667.8165921382
36664.8041229105
36675.7039535822
36668.1478920655
36669.3047993913
36727.9790761522
36687.8331549572
36670.8207968304
36716.0391072367
36711.7096425588
36672.5016890856
36714.5758459069
36716.5283577068
36698.031048805
36672.2585721347
36729.0916751742
36714.9915588736
36676.7427373629
36673.4320909159
36663.6096842308
36724.2170560467
36680.1117100169
36664.1139549144
36676.6445870135
36684.79862319
36678.5508082065
36682.506984952
36688.9729419572
36680.4158414409
36665.320958268
36720.8148097297
36660.6170324495
36717.1114872357
36710.7945490059
36673.4109016538
36685.5216694658
36682.428664921
36685.4207786645
36721.6522009042
36682.2369607744
36683.7154755108
36658.0913084435
36678.3842300858
36674.6877440453
36678.8608286141
36687.4513803444
36712.9351664882
36679.3024758679
36689.9362715407
36670.2755162493
36682.7923304635
36715.9277325675
36725.9913927915
36735.1001249657
36715.5539541803
36674.2999061794
36690.7741182477
36721.9792443178
36685.6846715875
36724.4590967483
36726.2181022471
36702.0495492842
36677.7360205661
36671.1806036111
36665.0649074633
36691.5393513784
36674.5496881788
36673.108406552
36672.1318384114
36674.7641358652
36674.8244084287
36665.1976537943
36727.3143024171
36714.6070451161
36686.504536163
36684.6482745387
36678.7822582772
36661.9071333952
36716.7116893258
36707.6235873166
36681.8203004065
36669.8537585372
36669.22462526
36669.6258662046
36675.0563224049
36674.1115399401
36685.8919010213
36704.5368772838
36672.6103723177
36720.5708853105
36665.4559751583
36684.8603441887
36691.964308872
36690.531676668
36715.7388456134
36671.7945364569
36684.7693858647
36670.2666044868
36720.1571949111
36695.5287492513
36712.3869321034
36723.8444494723
36666.7107221005
36671.5766789594
36706.220405379
36664.6323829788
36688.4603122245
36669.6973785038
36665.8021039853
36675.610344063
36683.8304146687
36725.6200987062
36725.7032742083
36705.3172725234
36666.6476254989
36697.48124018
36673.4618702275
36666.8024297732
36661.2103330232
36677.5748277354
36674.2354129467
36683.2906806942
36675.0724652143
36671.8857233691
36674.3981840339
36684.0253287286
36679.0231432566
36676.4267202363
36679.6347935746
36676.2932097968
36676.2203359339
36719.8656608159
36676.5321792897
36718.2266809139
36690.8846978005
36721.93762908
36679.877450264
36691.0370615482
36673.8669504723
36668.2566446673
36677.2889096274
36714.7176313732
36728.7470883376
36729.9805990433
36678.8786436807
36695.4291891065
36720.7006312147
36725.0308574978
36673.8702754505
36706.1370654646
36677.0679919789
36673.2470267319
36674.8029907679
36697.7177561938
36725.2884205364
36659.5186299012
36681.304289287
36684.8658637373
36679.8619941696
36712.8379117894
36666.4326832847
36677.3415655855
36674.8667548644
36676.8845540082
36702.3084676828
36692.3379376615
36653.9442034231
36710.4294036165
36665.993511955
36675.3325415804
36672.9915378967
36671.3253631407
36709.9402789708
36673.3562522569
36672.1251633794
36672.845411628
36716.0502946582
36676.1763639453
36695.8946343655
36676.9867115571
36682.3035487776
36668.962138514
36676.2001098241
36725.778163796
36669.2721791182
36706.3526427383
36668.4847024058
36730.9751638928
36704.4158448014
36680.1070505901
36730.221250877
36711.4321850268
36669.9392493911
36691.9042499789
36674.9675547841
36705.6647096677
36725.5395441864
36666.6698437845
36643.2710836102
36697.6594368214
36675.9030427801
36665.7767111559
36729.6572752274
36688.4005326371
36672.7998881938
36684.306084159
36675.5863096978
36709.3553863724
36706.5713552377
36675.9496675647
36719.9048914991
36683.6346611277
36692.1655119171
36702.4173411015
36720.8428399627
36670.2941454553
36691.6778147226
36689.4193713814
36701.6814597206
36703.6340964644
36681.3461602282
36718.0639074612
36672.282020512
36677.1745956493
36669.4277620458
36678.8785312107
36670.497607376
36671.3219990171
36682.9718006715
36673.1899433993
36719.0844787441
36676.8521817039
36677.2577170598
36681.1865908684
36682.3172503493
36678.7066663748
36711.0967184443
36682.5215550921
36682.1280392601
36669.224188931
36699.1950644358
36667.1466057468
36678.4630762175
36732.9038532468
36683.0120534624
36674.9676390631
36662.5454470898
36672.3694218076
36672.2404271691
36685.4250220227
36668.7576758084
36671.7237532346
36680.9687982269
36724.3342956097
36700.4033582771
36663.0743060342
36671.0082077086
36659.1069907422
36679.2972264874
36694.7917468646
36682.026894842
36674.416366088
36674.9536153776
36673.5125904802
36714.1807547305
36717.58503024
36669.4745118529
36697.6906883073
36664.8983481239
36687.281186822
36670.6360964748
36682.7191541667
36674.2853820259
36716.0906761878
36677.8626213004
36680.0559049658
36674.2093148882
36665.546649705
36679.1391409906
36704.8378301373
36697.7840073503
36723.6776361344
36695.2286681726
36673.0601598082
36671.6239077358
36674.2905142481
36663.5277446581
36669.0434615758
36665.8269166548
36673.9621306055
36667.786058733
36667.7017011845
36691.0777064489
36689.1368112447
36676.5809233515
36677.5675945176
36686.8269506258
36721.7272504761
36670.827842533
36688.1564886293
36707.1307240736
36675.7177622668
36714.7634288697
36677.227241977
36682.8891224178
36670.454372087
36674.9251366599
36682.7912772416
36698.9957642784
36670.1184756054
36682.0787107806
36682.6219288129
36672.409708465
36691.3212997635
36740.5925644251
36730.7920992468
36708.5032703419
36669.0027066676
36723.2199802755
36669.5409863627
36685.6335696771
36658.1430124018
36706.0991694242
36675.770783584
36669.4700694976
36667.6498865073
36676.8019300535
36677.6483124429
36689.5178999357
36662.6047607647
36669.231513135
36706.8095014297
36679.3028400102
36710.4176393243
36689.3751016745
36686.1246553182
36665.5479656065
36713.2783175195
36686.2070113337
36683.9949103785
36685.7366633999
36685.7346188655
36662.6580158476
36677.6160442601
36676.1361412064
36676.5344549912
36670.5785082524
36714.8701914783
36725.4696538621
36722.0401450777
36687.1528267739
36671.548953563
36668.1239126485
36664.5605429046
36674.0926934607
36725.5041161257
36684.1540975764
36679.8368804498
36679.0310067878
36674.6965002193
36677.5877669371
36683.4802270958
36679.6264866813
36685.7180532233
36670.3722156523
36707.3511694205
36729.627732617
36684.9360484077
36654.4704853076
36665.6301999297
36683.116910955
36676.6545397479
36725.0130514794
36681.7660961749
36669.2885718299
36686.364340538
36667.7935644922
36677.6172708125
36694.1244242441
36695.2681452067
36671.2145465812
36694.0195854427
36681.0089629434
36675.9424835972
36718.7597802787
36692.6111344858
36687.1377908182
36665.8540934498
36673.5909944386
36661.5474466794
36667.5456368112
36659.9088449946
36718.0592425434
36671.5298746934
36669.6412987298
36710.2071282228
36674.2949060797
36693.7551898006
36669.0472048772
36679.0652996191
36713.4660651221
36678.5961863442
36672.0209998103
36665.8994288925
36681.1417995326
36676.1354553211
36680.9969149722
36697.47598214
36671.9133467263
36664.95580193
36671.2162416795
36676.323417885
36714.5835663628
36685.2001395674
36672.6530997332
36723.7909920931
36677.2853719707
36676.7657767145
36686.0551594028
36673.5192196113
36680.4356276067
36700.6445360815
36722.1506941494
36676.7812399953
36677.4636286062
36667.4305857367
36689.4301212963
36671.6995737706
36675.227749387
36657.9329065915
36713.4102662595
36720.6010498371
36719.9164971292
36667.6318068562
36662.1230828185
36716.3872041651
36682.9273814593
36705.6418929382
36716.7205931798
36671.985874868
36690.4416097376
36666.036409769
36709.6351373953
36661.0520974789
36722.1290551231
36687.9082989648
36681.4266407907
36705.8138397634
36671.1114211108
36657.2906280496
36726.1132738668
36675.9763831464
36704.7958927687
36723.3760908312
36670.6331778619
36675.2976840367
36680.9461236653
36723.6006747719
36723.7858855726
36682.0412777255
36689.7991709045
36677.8844721846
36679.1548072994
36656.4249240327
36691.1217409279
36680.4178093143
36653.7069420658
36673.8277637471
36688.4476455767
36707.6276009002
36672.5339157719
36680.1058890497
36676.8947122182
36683.021009025
36700.5761940547
36685.7719835119
36678.2169088416
36687.6238141303
36685.5055302259
36688.4662556276
36696.0544471529
36673.7255505264
36714.4227656602
36680.3254092071
36657.5249369009
36671.8507014001
36670.0568734446
36667.7618707178
36670.0777353763
36664.2899108414
36664.8249086874
36675.2306466559
36673.2557910673
36721.5115738165
36670.3858262085
36716.8783765272
36676.1570135641
36709.6088654243
36673.4127353513
36718.8128638889
36671.5727681575
36677.1874613275
36680.9671936346
36679.7073995994
36675.4269013359
36679.9854859414
36676.0334091887
36664.1294776357
36669.3450945264
36663.3432041406
36721.1856192038
36714.4786098963
36668.6844243629
36700.705288623
36689.1379714293
36664.5188895767
36727.6384663965
36717.386649935
36738.6519877014
36668.6388101953
36670.1797179084
36698.624238547
36681.6206153692
36717.7558180383
36711.7918460342
36717.3910518093
36678.2032089661
36667.0716574381
36673.0701921141
36675.8547707736
36685.4384694524
36667.3170673847
36684.8609905103
36669.8518286901
36663.5785863032
36673.4994022056
36696.5444991037
36688.1431646081
36660.2625843428
36724.0989734796
36681.3809721153
36683.957134876
36709.4916862764
36691.2240548121
36667.7886959415
36728.4067543981
36677.6822554566
36664.7618781588
36670.2050718346
36680.8813942392
36710.5187488092
36673.0264621689
36685.5365587593
36679.1515482471
36716.9540547803
36678.6286680426
36690.2056661972
36663.0900976021
36670.2071437062
36669.2898549747
36683.0924301919
36668.8629558357
36697.9298027445
36661.3277570313
36681.3302833555
36714.0223408851
36655.6687762367
36658.1814216631
36716.0351130158
36663.8059468748
36662.3605039139
36712.84963579
36672.1885364947
36688.8373424005
36695.6942555194
36718.9410842429
36673.7915820776
36683.6006937305
36694.3957504329
36707.5239396907
36659.0404417518
36678.1189234183
36726.713484702
36700.91738708
36688.6142010324
36677.3442495707
36675.377963537
36681.0914267867
36693.2234419456
36684.1844224165
36671.9532807941
36681.1411564592
36715.6269077439
36673.7948597639
36671.7795898959
36674.6764444491
36712.762788694
36673.3516892846
36681.4368731951
36728.0985947298
36673.3048554723
36727.6867354737
36663.3191051757
36677.2781465729
36667.1627626557
36693.0849722183
36663.6244389419
36664.8422803088
36671.0844176658
36669.1681239455
36725.4406049043
36660.5708866937
36670.8525141052
36666.084606254
36680.0238713939
36680.9270784805
36682.7405242591
36667.5349419754
36677.4165834334
36704.0827380085
36670.9610913389
36669.3023280131
36684.5019239111
36660.1924478783
36684.480428482
36672.2895142404
36684.9214998133
36666.5097485069
36678.9960534409
36728.4618756793
36718.6330724732
36664.3686336903
36682.7428916225
36671.2974745744
36687.4161157355
36669.6356922816
36707.3034476463
36720.8878689383
36713.854152349
36664.2132459158
36681.1472014331
36699.3409437451
36683.0813186362
36683.9472139081
36676.7596656948
36668.7313650614
36688.6666752048
36681.0848453241
36702.7278877245
36676.4703371218
36667.9035533998
36708.2800217331
36672.0686947863
36705.7307149187
36679.6345857694
36678.0456646126
36670.2928144098
36670.5750008454
36680.946901603
36711.7787392087
36676.8872203506
36669.9946647985
36722.5698311213
36659.1618067159
36661.9513982154
36702.4676228566
36687.5975670428
36672.9100571817
36684.1435964848
36670.8176603207
36730.9611489854
36685.6203900753
36670.3396866998
36722.9073348498
36674.435945072
36674.6875651764
36695.7556714164
36666.487296379
36677.3593580293
36677.4791262455
36676.1543845106
36691.2717300305
36667.5441132961
36694.6802325593
36669.7473630573
36672.4078911733
36661.2669698089
36714.0198681168
36697.218974527
36669.0056009581
36691.2047578284
36675.7380140829
36715.6536323782
36669.4452768457
36675.3729379712
36690.5646905939
36680.7328351627
36724.2887698337
36666.436620272
36675.9680072757
36678.386325854
36679.7377201804
36659.1909226975
36681.8395262393
36682.4359481426
36678.5470320282
36686.3100089569
36727.066888754
36702.2345288299
36650.530740681
36705.4446884175
36675.7354458494
36698.6797718145
36674.4553077677
36709.1078443095
36668.1960857806
36698.873027676
36662.4080403638
36714.6004985812
36673.8378434423
36720.1782949786
36676.2456660568
36711.6242688242
36659.8048260652
36685.553539439
36676.1618247518
36690.6262639518
36678.0045603178
36686.3767749349
36683.5742263748
36664.1760665219
36669.616983917
36673.9482487869
36729.669902583
36734.1580048029
36664.9915393789
36670.4012795807
36719.9087963326
36661.4495951315
36671.2997081228
36667.2587211121
36673.2601883617
36679.7769382388
36665.6439385855
36667.1079161593
36663.2759802994
36669.7822201037
36728.4520464834
36718.2904098905
36684.3285538987
36710.2120693161
36714.6221830838
36669.580893364
36679.3441056694
36731.5961729943
36665.270242953
36680.1058225259
36672.1714180233
36672.2611066342
36701.7865406715
36660.9941425181
36722.4049189347
36710.263798074
36676.5498145521
36695.1009941279
36673.8527341775
36708.5694982416
36668.9403836532
36680.65193814
36676.7241809941
36668.8923278745
36721.8238265799
36679.8436917044
36674.3259058654
36695.044990484
36686.6555340442
36679.3113165894
36674.4288172961
36672.1588118546
36689.8759365224
36717.9265642006
36675.7099295392
36672.6620063752
36704.353112826
36710.6280301675
36667.73842349
36709.6770766786
36676.1453514956
36676.1282852788
36655.3580318704
36727.817653644
36720.7514451699
36669.0311004974
36667.5130839918
36675.4152482671
36679.3185008781
36727.5516851079
36665.7054135578
36686.999250762
36694.6545199444
36675.5583765906
36727.5161938888
36719.0858633217
36665.0742511139
36661.3313325811
36664.053472907
36670.7465703589
36665.9654883229
36675.0362041971
36673.9998267909
36678.1923769685
36666.9952385649
36669.4515630344
36683.1431814357
36720.3253517482
36670.5741689558
36679.4191584881
36730.8140863904
36665.7569764635
36694.005837066
36714.1194331539
36720.5678823796
36681.4980991088
36669.9907011589
36688.9949569731
36657.2417779871
36679.9816562999
36676.8354561592
36677.2202222413
36677.478341923
36678.0923916381
36730.7900775845
36712.5161530495
36674.7802564538
36662.9166227737
36695.0009756423
36689.0080086411
36658.6795147428
36666.5193498226
36655.4104745191
36711.0629013794
36687.3508022953
36710.6144630779
36664.5573625498
36671.0687838043
36680.7438864881
36676.2871982028
36686.2726144754
36665.967524957
36677.7988058993
36677.2854055079
36687.0253888958
36672.6027710645
36675.5297837742
36657.8630181851
36727.5418598262
36684.0506807931
36704.5266515008
36688.1403496841
36667.9838232295
36662.8737941224
36676.5582887223
36668.7079752612
36718.4044080428
36673.2557426739
36725.0981415045
36677.0213419764
36664.3462875397
36679.3548202865
36680.3815432372
36695.0405458097
36723.154427026
36665.9384855567
36688.5620214412
36676.1154973611
36696.1274862255
36667.4116938874
36677.4738587268
36671.5594127375
36699.365156517
36664.5330050502
36690.2678992569
36664.5663834321
36672.284218173
36693.2238705664
36690.1455143564
36676.5987796771
36718.3894339953
36677.5967631213
36706.3049832444
36664.0019921611
36715.2299354985
36667.2211778286
36670.2560958467
36668.6589685797
36680.9303146902
36725.05036042
36679.4594802054
36718.1512804559
36679.0461307874
36663.9386936408
36669.6922906174
36679.9589579009
36677.2712901634
36719.7276263824
36663.0420242854
36666.1211517705
36675.0799443829
36673.991888854
36670.8322107726
36675.7521175832
36660.5192035766
36729.9849667858
36675.5814235334
36657.6202138501
36694.4844097591
36667.6838335628
36667.9716383827
36681.7685947156
36698.1701690112
36659.6659730152
36676.5076053556
36679.461589564
36671.0842313028
36671.9401109586
36698.2547410769
36691.4243582302
36681.238988598
36704.9314832501
36666.2577461279
36692.2498637899
36725.2413122993
36686.8501172452
36680.825402858
36720.7372995652
36669.6329464524
36685.988166594
36728.3716120438
36672.3497801813
36677.8723322338
36670.3524548566
36673.8284260344
36680.5792187866
36685.43020581
36670.7811214291
36688.4305160297
36682.2557424222
36704.7009239376
36676.5154026032
36674.6149005281
36688.2879086319
36676.3747402037
36721.9380888749
36707.5497809146
36664.8922620426
36672.3069703742
36713.4244319561
36714.7171062349
36734.2200330153
36710.0991146119
36671.876035478
36667.2854265642
36683.5805367625
36737.066135666
36682.8571890167
36664.5805774754
36679.8273340328
36735.9496058874
36670.9836196946
36724.8897473858
36715.2641237178
36693.4531415396
36667.9031151886
36696.0654689288
36714.0644081147
