36659.8941994112
36661.8839582712
36665.4879141154
36669.8443000049
36641.285975465
36675.7303401794
36672.9794047411
36673.1133599289
36670.6094832047
36668.543516525
36655.8586222318
36668.2963251114
36673.5616379493
36644.3628948494
36677.0404820191
36669.7539534563
36676.5461731743
36629.6248851829
36677.6178157159
36650.4264228451
36667.2276142173
36676.3904080785
36678.0061028273
36661.328884096
36656.8099093005
36674.5031112786
36679.7677780528
36667.0974805083
36672.7320500617
36630.7865196621
36664.4517283904
36656.2793103465
36681.9301246052
36651.1612787265
36679.9471155927
36661.9725742035
36669.2496726403
36665.1427723043
36674.7933514969
36648.5946454169
36656.5668367762
36649.3804859376
36643.5931809687
36679.6365122291
36639.0103529789
36659.9527580912
36672.6931921779
36669.5748378547
36676.643851591
36662.7812650645
36657.8328426348
36659.1353388252
36675.3739107503
36648.514497272
36662.6413809112
36641.1905492985
36663.7920122026
36666.1763882049
36648.3837023513
36641.7261779837
36665.9458118893
36642.5358403977
36668.5274484532
36674.642559109
36644.0982050049
36638.8921178291
36645.8676595003
36656.3601182256
36671.8229142725
36654.3678561633
36653.6772909545
36656.0991482544
36661.5312693093
36652.3230828762
36647.2436553604
36627.9157057313
36664.7878396271
36675.4753602252
36683.5507748839
36681.5778426032
36665.117269744
36656.1989846101
36669.8004295307
36671.3212817292
36656.0683981073
36661.9895099448
36665.1728094872
36658.1064927118
36675.6535831097
36672.589502566
36664.8831365948
36666.8311596286
36670.848317553
36665.4879417123
36671.4610327577
36663.7992190794
36667.5246995799
36648.6966333393
36677.7158707633
36666.1508586279
36672.4372987156
36684.5721382387
36673.7502367707
36665.7977229775
36662.5698030132
36664.5483488573
36669.4875113902
36635.6430928051
36668.0792513518
36638.1111451094
36678.8481278774
36664.1155586535
36661.3305229643
36676.2994490419
36658.3445581928
36679.1581486595
36656.5688427029
36681.4279794422
36675.6506438459
36650.0057142908
36663.9040154073
36662.8406006137
36673.7550368061
36680.4589647757
36667.8358039369
36662.2970538087
36646.7924988157
36665.4256496376
36640.2547530637
36646.0065293869
36633.4856374838
36670.7580915199
36673.0680648192
36668.9897155231
36652.7859552518
36644.8710212028
36669.6201241788
36648.9945617965
36662.5154538895
36657.6181610078
36641.0690861931
36668.4911577519
36661.4196756204
36677.8258981247
36668.8906921698
36674.8620014153
36658.1426482437
36670.2016941363
36641.248785242
36642.3819945808
36667.7802184172
36690.8483151275
36661.0320473144
36666.8364437394
36677.7493458423
36661.6202541486
36679.0117297652
36634.1106297991
36653.3137492717
36684.2415139599
36667.8868323134
36674.0829665385
36671.3962616173
36668.6305883995
36671.3936714289
36664.0242596441
36673.4589130606
36671.3414847776
36663.3652241352
36643.9975305013
36634.7014895754
36669.8689705919
36649.6479815032
36643.6806822812
36664.5826556212
36647.296366964
36675.3970568655
36669.8358465209
36650.5920021995
36672.5153441246
36669.7177218076
36674.8495183204
36666.1337747288
36664.2946114405
36636.2767190062
36645.1456799508
36677.4788730474
36669.8262402158
36674.8361492109
36671.022667183
36679.1334553108
36658.9000897849
36644.4198044875
36661.164023799
36661.3356382303
36671.2745187251
36657.8860046438
36677.1580732649
36668.2003502635
36664.5284234322
36651.4447686387
36676.3316190803
36662.3421931123
36671.8188063711
36666.6149000891
36670.0583006789
36659.5402133273
36637.4111013391
36647.15235945
36644.8008153971
36636.9538682225
36672.5550750311
36674.3649630807
36651.4825375034
36663.1344952875
36673.2293517209
36641.8585599741
36674.8624813162
36678.0785237422
36650.7383791566
36659.8559015808
36662.0276545423
36650.7671941989
36682.7573788537
36657.6116953449
36664.8293859548
36664.9179670953
36662.6449518996
36665.7960556722
36651.4954614422
36656.585717394
36658.9753158083
36669.771635512
36683.3424675523
36643.1321296784
36667.7531065996
36683.9005631609
36668.2696363712
36661.5765424332
36652.1533682998
36646.2466860366
36661.9883587766
36677.8712660592
36663.159669329
36649.6089398869
36665.0180708783
36676.2236902376
36650.8171245154
36663.5156893649
36672.5165789897
36650.5126882758
36641.4321021058
36654.9048425271
36673.9912371385
36667.6031596206
36665.2440333852
36665.6310960682
36673.2102565638
36644.555725205
36670.6982904866
36646.1145580393
36662.2822673265
36636.4498109535
36676.8541640826
36665.5862245341
36653.4905823458
36666.3730910907
36673.4525020787
36669.0109847041
36657.4954362577
36685.642004953
36663.8287617421
36678.5060300219
36647.0340287948
36660.3143655081
36671.2769635801
36673.678431704
36640.6716494932
36670.7709703835
36646.5624274077
36685.122288237
36675.5152022177
36674.157661425
36665.1239525823
36651.1196917743
36636.502412313
36663.8333108599
36654.2776024752
36667.6734227551
36687.4591708291
36676.0092088769
36652.0372519931
36670.8365814106
36675.4902637143
36666.3459445709
36638.4142715993
36663.2278200818
36661.2049132818
36663.7947149976
36674.6700152214
36646.288885254
36654.7785999517
36641.8848676743
36672.5663667148
36644.870667321
36673.6036658969
36660.60591098
36666.9946217557
36644.6164160075
36678.2873415316
36672.4910069078
36656.3838058576
36647.1771102084
36671.1489767525
36670.3960272067
36689.1711333849
36638.2002400041
36645.1870702943
36660.3266509284
36661.8435331697
36662.2364681625
36671.8250012947
36676.7906276247
36666.2201388013
36677.3625310416
36675.6884682708
36659.875246345
36652.6419072255
36675.5365603744
36661.6792619053
36681.1222970173
36674.6876425926
36666.3253528362
36660.7092535333
36669.4668043617
36676.3125119223
36658.912493267
36644.7410602717
36661.2230839157
36680.1894639486
36674.1440035015
36680.0210401322
36661.0158790413
36667.477650928
36642.4141226056
36669.5660187595
36653.17247819
36663.4936189845
36672.4448033782
36666.6791286972
36670.9325649866
36635.4765015078
36661.9179543058
36635.4968258234
36676.7532626037
36668.0746819958
36675.4650637334
36655.7410812662
36661.570107402
36672.7309977083
36672.1457343043
36645.2879262005
36667.2713233043
36657.8853723627
36636.4733956795
36666.7758247611
36681.0268891751
36660.8330932205
36672.1362844836
36630.912634546
36655.4099103175
36671.3979795663
36680.3484987995
36670.564320321
36662.1516696828
36664.0295295021
36656.0388370236
36651.7220164229
36667.9016929925
36652.1687929533
36668.7852478802
36671.6016620959
36648.80214478
36666.3955521024
36639.7927332081
36655.2394690474
36641.4773743246
36664.2178229425
36681.2377739694
36678.1361201539
36659.642282077
36652.2247064793
36656.1611596798
36652.7801896981
36657.5964681679
36675.3190407315
36649.1491329449
36658.7120548726
36677.2221279698
36676.724471748
36663.752272005
36682.4504573391
36637.6203995266
36663.7134057427
36666.5592864403
36666.7839642596
36650.8918018856
36672.484447762
36668.8629276509
36675.0617262456
36640.7558333308
36677.051864716
36631.3051558204
36641.6783647034
36656.3105557519
36639.7048348022
36672.6770100439
36667.9551832781
36666.9973455701
36643.0308346176
36684.3298044929
36678.5615777644
36662.1261351888
36668.9607516241
36642.1498495091
36639.5851550045
36662.0954288364
36630.1064269633
36663.5859673308
36663.1186541976
36677.5054673639
36646.0956374658
36658.7407490253
36679.7552243248
36666.4319760152
36667.365052307
36645.0248539528
36639.7479307491
36664.4086776397
36637.0249044742
36632.5717332094
36659.7758739311
36655.0867831442
36637.8814113001
36667.6013508867
36672.9925687503
36663.6314223428
36640.0145787562
36634.6237084542
36674.6789604558
36664.7058624605
36662.4316923782
36684.2488202916
36669.1461197989
36669.0903673643
36652.487287931
36659.8773485975
36654.5364848555
36670.1337479633
36675.4328456351
36637.5027078209
36668.3006731909
36662.6291995275
36667.6983258826
36668.3858453305
36667.4323083383
36662.4056877782
36670.8779270281
36679.931821046
36660.2225452628
36669.516081613
36656.2734453984
36647.1185204769
36680.6872245705
36641.6349654573
36675.7463922332
36648.5900417803
36649.6411441079
36648.482479184
36672.382324604
36654.9769376088
36659.7253384499
36669.5661069805
36632.9686559494
36660.7727215796
36647.0612438484
36660.2002814879
36660.1108557468
36679.3372499561
36667.177955771
36676.2670969021
36674.6944933714
36668.8189591086
36665.3780228519
36676.1951136042
36666.2542964447
36673.6285406336
36672.5718775763
36672.4002271707
36667.9123303665
36662.4911412048
36669.9883180614
36681.2024067881
36656.8423531467
36637.2501081004
36658.3582217634
36636.2403902009
36652.882638807
36632.8350588115
36663.4969104133
36671.0282894297
36671.2462864521
36662.414132928
36677.1170343782
36674.3719596036
36669.4933241974
36651.9993633677
36649.1452043736
36657.8476039563
36674.8861223381
36632.9550835804
36659.2832190861
36664.9077223622
36635.34064733
36645.3118334623
36650.2687555818
36679.1365427775
36668.2916614427
36675.2346347245
36669.6397590009
36676.5176388214
36652.1193277936
36673.1151632566
36654.2059153927
36669.5793565824
36670.0605092292
36665.3073564663
36678.8015969978
36653.0109046711
36674.9718143753
36660.234700797
36668.5195412231
36673.3260790163
36649.7434777543
36675.4818280251
36647.5114594259
36684.6264233763
36663.6599353978
36678.1906766367
36654.3874304895
36644.4707288265
36643.3529796402
36670.0365844619
36649.0852510933
36668.8997735651
36669.6980366902
36661.0295821517
36661.3474328737
36647.4198875974
36662.7750742744
36659.9794928878
36663.2088065277
36651.9061059629
36634.8998037557
36644.5830831078
36651.8251928869
36635.7927394161
36662.2359960291
36672.6262374624
36645.3245366198
36666.4157313603
36665.5123863591
36665.3062620897
36658.373249355
36659.8348039096
36656.3184072273
36670.2419807539
36665.4554886667
36663.5186487775
36667.6129196437
36670.1442593465
36670.9205954731
36661.5187144373
36659.2114179674
36671.6343391708
36660.4490032065
36678.2227615007
36629.0875985891
36654.9329534508
36652.7439682904
36663.1159244469
36679.8557352278
36669.3796595578
36653.9545009358
36671.795005597
36666.3725448828
36652.3851246755
36646.1062721164
36670.1149534763
36674.5655337447
36657.1781340517
36669.7291085827
36665.2957837539
36651.0716162385
36663.9170900682
36656.3518180315
36639.6057898501
36656.8329654248
36663.6539431066
36674.7715428805
36652.9907595218
36651.6883624384
36663.7399432825
36663.3527847764
36650.7181200238
36672.6071862982
36637.9577047565
36654.5111542344
36657.0253428917
36657.5981060404
36672.2890078436
36640.8959139224
36668.8162606161
36651.7267056395
36667.7401913924
36668.819695816
36659.884089681
36632.7645954404
36651.5297013769
36654.0794086742
36665.1778022105
36679.1078705461
36672.8867890614
36658.277882461
36681.4875505679
36659.3356325745
36664.8713800788
36659.1784448793
36680.3282209064
36649.5476200122
36678.0017471291
36661.9743006729
36690.2583362685
36654.5006357085
36669.3174030981
36644.3948539926
36660.710019016
36664.431540876
36668.5459819616
36677.7488021688
36667.3736633628
36646.5975813758
36667.3671467961
36667.7040762162
36634.6380689305
36649.3545736692
36666.4297924318
36668.9677389757
36643.8570485381
36636.2430295587
36669.7016449217
36661.0133147921
36669.5536633914
36648.8344107222
36663.7300422464
36639.4655243312
36653.9432897082
36677.1378606566
36667.6492834333
36664.3336260354
36670.471576505
36657.8636625874
36672.2854777985
36651.7836889352
36661.3001704342
36664.6055588636
36670.1663075214
36666.0789568561
36650.0159239236
36667.2444321643
36635.6148090068
36664.8401559403
36684.9663219972
36653.9420560355
36667.5543082963
36634.1673913354
36667.0322009939
36663.4785289554
36653.257896026
36686.9676219605
36654.2447971454
36683.2401971645
36663.737220311
36675.510930868
36649.0488831882
36665.762977796
36667.6909063521
36680.5329483108
36667.3757383994
36646.0416109248
36663.1546470112
36674.9245918436
36672.2937283643
36666.607310427
36639.1664990615
36670.8634399458
36668.3969819144
36658.5672886295
36675.2231231308
36667.0297186763
36664.5330040925
36669.9362626832
36663.7088047197
36675.8652034546
36668.5326699856
36665.5119284498
36670.21394729
36660.9713249229
36653.5603016099
36671.10129216
36685.8086647972
36664.252200686
36657.1150865666
36659.4019449171
36665.6889321905
36661.4960690369
36660.9337140882
36671.1125532976
36661.4139997537
36661.6220813344
36650.9769333369
36655.5318425342
36675.7702874456
36666.9893226178
36646.730878243
36665.49696272
36650.2900106423
36645.2893764624
36671.2226225071
36671.203843289
36680.5075602841
36643.6424052525
36674.5117480729
36659.7725162082
36654.3371380209
36672.7170941979
36677.0338742558
36640.2664188472
36636.6001648037
36657.7664108057
36658.4729214068
36648.9911411641
36667.1411513589
36655.3163676625
36671.20245795
36654.100526516
36680.3750457388
36665.7031584522
36641.3437626375
36655.1855712125
36675.9081758457
36671.3254295184
36660.76346376
36664.9018152848
36690.0026925059
36670.2526787904
36635.8048120462
36671.6945055455
36666.3737121031
36640.1698859881
36647.1656448062
36674.6566807437
36665.4772099936
36670.2360375115
36662.69157922
36659.1522332699
36658.2615968353
36668.3493266685
36658.7621403891
36674.3613977311
36670.0157605197
36674.1469690451
36637.5290379362
36672.5805256768
36644.7270103626
36664.16536677
36648.2963918716
36666.4107287257
36674.5591724583
36657.0109368805
36647.5346718392
36671.7103978459
36669.0937285767
36670.8750742098
36651.9017080638
36638.6849265649
36675.2454294052
36652.9803852147
36639.1838850165
36664.8171395779
36664.287996123
36667.2875645501
36670.4092143419
36644.4110499461
36664.5035029122
36639.0141365355
36658.2078319651
36648.4453298903
36641.6569934264
36656.2439155122
36669.3982766297
36662.0239023885
36665.7802226172
36670.8018573546
36649.3012133871
36660.1174435769
36664.6000802864
36659.4220904095
36669.5657409156
36667.9077711743
36664.5379392506
36665.652336417
36669.4070594903
36648.4384391453
36667.3301415309
36669.2508237342
36637.8291910803
36640.5281871902
36669.981891656
36670.4455847147
36672.6575959525
36642.2034933072
36642.9379038586
36656.6275357055
36664.4011546628
36652.7108749319
36665.7045753827
36639.4204165211
36666.8876937753
36656.0299011196
36669.6967689261
36665.7277099923
36655.496030612
36668.6569419845
36665.495399045
36662.0693791004
36657.2092364498
36662.3671302749
36663.617239445
36678.927991784
36679.0569053763
36657.2355838645
36666.4868678324
36640.338353767
36631.3567552874
36661.4410061845
36661.6573134566
36673.259046576
36654.5481686928
36677.3297292245
36629.2641870999
36675.6210648952
36662.0351593947
36671.7634743871
36668.4030000939
36678.8044592772
36661.6150046028
36663.1276914933
36651.0471666344
36624.9954227877
36674.2123298342
36671.0665309493
36677.377777096
36675.446627032
36667.3030688862
36662.4446055643
36663.4976842106
36651.3473957162
36644.6787251183
36674.2732648634
36637.2524224249
36674.4119366439
36666.0870680358
36656.973259925
36684.4219944725
36660.1938910463
36664.003469432
36663.4910781592
36670.5127974147
36671.4918031339
36670.6420849611
36659.7241520423
36669.5611366365
36661.2319918765
36666.8845122339
36639.1666013577
36684.0693885157
36653.0804578415
36661.2701922842
36656.2354264517
36672.3610268346
36643.8666695492
36659.8404707695
36642.4132151267
36686.3359783844
36660.8743838179
36668.8934258409
36666.4633325533
36660.2673359497
36669.6156884424
36646.3454283562
36649.0820432766
36675.0804739727
36648.5676065291
36646.0088331783
36653.4839001051
36659.5768988554
36666.8389425694
36679.200615076
36670.5710060871
36668.3805674007
36671.0185233003
36665.3023319479
36674.6987000475
36665.4732276349
36673.6033162679
36643.2555913692
36669.3417716566
36636.0697357053
36657.1225823276
36645.1292332787
36665.2765978901
36671.5461139618
36659.0370734699
36672.3317968576
36679.9145245329
36639.7435069657
36667.2675548252
36655.6882390665
36655.1942518522
36671.8464003753
36662.5083193643
36649.3142684709
36674.8209065846
36672.7336552162
36668.1803015568
36652.3503402217
36677.6654267639
36684.6716122443
36672.6900230646
36653.3425815218
36638.5038460761
36669.3975019042
36679.6689282315
36638.5957175869
36658.6286083455
36658.9337990898
36645.3431652532
36653.8571661691
36649.931076397
36673.9009362063
36676.3147393894
36656.2227220473
36673.3871817801
36681.978755703
36663.1400787008
36645.2502701346
36655.1945936096
36648.3054811389
36642.7019232493
36655.7854631768
36665.3195684419
36671.4115770614
36631.869044788
36656.6238659579
36670.1639322932
36660.2076786248
36668.3920703971
36679.027110649
36674.0224948757
36651.5100976533
36659.2970371311
36667.7119517356
36672.6511920864
36668.2865390853
36673.2333107976
36659.7565792428
36648.8806533998
36673.0091429453
36676.1749134563
36664.0531536093
36638.9031219733
36662.7921796597
36652.4489201638
36666.258266424
36642.618063679
36643.2908587611
36663.6929054705
36664.3974551088
36659.5182069673
