36713.946769556
36673.2262922838
36672.2581961857
36690.0255996446
36675.6536178586
36708.0854008521
36685.0383471242
36685.6982923957
36679.8928659603
36675.1924632114
36669.8251874259
36698.1086682845
36695.2888216539
36687.8429865307
36648.4940818386
36683.0294261097
36669.2421215988
36679.0940689377
36686.438323338
36695.7709040935
36654.4765970383
36666.3211887364
36677.6408115435
36675.4790315693
36648.7017358589
36697.4059363818
36641.7443904557
36674.7990727889
36680.2393347259
36727.4209237852
36691.363691013
36690.8989674656
36708.9595009896
36691.9182084765
36667.8454490249
36679.1059253233
36696.8027775921
36684.435511533
36717.8001161105
36660.8393831152
36720.9325204138
36693.5747440865
36704.4459179884
36683.6455753708
36669.5001798783
36689.3782402891
36706.0920074803
36701.6860517618
36676.5481793189
36702.9758405197
36687.8148370574
36688.3307792917
36690.1386669195
36695.0130106714
36659.8891928909
36654.6650564542
36715.8944656056
36662.0640302775
36666.5265811075
36653.3553465902
36677.2714609601
36703.1420066828
36680.9785222742
36671.7839703104
36655.8632384854
36662.7244996314
36693.9639173267
36686.1049232028
36708.6580324633
36663.2796766884
36654.1281262546
36658.9706726206
36684.8590802063
36674.4667708015
36675.7959580533
36692.055999542
36701.9896863384
36678.3332409879
36664.5708190373
36662.6766541509
36702.7413140894
36691.0729140438
36724.4023779554
36692.4115239239
36694.7479724493
36674.7413541661
36649.8917564153
36655.1699411928
36702.0260853277
36656.5005092213
36701.3897308345
36653.2454513534
36655.4087891961
36671.9482264332
36671.123827878
36670.9207995058
36684.2329499083
36673.6259127112
36689.8366007633
36671.0359323663
36692.1358022357
36711.1089053755
36685.8878346411
36676.6585561957
36703.3267670007
36696.6099499623
36668.4595507468
36671.4677511061
36671.7077814886
36676.3858989818
36693.4993052605
36694.5214433354
36686.4828122791
36699.0063132226
36713.5769600256
36705.4571035586
36694.659028331
36681.9675144832
36705.5605358729
36705.1563714932
36683.1607484265
36670.4000981724
36664.5907704026
36697.4425741815
36663.0898681494
36688.4613686752
36682.6975071615
36684.3551220072
36643.6290973051
36695.5823596758
36687.4556721692
36711.712197942
36673.9825048029
36664.9704580015
36698.6969775176
36668.5904751978
36704.4586323773
36659.2356092622
36705.5369840144
36686.377942245
36681.6800188939
36703.8034364186
36739.5274732904
36696.3052519062
36690.1427809059
36687.4108881507
36705.5091406875
36685.8557537068
36674.0675421189
36682.1912279027
36663.6190411837
36693.155221017
36646.1890887928
36704.7092418988
36697.9116578035
36668.1107218295
36690.848474897
36669.0239854837
36692.1496401723
36681.5663668419
36655.6775959446
36694.6865722705
36699.4154973355
36695.1026958817
36653.3928378832
36722.7140117739
36689.5132011926
36658.7256230755
36660.6326821087
36692.1780085961
36701.7133268322
36653.5593382575
36707.6809762623
36670.5671611824
36649.3203106771
36688.2210363054
36628.4938539197
36659.2189882555
36686.8273360222
36700.8732535808
36687.7099138225
36664.2820807667
36658.7283966884
36692.713566479
36701.6510025592
36679.4990403383
36664.0154129186
36685.3797501813
36660.5993781084
36709.0132110219
36668.3420657708
36677.0862012647
36675.0105987704
36704.0324109169
36641.572389672
36668.3356781129
36656.7180600344
36666.8082773411
36708.8795629574
36682.026454433
36704.1780262292
36681.6023276593
36666.8640654408
36665.9299021204
36705.7653315621
36697.4916203176
36631.5453667828
36673.9530611289
36668.5111527388
36683.8529514113
36660.197432295
36715.7209311724
36648.4271519691
36716.7263870704
36648.4262514639
36683.0867910289
36643.7380857433
36670.617995637
36685.8870288562
36680.7805847548
36689.0335320258
36662.600528544
36654.3079612113
36695.231456797
36652.6512230577
36701.2336016112
36674.6406316754
36685.3342384195
36713.4011116656
36649.9987041615
36675.9356295232
36686.6854447724
36671.3552352472
36679.2144854065
36679.6968003821
36655.7427175458
36693.7458336117
36694.8372469016
36685.0942385813
36724.5599702268
36650.4248406099
36673.049793317
36693.6986195544
36679.7043610114
36685.4491614697
36699.8372242356
36690.6140480294
36683.1103795323
36693.6058621669
36641.9603372828
36703.365111611
36660.1732389157
36693.5183560163
36662.8023314131
36704.1352209058
36681.4439675387
36686.1716997451
36687.0681504906
36694.742598343
36656.6221864414
36681.6868924853
36663.1990159717
36694.243815959
36648.2781908042
36674.9953029667
36689.2124181747
36659.3363163397
36680.762947047
36712.1774306516
36665.0139889655
36650.7851064481
36692.1735550183
36678.3506091792
36643.6817250392
36691.8460344388
36700.7521636264
36654.7263169516
36678.4924355517
36679.0482996775
36703.3324185265
36673.6269204446
36682.5295072461
36698.0728807954
36722.2674252487
36676.4135783884
36700.7448683438
36626.9744845893
36647.6822256322
36695.4224012026
36707.610382558
36701.2909545271
36691.0268892478
36670.6441858032
36692.3507115889
36702.1595545306
36679.1871788356
36657.9656177585
36687.3476663646
36663.1677068915
36678.6749151026
36717.7426055422
36666.4644244497
36655.8711085558
36663.5562604159
36639.630107363
36680.7142676434
36659.5533378928
36653.0722965247
36670.1869573334
36663.324552405
36700.7562894571
36670.0432785209
36717.1923935852
36664.9279708441
36669.9339229582
36684.5778325595
36640.9256140715
36680.2296185557
36669.0316269478
36697.4050972929
36644.13107662
36699.5403422612
36711.5516039346
36675.6796471005
36687.6294565173
36721.6946840505
36687.9157859491
36670.2259016821
36691.7918554516
36692.8430534456
36688.7358487946
36702.8035851805
36690.9177161393
36683.1594501609
36633.0915555314
36670.4235647193
36685.3083459421
36681.4676472643
36666.2559626596
36692.0203636179
36694.408232938
36699.7568403608
36648.9837202176
36672.5498619528
36665.6436271298
36688.158440095
36722.3981170562
36700.0346931123
36667.1974088662
36681.5263179375
36675.6794872281
36685.6174180843
36683.8480116374
36717.9488178111
36677.8094679671
36649.7474490116
36699.0417066183
36677.8422525181
36706.3145311584
36674.1406605939
36680.8365793032
36654.5028669502
36684.0177425379
36714.5726142501
36665.9228836427
36685.2479797339
36659.8124464743
36661.2959220503
36700.8485898881
36705.1366541034
36657.5974870164
36689.2353521251
36652.25386684
36677.4810323316
36687.0727618922
36691.5296453266
36649.320316708
36650.4961812453
36720.4116316045
36662.7489396832
36725.5673700813
36695.7277436793
36629.3077854252
36661.467920364
36661.6242830415
36672.1864145493
36664.2333197464
36684.7197072825
36673.0049272522
36719.2285260077
36684.3693192612
36669.9733710885
36707.3497239819
36663.8367411618
36673.2420803367
36682.7437739903
36706.1817335497
36689.6419312022
36665.8415025907
36693.9209147297
36704.6548442001
36697.0504173034
36703.6063434901
36643.6313835437
36637.9545821484
36672.1636270761
36637.6629872687
36716.21233082
36693.7083921951
36667.1468853612
36691.1489416608
36711.6514746587
36656.6148712405
36673.1681421213
36651.876305895
36708.8016873783
36650.4294086904
36646.1593096674
36703.7380600694
36692.4347508295
36672.8424786765
36664.9129062736
36696.9434242645
36694.1017380296
36656.5099796244
36711.9939309066
36663.2623400453
36693.0353972037
36653.1289402292
36694.3532343652
36695.7495487869
36682.1895029907
36714.5125288535
36646.0414825918
36693.2936359694
36657.3846857882
36698.2525908867
36666.9012857148
36689.57832218
36656.9909528224
36710.8922354996
36674.5627794717
36656.8444186097
36704.197528812
36668.6986343708
36661.1749912154
36692.5545893796
36655.8138561765
36676.4300543226
36665.9725676919
36706.2714700246
36707.9356305424
36686.5688747882
36661.868935596
36703.04714717
36672.4635606633
36652.0922291184
36716.3175731325
36709.0882931002
36670.6744887449
36713.6933276942
36731.0613249126
36672.0305108543
36702.6427933748
36707.5437403512
36711.63357454
36651.1382939595
36682.8151796461
36681.7795838752
36661.4858219999
36684.7046006299
36690.2013872271
36699.4269981363
36712.4230034903
36677.6977352018
36700.2947257405
36639.4383416207
36686.3016087359
36661.2936447933
36695.0113351195
36706.5676988324
36693.5239893382
36672.0462547393
36681.3444986449
36680.9305028012
36694.6162908068
36635.5679445621
36638.5134517088
36667.6807585385
36647.9256639441
36654.7480449473
36709.5491712009
36708.9439183696
36691.0701501184
36667.9517367319
36711.4863653457
36674.8457111203
36685.0754192406
36680.1571735386
36670.0747727355
36689.0664241428
36692.7955741492
36683.0404615551
36681.3637835219
36699.1571586658
36647.6690948963
36694.7072561985
36686.7523183872
36649.5945941002
36695.784708957
36682.1549998649
36706.6921703691
36688.9090256804
36658.5843344255
36679.3672136709
36660.6039646887
36643.2072822335
36695.2143412195
36700.7114078962
36687.0229735207
36686.5944885169
36661.9268745343
36694.8066063575
36701.2050512418
36694.6684929024
36684.6636632788
36657.1144810354
36689.7339452928
36676.6500893687
36710.45100087
36660.7153551991
36672.9446986569
36700.0359564495
36658.2528074951
36694.8783914921
36684.8009515058
36664.9175798793
36678.6544666806
36687.3797596113
36678.6979421795
36707.7402970104
36661.8718709092
36652.3366826288
36671.8945938562
36708.6702245019
36691.7558211937
36670.4418483266
36687.0434018754
36693.9718615045
36674.1434880818
36661.1687029626
36681.7112503837
36714.9942852144
36696.7293264296
36669.3966368132
36683.4178070552
36702.300286419
36690.583509984
36645.0482164778
36665.9291327616
36676.8391465497
36670.3829449565
36658.9180096452
36704.085110115
36663.744135371
36677.7201899299
36727.2837794887
36650.443488231
36699.882876915
36667.6669876889
36665.5674718065
36719.091401998
36705.8508981342
36697.9979486463
36676.0867461895
36654.4595139485
36663.8891949596
36656.2291154999
36711.5112188093
36703.3852562342
36709.7504779359
36676.1779630204
36690.6086935794
36699.337389531
36675.2324326806
36666.1507275622
36651.8259139808
36641.4502935023
36701.5291863514
36723.9600321785
36688.3924901394
36639.7662207287
36675.1419354428
36721.8909579453
36648.6601261165
36679.4287029296
36691.7543134584
36664.4058242782
36708.1364874833
36665.3602448393
36729.7445968548
36693.1123247468
36678.3001994932
36675.5988891336
36713.4368702721
36653.3659820425
36666.5670459997
36701.2658733266
36696.369419517
36698.1038752677
36674.0983646143
36657.8203797417
36655.709892173
36704.0889727181
36691.8771173413
36706.8962732173
36660.8736260802
36687.136377478
36692.9773176903
36669.3150052735
36676.4960213548
36710.4337367725
36699.3839703296
36662.6877471902
36636.6820440614
36677.3438555031
36679.9183623635
36699.2482074758
36693.2881642187
36678.8158362281
36683.4441946474
36699.5771343364
36669.5951914297
36671.1491279572
36670.1294622153
36673.3192257631
36696.8794170285
36675.0378375539
36664.4034449987
36663.8215384588
36683.6613974924
36670.5176617611
36662.6379471716
36687.5382780362
36715.5939952048
36695.758429473
36699.1928764535
36676.7948570213
36695.3654061149
36677.0814430071
36702.0878859199
36662.7770136201
36712.9786392621
36707.5711558536
36642.7856665633
36700.1716442828
36722.4049248633
36685.1503024902
36702.766035008
36650.2442996893
36713.2028215952
36722.8768716371
36656.8073340697
36692.7991656945
36694.9290003556
36680.0641341132
36679.8789875527
36665.5626873932
36709.0406196488
36654.8227314837
36658.0629324557
36663.6305183883
36678.5492499793
36693.19182266
36679.7793902292
36666.9024123739
36652.3079733676
36653.7036069202
36677.9888177298
36677.9634593445
36667.993183692
36691.3147403898
36689.4738117584
36684.8674616877
36669.3310367246
36691.6238707778
36706.4302219783
36686.7513312749
36707.8879516357
36706.4369766437
36698.8398723994
36702.2917541554
36703.404169173
36669.7474155237
36705.1484430888
36626.3814207943
36705.5392180471
36698.8484783597
36649.2679418121
36689.25476774
36691.4357591376
36692.4750750694
36694.0882078562
36685.6223706673
36713.2573463922
36672.623014686
36682.3684642912
36701.8566438073
36679.7266638952
36701.412013337
36666.0125029218
36705.0065244035
36654.229698262
36691.8242242072
36670.0516867595
36681.7819618334
36714.2689383648
36700.4492353978
36688.3690186914
36687.9690351212
36672.9591088808
36715.2272041106
36697.8099422821
36672.8236610765
36693.9475513224
36699.1256360492
36663.6183568848
36665.8462341245
36685.6244194803
36714.0051841035
36711.6442499942
36714.218037988
36693.3549968798
36678.8705966839
36698.0053303474
36696.2094809091
36662.2576046375
36699.0498364296
36711.62525281
36637.9646446192
36693.7956069648
36674.3137813163
36686.0260846337
36653.472936341
36688.1467176365
36661.4337688189
36639.8417865667
36708.9508818766
36652.0131107446
36694.4814765373
36716.5401845927
36704.9492048568
36692.870441636
36696.951112618
36680.6141857658
36683.0862390695
36703.3873118175
36695.2077810171
36649.7135451427
36718.9698641797
36695.7832994767
36706.8315354683
36652.9706501737
36676.484649186
36690.4866862624
36672.008975789
36685.9719230573
36670.546924201
36670.0947060014
36706.9276446671
36689.360506572
36656.9360643755
36692.3390807996
36726.3294478922
36665.3793484271
36668.560169126
36701.8186858823
36699.209894935
36663.1120009937
36639.9600238341
36638.8315046556
36671.495852752
36683.7929214218
36659.8507798545
36669.9095936407
36675.0650678777
36670.7834329961
36706.6558796626
36707.8201985344
36699.8331586925
36617.3565521872
36687.9387631146
36710.1462351065
36676.7897158285
36738.2480413301
36686.6653037745
36634.1397130084
36661.6647303787
36657.8510905009
36685.3692760011
36649.6213866775
36685.0589979363
36662.0598872414
36657.5239156612
36667.2447936563
36666.0250223441
36682.9445357941
36673.6429232498
36682.2678569229
36716.2184492591
36691.125480268
36687.4799292676
36666.4354404317
36702.3600999539
36724.7481149828
36694.8290039422
36720.123676674
36707.1633411483
36708.6758997248
36715.8232248471
36687.732482445
36682.9408735892
36728.6337811602
36638.6080823061
36689.4578372274
36662.6730266966
36696.1508447779
36700.2203671013
36682.2400131475
36682.3168006366
36671.4755472719
36671.6769858301
36726.4774580555
36664.7054388046
36672.4892366491
36639.6445188928
36662.9698012478
36682.2897941792
36662.7795701501
36658.9510302502
36704.8847941867
36678.7928662723
36675.3377640382
36697.2751902867
36685.0423827492
36646.8737593263
36658.0770324048
36664.7740637508
36675.6997484945
36651.5965752338
36698.0587031115
36695.6014028597
36685.8361527481
36701.8397547105
36691.1415383578
36691.1354009902
36719.9723419832
36650.2482995964
36659.85555921
36689.4495108819
36650.5101245562
36666.908314032
36688.0296195898
36706.7776215382
36653.6809546999
36681.1791110902
36673.073835987
36676.6086756449
36688.2164033574
36652.1856818875
36698.6226182938
36635.8017995609
36698.6489272896
36701.2476990437
36724.1613838915
36663.4237438553
36701.7823513247
36716.8983304195
36685.4236521817
36641.2824156937
36666.7639948015
36686.0697332759
36726.567927222
36711.4086407674
36696.0712259827
36680.3093162564
36688.697256532
36699.2571564415
36661.6415268531
36675.9354328246
36709.0421613027
36643.905588693
36712.0253104727
36708.0092057395
36648.8923698263
36680.1425056803
36711.9122563334
36645.6807962032
36702.9181410155
36657.1829348791
36685.4048818136
36657.5592239612
36743.4050208064
36672.4553423952
36657.6020940629
36691.5835342422
36691.1906298713
36667.4025141322
36712.0087682479
36656.7277949713
36674.4239063163
36642.8070143227
36649.5318450723
36695.9698050721
36693.2675765802
36653.3297984898
36718.9110335431
36704.195688151
36682.4458072579
36708.7667216037
36695.609005885
36696.6887689944
36671.8301513746
36677.3631804591
36693.2986472168
36692.7117183771
36660.5778580942
36716.101214486
36691.3540849723
36703.6397190296
36654.0578148673
36698.1957849441
36693.1241724963
36673.7880627293
36661.3851636827
36663.4733198815
36678.2179188828
36660.390159552
36683.7236668753
36689.5676621071
36666.7172891213
36707.2544050922
36695.6264628895
36689.9569054998
36676.9362767506
36710.3360601967
36686.3350413072
36678.1630956078
36662.2853386107
36689.2392564427
36618.9004638639
36679.5678528753
36687.3525984513
36704.5998984034
36675.8901718232
36672.7023729238
36677.7491408765
36706.0812954399
36681.7285279283
36675.241035952
36709.9341901723
36707.2078117088
36688.7226134062
36657.9685600432
36661.6788658136
36683.4254065218
36701.1102787314
36718.0561002436
36655.9784795481
36668.8904450762
36681.941650482
36688.8447380491
36684.4932559368
36690.9017028379
36662.1475354777
36691.4734493968
36692.796946193
36705.3734813526
36719.0877119308
36635.846012567
36689.7712687466
36659.2294605685
36669.0717942306
36690.5640126796
36715.6183793288
36685.3348706818
36702.0058733371
36690.0529749017
36680.2881079938
36669.2938169393
36723.6455260771
36706.8038235862
36709.7190646353
36700.539650498
36697.0925996864
36703.9286326874
36715.2202140363
36672.3188531666
36674.712925581
36685.1815489928
