36702.1641647948
36656.2004815115
36689.6373995799
36724.1788623313
36709.2459491926
36717.3691167311
36684.6026433759
36683.8060109011
36697.8861799281
36683.7538617247
36659.2591225823
36673.6257076396
36671.1870691898
36652.3521840276
36653.0015914482
36718.3015934327
36668.1920206621
36671.6802882738
36705.5535796343
36686.0286559594
36721.3217908473
36719.1213388706
36673.891409321
36704.176649823
36683.8925097876
36683.7033050123
36680.5726497488
36712.5105270658
36690.9150280012
36695.4356003121
36699.3354951421
36715.9598136639
36680.7517180283
36730.3909252009
36707.1075032236
36700.0848040446
36679.4120721573
36711.9256675435
36712.8625081755
36693.4030643356
36695.1964582881
36717.6535719062
36681.673691746
36699.4356687822
36668.4977226093
36671.2295976979
36691.3252663653
36710.1240093208
36724.3438769932
36664.8632635455
36655.3419224994
36733.4450657627
36693.4304999042
36663.4407448214
36693.8081759302
36666.4257981733
36708.9537168469
36700.6037048259
36705.9889473126
36676.2635672149
36671.5655295702
36723.3677770148
36684.3343588566
36688.9482175309
36708.8804546363
36683.6889186803
36696.5136453824
36688.9513319872
36669.0588657573
36714.7531197583
36725.7309778674
36705.2290671726
36671.3780394893
36666.801549565
36706.6797654254
36672.9299280355
36704.710154242
36693.5362131863
36727.9257153425
36683.9935263436
36664.8202419782
36665.3768025103
36668.0693111595
36656.5531397029
36660.1874705364
36670.0722390817
36700.2817613698
36727.3391873474
36680.9273694439
36662.408425524
36700.058110224
36683.9424476328
36705.3880747612
36661.3337414776
36732.3963947348
36704.3879412166
36651.0193192054
36681.0669670734
36676.3593612227
36662.8274599304
36678.4953645175
36667.3330986599
36691.2098958051
36699.2932056002
36667.9802523035
36679.2030831911
36664.0155968964
36653.6095352857
36705.1666753669
36700.2537661398
36718.5156459205
36689.3380270155
36711.0526453609
36722.9836241658
36657.2587254619
36681.8974594074
36696.7699038064
36671.9475292875
36712.8972174031
36676.8994729813
36713.5699853505
36674.6078969708
36668.8160097756
36703.379499548
36674.3946481328
36707.6462659646
36684.2588089707
36685.3625788328
36698.7972137636
36675.134090706
36674.7619080778
36718.4659438526
36655.7355052846
36660.3957813846
36678.4773924063
36685.6736313266
36694.4076806754
36661.4312832152
36697.5121933499
36703.6340890194
36691.3417292209
36643.4731269187
36662.1945209496
36663.7871546455
36679.8478019647
36697.1019109588
36710.3293305653
36688.5836091532
36715.5399956038
36667.1923917461
36672.861755251
36691.4548640268
36691.4267067026
36698.3007259059
36715.8655668164
36660.2055961721
36687.6746330505
36723.8961052175
36673.3290956601
36715.2630587645
36726.211326486
36683.8121090544
36686.7251703258
36668.1356497933
36721.0816181017
36665.6892913436
36702.2355928174
36715.9173612124
36676.9164810212
36687.8941865151
36679.8824555923
36707.9837102238
36683.5454621941
36684.5229182597
36691.1340959524
36712.9857826176
36704.5491486218
36672.6684493357
36683.6271525816
36657.098650764
36676.2067614463
36727.8958764239
36713.6687260238
36654.6891504385
36675.4298500019
36669.370837174
36657.0018938956
36719.8086416531
36668.1886155822
36687.1728859296
36672.4398812609
36665.7891161457
36657.1717609284
36718.9475642698
36708.198193234
36697.0858870371
36682.1750918333
36674.595439473
36710.660237592
36696.5670756181
36646.016326492
36717.3199479415
36669.2932004738
36675.0171365358
36681.3566868852
36661.8516333841
36668.5747437572
36705.7367711703
36731.9758403582
36713.6548617342
36704.9575482318
36717.8054437758
36687.1538115954
36673.0262411638
36660.4370698275
36701.4466681811
36697.0133836954
36713.0429200379
36658.557307984
36708.5927391408
36666.591401226
36668.0094172655
36671.9577374521
36660.2961504234
36733.0341504807
36689.0920767485
36674.9160279842
36657.8097109341
36704.703035756
36673.4648056803
36678.5828574316
36648.624071859
36681.680263816
36693.7871881086
36664.9015397351
36667.9512613349
36681.2051680568
36671.6346545453
36664.9779921153
36715.6003147794
36689.0128816839
36703.1790659255
36720.0343468377
36663.3250799413
36666.9478202991
36678.5383497993
36714.7673582536
36679.7610506057
36651.2585724365
36665.7656657654
36683.7425154836
36710.2131677007
36727.5313890271
36682.4470195167
36684.2759280855
36696.9862871799
36690.5333312111
36664.4593678308
36663.6376687941
36677.423967082
36651.9943609628
36672.5289791635
36667.0206173338
36720.6552715075
36701.257778725
36727.720716926
36651.1111277611
36686.0688150244
36659.9786938254
36719.943710019
36702.1070433091
36702.2522200308
36705.3612555268
36726.9384238086
36688.9692494267
36722.711583998
36704.3906353
36695.3469209523
36723.7416284196
36700.8309588949
36691.18756766
36706.2338836452
36701.2562149676
36667.8712908275
36660.6497349628
36667.5461362985
36647.1194266691
36718.844479273
36690.8706986035
36734.2273209627
36668.307677952
36660.4243827847
36654.6094518268
36684.0563980712
36714.0989764197
36686.6129419575
36653.9667029662
36680.362769126
36715.8855140171
36702.2643294595
36687.0105640767
36699.248034219
36710.6576572009
36688.4253063352
36708.4692878019
36697.3959250655
36660.3339972604
36685.8852692597
36680.8065161565
36697.70772383
36697.3144890734
36725.1600619268
36667.610797473
36642.0790024617
36687.0174486806
36677.0307741305
36695.8854100733
36705.351654128
36698.4952528151
36664.7575263799
36699.0639077714
36669.5415070117
36707.2823995063
36721.0600905896
36662.6783521087
36709.6266963014
36659.317785223
36688.5799665695
36684.3762338397
36668.1006443173
36666.105133143
36658.0658048407
36716.5866807761
36666.2691698412
36661.3308002659
36688.3772406705
36670.8997216518
36692.7295461587
36677.8659234797
36710.8355691793
36709.9668653209
36658.1439562514
36724.9964037855
36668.3806966389
36674.6266712625
36673.669854397
36717.8773494668
36684.8432605174
36694.0510593558
36717.3415277414
36680.6033693115
36671.2781556697
36691.7878011521
36664.4523454938
36671.058741238
36667.6817148471
36674.5849621587
36653.875458373
36684.5476820862
36676.5639954616
36696.8002966769
36663.8214094255
36701.8501279717
36669.3199437102
36679.4429714996
36687.6481638701
36669.2238025828
36697.471153025
36673.758109234
36668.2104204973
36694.1625739958
36658.4798791792
36673.9369161527
36671.6792158574
36668.2574256793
36692.5319809832
36708.5469301293
36713.5017366901
36718.7399810618
36670.1646371416
36674.4070686517
36703.046451308
36708.0365844928
36669.7352813365
36651.5620719169
36678.6068310178
36673.8901628506
36712.0673395644
36732.2672545768
36692.8937347724
36658.2716064725
36671.3746729304
36703.181786497
36697.1497836288
36714.1095986647
36706.9126531452
36661.9218114058
36721.3829632413
36661.9058266289
36690.1391503773
36675.0833544551
36668.7682870965
36705.0769430085
36671.700464486
36664.0958547056
36699.9747062911
36662.358754915
36671.8016749627
36657.0385617293
36708.0420661106
36670.5087026093
36692.5081914871
36693.3878272069
36644.4473946692
36703.2336531086
36714.3754540172
36709.5598485011
36674.5835928706
36669.4591893399
36685.8044599563
36704.3465792588
36675.8466921402
36665.6809956987
36679.6815550188
36712.5293284416
36673.8980312959
36675.6353956782
36644.5394852267
36656.6272242151
36684.4278089328
36695.7449816341
36657.306102329
36669.3978552072
36679.7096657368
36668.3033010361
36680.1271663983
36678.211647269
36707.5431730487
36646.3208092795
36708.7439841436
36661.8266720921
36667.6093367203
36716.0919256808
36677.6099803575
36659.3638624268
36675.3315403138
36707.3159251544
36680.9045248762
36710.6365448487
36668.4502934888
36714.0164840899
36702.5161085642
36674.0314465925
36667.763046248
36695.8588580396
36707.6750948227
36709.8302346191
36657.137007516
36710.7523248942
36703.3466673163
36645.0551072843
36696.2279972919
36668.4332432354
36676.0490760208
36712.5014160739
36694.4621178153
36664.5850560197
36712.3362060164
36696.1726209827
36680.9985419742
36644.0564922069
36691.4630323991
36675.1003759945
36697.7849800898
36704.6857264245
36721.5058922527
36662.2870933965
36728.8614462547
36704.9981489408
36658.4198662338
36717.7239904818
36642.4424143796
36661.281294574
36648.8771895044
36682.5378150714
36672.8853121224
36671.5410826695
36684.2768661524
36686.5862985783
36691.1539115934
36679.4740097
36682.1439130298
36674.4127609877
36659.4307730574
36722.7698728961
36723.1834459851
36666.6250129294
36668.7727981755
36687.000730599
36650.8415045433
36702.6821039202
36676.1416612114
36666.3071842017
36670.6061990616
36688.0440039474
36679.2481349984
36677.2953000924
36668.8890529709
36721.8621039542
36666.9130863556
36673.3130996694
36708.8797824208
36699.1048141323
36653.2613376835
36701.3455255245
36714.1808069591
36679.6855151804
36652.7118665329
36660.317492483
36665.268554893
36708.4152661939
36703.4351561982
36712.6048789059
36723.8393076683
36689.9604705308
36657.5765513841
36659.3885839041
36689.9035270273
36712.6664524771
36670.4023488645
36676.9247740119
36689.6881780896
36692.9222952713
36710.0860249529
36712.4637670628
36714.7094289619
36702.5083698653
36647.9688071452
36653.897302625
36657.6301753143
36708.2657561736
36686.2220198388
36663.5909218678
36690.8527205138
36666.2512795644
36707.7558144057
36734.8080184895
36706.1818161027
36680.6445365573
36659.3579135623
36723.4478369707
36683.658635057
36682.0511952592
36664.9782772465
36638.69302403
36671.2271685335
36715.1888394651
36689.5709376039
36665.7061511096
36706.4945427494
36708.70775984
36721.2529920617
36682.9850094618
36698.9075956296
36666.5003419215
36675.1624181515
36659.9300563632
36721.7619857274
36709.8186364362
36658.1798441812
36712.1192125993
36685.2832679844
36709.479633716
36714.0195336162
36715.1811483894
36653.9032533879
36637.363922735
36698.6536443654
36698.7303102868
36653.6751191953
36671.7691442138
36699.0216663458
36687.0036735057
36700.3628827458
36716.9263682287
36719.6050783045
36677.4604142958
36711.3852359822
36664.6114913636
36672.3084308703
36672.1790896887
36697.8938013366
36676.0362975142
36661.2879580688
36718.7593729093
36647.5406107443
36717.6284303106
36647.9057097097
36688.9330058286
36683.0144711279
36658.7618933816
36712.0640457254
36663.4399107579
36708.0250924913
36666.6189751932
36711.6712281734
36679.8292870471
36704.9411108115
36660.4949850021
36678.4060220181
36718.7756216644
36678.2216379636
36718.7501604458
36682.8984289698
36683.802791345
36704.1132819885
36694.8598707199
36685.9543842601
36720.5511460158
36732.7360869216
36727.1205894543
36702.3466474489
36671.762018677
36725.2989219071
36684.8997924906
36708.1428633636
36700.5801701579
36698.2211002885
36678.5243751815
36658.5233400919
36672.2486057081
36701.8343839389
36652.3704101599
36734.1757803419
36712.1097874589
36696.9611063289
36676.8866362513
36655.0794575787
36655.2555551308
36668.1042789812
36672.4250078088
36707.4649414463
36683.4438495227
36695.1994801168
36716.4548475301
36716.8343087686
36706.5666022448
36672.7985370833
36670.9755126474
36710.7136325292
36725.8630668694
36675.2402555286
36671.8031450551
36666.5187611625
36662.018111787
36679.6855264479
36704.8577935133
36691.2012425976
36696.6935535711
36692.3589314152
36707.2986502454
36705.2986161249
36671.0030609659
36686.7893747051
36638.6231205688
36674.6285547034
36656.1957281081
36683.1337334392
36700.3331660739
36655.7835242976
36661.1958633895
36662.0974329158
36648.5472208619
36705.5705884381
36661.046038545
36721.2608838489
36705.1924170227
36666.3338394157
36680.1911067423
36667.6609720677
36661.4753681894
36731.1893961021
36687.8996124016
36709.1819250896
36714.4089871836
36717.6345802065
36671.952965927
36717.1043963963
36653.8705427879
36704.7034542516
36678.6388508697
36722.4352369989
36723.7630804968
36699.1267358704
36700.566410035
36677.3249752677
36645.3555551031
36712.4828609198
36709.8079876256
36667.1005379327
36678.6302219608
36709.7965385172
36705.3292772182
36698.5652783057
36658.6282299757
36669.7841391149
36675.401207011
36691.1457301773
36684.1232830362
36654.4160171573
36673.0408784259
36674.2742476598
36690.9143242587
36684.5997720953
36654.6564377351
36681.7103623291
36671.0893601368
36697.7406922238
36670.7238053489
36673.4765606478
36650.7487990538
36714.7987237528
36648.9248893143
36698.063925646
36705.8193463832
36683.7441811854
36663.2774754341
36670.0347618778
36659.215316564
36709.9578539037
36668.3468754705
36705.7150108954
36708.5630615267
36713.9484898348
36700.8667909068
36718.0376712237
36694.7204309654
36717.1978473974
36699.0287737154
36703.2596907134
36707.7041947074
36677.6128378849
36663.5374202586
36700.8579916147
36688.8271875034
36666.5134731636
36641.668736495
36655.5351543195
36698.9670307816
36711.9302474507
36706.9573257715
36691.6561711842
36701.065094549
36731.6759757426
36683.7009297833
36659.3748173771
36658.3674822163
36731.8739211132
36653.9314008864
36701.8809109554
36687.4295329966
36718.9754598549
36674.8235098395
36685.4332948573
36666.4369594461
36688.1742091984
36703.0088345789
36675.5398174552
36676.3542520252
36655.7370738378
36696.5862281092
36712.5013583467
36671.6635765283
36705.1164726982
36687.5385792861
36667.4105824245
36642.9747982442
36657.8307212286
36669.9576752261
36699.0152644324
36691.3734073675
36735.4117837099
36680.817068897
36697.01032552
36704.7121455005
36706.2062711719
36714.7688883122
36657.8860526918
36679.2497453066
36684.913890574
36699.8078906022
36712.8762570766
36672.5851822743
36637.8719418659
36666.7558239444
36669.3580870625
36643.8954828692
36708.6446560085
36669.875484148
36668.4133081822
36698.2223942492
36680.5090823287
36674.1244233701
36722.3913112692
36663.5672083095
36686.5857548027
36692.7052863414
36714.2732551055
36686.684347498
36660.5843420784
36715.0123759507
36688.3897292909
36707.1818323314
36682.9388197949
36729.8129910064
36680.7525618381
36725.8075789436
36725.0870316756
36696.2474786613
36691.2971496539
36686.1240025347
36687.9096062447
36666.5761228316
36710.6852164722
36708.3540900025
36664.7456295419
36648.1746468937
36677.9438213151
36680.8736649261
36695.9656041342
36666.0802206815
36726.0133163883
36656.148396834
36684.422274362
36729.0033556691
36665.8648863495
36681.1674700317
36716.6137927145
36686.0584895432
36713.6478644978
36722.7538957946
36722.9845670729
36712.2049602742
36658.4377417886
36662.6770917658
36706.0184829559
36699.4224506216
36659.2953989754
36700.6450272472
36692.398220591
36680.0535103224
36721.2270287933
36671.1745261419
36688.5997637326
36700.0407935747
36657.2113280527
36665.5595782433
36669.9403151406
36696.2849454421
36672.0349463678
36706.077388829
36718.9457254077
36694.0989569702
36703.9023677029
36696.1438513999
36719.0639299941
36688.5971317824
36675.3615633184
36727.0623758679
36720.4523615563
36699.5562000244
36671.324960247
36689.5011208159
36659.0768766565
36716.1359000863
36686.5093386382
36715.5768967621
36666.3736798049
36713.6112858073
36693.8296823963
36739.1410676601
36731.10861442
36680.2720821862
36704.6467458429
36660.8303539366
36705.9103591642
36709.2963299478
36703.3302820347
36720.5379070886
36694.2326368761
36716.8665563107
36693.2692314024
36688.7882723545
36704.3256139902
36722.0634035191
36711.2864854165
36716.1473561252
36697.9927589997
36695.7473072392
36674.2392030545
36665.4051839181
36690.5716893435
36720.0919818391
36703.2382427653
36671.5519059062
36681.8135984363
36691.9034245721
36713.5696988669
36660.0405313175
36699.5632323916
36687.6306012284
36723.0778268116
36716.3598897966
36673.9384839666
36692.1485179076
36665.9877912383
36673.9152422325
36689.2721358079
36660.9807990576
36659.0222973371
36686.9960374046
36657.6159060558
36670.0021898195
36694.6494802392
36655.2319241666
36641.7170762139
36702.9730055415
36658.2624722504
36648.8369091014
36657.690037183
36676.6095865673
36698.0277641817
36674.383353926
36680.7980662874
36669.2144469823
36658.7730503911
36706.3023599119
36706.6230080086
36672.6045938897
36709.7467871945
36656.760946396
36666.0503669026
36710.4684727116
36693.2335396382
36652.4285079398
36662.4314059658
36714.1671410288
36697.5364674026
36714.5210823689
36717.9229628917
36720.0935304791
36687.5276302274
36674.3843592308
36687.6114523672
36707.3063826522
36698.2529179424
36695.8406110081
36694.5952855729
36659.4682820933
36688.1931797649
36710.2342985214
36655.8748179029
36693.6940936155
36673.5075919716
36635.4947101629
36676.6875270776
36693.6784516931
36650.8491336643
36689.9430081906
36712.9876416752
36664.6485722025
36678.8783713549
36686.1954647523
36667.1837302523
36680.9402353877
36664.6515934597
36711.0507020112
36656.75325377
36661.0347090891
36657.9320048709
36681.2844482522
36657.3687359438
36648.780985619
36668.4469113187
36693.7632996408
36687.0632063541
36674.9383794734
36707.4492461042
36663.1723836366
36695.3338835211
36713.698430965
36654.1059408781
36679.7849220247
36704.0959839691
36679.6652517823
36704.7296765638
36678.4246947134
36722.3371240593
36706.3488815041
36662.5076749531
