36714.8709074239
36726.2727111863
36724.3795474962
36724.0833689736
36722.8204427347
36722.3112438236
36724.2262609733
36722.2748240131
36726.9566456399
36728.8211247989
36727.4750126394
36718.1764889427
36728.3990637757
36726.7102335642
36725.2494390545
36719.7639170123
36721.2198676753
36727.4071851174
36725.9639529183
36723.8189825077
36726.3977645481
36729.5248052754
36724.4951025512
36728.6947836717
36721.4301296497
36720.9886412101
36726.2592447929
36723.5721109861
36725.1266947871
36721.9059359166
36721.8948739391
36722.8871729593
36722.5005262166
36725.4703965915
36721.9281911382
36721.4797293994
36724.5593788263
36722.24991279
36728.4889639294
36724.0039146344
36727.3914099088
36727.0532058986
36719.7274347907
36727.1117368839
36723.0417004749
36727.7359941847
36722.8535315658
36726.091320388
36721.0396043483
36721.6502915897
36721.911079752
36723.5499042802
36720.271465193
36720.7137910019
36716.7302067643
36724.3459387115
36715.8696904875
36727.1773694992
36724.5176875789
36719.4931919498
36725.20882218
36713.0573877354
36726.2615985534
36722.5999821267
36722.5733710284
36723.9195339394
36718.319253858
36720.5269290638
36722.4966818566
36726.413972632
36721.2617585236
36720.8586279527
36727.784021453
36724.9512988219
36725.5555824995
36726.9242411972
36728.3724112744
36726.5218565283
36722.4726790183
36719.6651986905
36721.3326502555
36722.8532025136
36726.3420190616
36726.9255365042
36718.7826961846
36721.7994560652
36724.8537565413
36725.1516874145
36726.4011959996
36726.0243848731
36726.5052597703
36725.1194740394
36721.8363710555
36724.3349109073
36725.6423912294
36726.1802721639
36720.926954687
36724.3528600304
36726.2076266179
36723.2218998628
36727.2492133043
36722.9477967691
36727.9117437102
36723.4608903419
36728.6110854613
36726.1076250878
36727.239051414
36721.2555614444
36719.311019522
36719.1378936982
36721.231553642
36720.3168816194
36713.2168183165
36729.0299957377
36726.7232154224
36720.2449933586
36723.0288865803
36726.6404935808
36724.4732613203
36722.7125747202
36724.3954742339
36715.5204315192
36719.0356581684
36724.4117777467
36726.601736033
36720.3765632294
36723.9647267502
36727.0923715294
36725.0877755426
36725.7369771288
36718.0680736289
36727.0684084747
36713.2172518432
36726.0197788254
36727.3684673402
36726.4259946728
36719.7212520909
36726.9823330046
36730.2046460496
36722.7191025846
36719.0989141833
36726.9599272352
36726.7247221073
36728.6363284178
36725.2646185114
36726.9249781337
36717.2240329601
36727.345161498
36722.8562879124
36725.4980187402
36725.3606172296
36720.7237230816
36729.5493587517
36723.3962710558
36725.7917531919
36728.010663284
36727.0339059272
36727.1116285837
36727.5867452662
36728.0844749828
36728.3466168571
36721.4083090637
36727.8190510778
36721.8543601058
36727.4928363777
36724.9411595445
36725.0205106691
36714.6116754499
36728.6783077956
36722.1569249945
36725.6462797987
36718.9892647615
36724.2363717943
36725.7568376896
36729.6507885267
36721.4696057953
36722.4969410535
36726.0185316572
36728.9245428604
36725.1708498061
36725.7034124867
36721.7623783372
36718.8617845865
36721.5593330503
36727.7594642915
36727.2963477355
36729.5314139465
36718.5609555079
36719.5958119029
36724.4662356183
36729.7668027582
36727.693868688
36727.6576346863
36726.0056575081
36722.6312931001
36725.4812858026
36723.6364071349
36724.048439313
36719.7867292257
36720.3902396287
36725.0036438685
36728.1525569064
36721.4035896842
36725.8160374461
36726.5655198886
36725.1684044549
36721.804847908
36722.2177971993
36727.8956963337
36719.749121348
36722.4154066512
36726.0162010508
36725.2575980025
36727.0531130903
36721.0520180464
36719.8628034008
36726.4044519373
36720.4000666048
36725.429434879
36723.4435870637
36719.2961585914
36726.5723760675
36725.4956259964
36725.7043343106
36726.4591053332
36720.2361264243
36719.3063079774
36724.9919173747
36724.0068285574
36722.8004432276
36722.6507897537
36723.7382281368
36721.175886756
36729.0663532564
36724.0974875471
36728.2419901306
36727.17658231
36724.9924462375
36725.0686457312
36726.4301957941
36725.2547245227
36724.4760387366
36723.1374702952
36727.6069839827
36723.235279322
36721.4893565878
36727.7807741532
36728.490628676
36721.321901928
36725.9763044507
36726.1772217032
36720.5286737589
36720.9591420348
36723.0164005491
36724.0621283422
36726.2354239371
36720.9343058176
36725.8031052251
36723.4105998791
36726.7990218223
36723.6530681443
36724.7414140111
36723.1271507019
36724.6891549121
36721.0935054052
36720.3188331027
36718.9120264802
36723.6191664723
36727.821770728
36718.6659442194
36728.5805851141
36722.2821705121
36726.2584965863
36722.5333823962
36715.687973197
36722.0999640923
36725.4123022157
36723.7859884575
36719.7152909438
36725.7162395589
36725.3867949629
36725.7149160696
36717.630038821
36724.4190546684
36727.6550808103
36726.3282886531
36723.9027739066
36722.1561364118
36718.4254028019
36719.4753860987
36723.6737613851
36725.9822826682
36722.888312964
36721.0939046813
36723.9088429959
36717.7838569026
36725.1139062707
36726.5306517803
36716.0031481875
36724.5236649622
36724.1725214085
36723.4939652814
36728.6615519719
36722.3433112114
36726.625075533
36718.4388300751
36725.0505058332
36724.4490407665
36728.0842372696
36726.2650874318
36718.6522850005
36727.1989978258
36726.3970237162
36726.4753155552
36725.1556278763
36726.3486624124
36715.7527071719
36723.1115951466
36724.5877366203
36725.5444311097
36727.7340580888
36721.7148372691
36730.2032110516
36729.2920578094
36727.5980029476
36720.9404645433
36723.3510004061
36727.9788021852
36724.4543624627
36725.4291429929
36726.8372160445
36723.399645351
36719.6574445898
36725.631539631
36716.3278681142
36728.7766659619
36725.3486743043
36725.8894951102
36728.1109798702
36722.6449876416
36720.7728152045
36718.5953804048
36726.5702171676
36729.0577869118
36727.9940226783
36722.8579728354
36720.1168887074
36721.710183266
36728.8051535365
36726.9019325542
36726.0845796434
36726.2784633465
36714.9196309691
36727.2843958316
36724.9404700218
36723.0357028723
36722.3027305264
36727.4728270358
36717.5679951471
36724.1661429447
36727.2510759018
36725.890350192
36722.4584954669
36718.8577500192
36724.7305221216
36726.9594255282
36724.105034963
36726.3509133359
36724.0167994807
36717.3953350164
36721.318745041
36725.8675471853
36725.6546683203
36722.4957707804
36720.8538675372
36724.9595162313
36718.7752428807
36725.554255011
36719.8998140239
36719.9136179547
36722.5789654839
36725.8523602052
36721.7707571971
36727.7747652018
36719.4334532412
36726.1528318231
36725.1449359582
36718.8878528727
36722.8330685566
36724.6676803249
36722.0568955008
36727.2850445608
36726.7186774577
36725.3895694547
36720.3326973096
36722.7810809778
36726.22180789
36728.4054623491
36721.6824708146
36720.9800092628
36729.0778458807
36720.8564319667
36716.6577610525
36721.1947321513
36721.4168580959
36726.8633470866
36719.8088175254
36726.779018044
36726.9606353044
36723.7819264706
36722.894382395
36722.38853382
36727.817283588
36728.3705805219
36723.3605162921
36725.2304528805
36726.7000612049
36729.3918817424
36718.7613504509
36720.4750195947
36726.63930233
36723.6870134006
36720.0407622756
36724.0178302647
36725.3516496501
36725.2471699394
36726.8437776728
36719.5661694106
36721.1384816793
36721.7527133269
36725.5454641229
36723.7386965066
36719.1832261396
36726.891401444
36718.6633513072
36718.0864034238
36723.4551790446
36719.1577891964
36726.0266393572
36726.0720825383
36724.6823590391
36721.7455658936
36715.3751988224
36725.495632023
36723.2551592984
36716.1499199531
36726.4471110263
36720.3770551287
36723.8001076429
36728.8026446884
36720.348373182
36723.7525343922
36725.2986625995
36726.4028408513
36721.1793517148
36720.5471835776
36722.1270800236
36723.7833084609
36728.29770167
36725.6424129937
36715.2668694146
36720.5142423223
36727.2031936996
36726.7743717895
36724.0148291244
36725.0916316685
36720.7406372111
36727.5263092264
36723.8819448522
36724.0148150623
36719.9159216639
36723.2070895215
36719.2209600116
36728.1489321482
36728.9974105051
36713.8348912104
36729.2688171293
36721.0331203057
36718.0061223359
36724.5105278839
36723.3542588247
36725.4058930279
36722.1850563936
36726.0689646128
36718.7706243342
36728.2049294414
36725.5024534773
36726.3163338396
36725.5098641413
36721.7376853006
36727.3844154746
36724.0516686827
36724.8490014327
36720.069250696
36723.3285238099
36719.0467517186
36723.8323972412
36725.5215497112
36727.0216470343
36720.8102916293
36726.8380419286
36722.8022817838
36725.4189551455
36724.3341959436
36721.1108348771
36721.7933279008
36720.5005169181
36726.1442630633
36722.8397265403
36722.0440144058
36727.908272461
36724.5322043551
36727.1667222506
36722.585291792
36723.177202937
36727.3754514045
36716.2738879596
36725.30619571
36721.3865730305
36727.3967541543
36724.480567736
36724.15707303
36726.719232889
36723.0949514765
36726.687489778
36728.4876679813
36724.8565732208
36726.8879241334
36724.2830771927
36730.1270449682
36727.0255649954
36724.3664860916
36725.9159749819
36729.0313180128
36724.5710182714
36727.7474011387
36719.349931699
36723.6247688363
36726.1843126431
36726.8385826462
36727.7619966934
36726.5735033591
36718.05317853
36723.2742763892
36721.2159194761
36719.6851651395
36727.2006257963
36726.119684152
36728.2877620724
36725.9080794816
36723.0525410774
36716.2151968249
36724.4086770024
36726.9209653779
36726.754994269
36726.1908676531
36725.5151549563
36725.1776030849
36728.2778121347
36725.2079103849
36727.4355419674
36720.0977399287
36720.7743454137
36726.1728678621
36727.0921500298
36717.2641112258
36719.4752516211
36727.7037277878
36726.7267809944
36728.991578864
36725.474902678
36727.4138913653
36728.2046762235
36727.735900641
36719.6055562783
36719.2905553148
36727.7263856924
36721.9921032386
36726.2113444986
36721.175934197
36724.6527573778
36725.7972889977
36725.6290244392
36723.5141000289
36725.0535845313
36725.104527965
36721.3817555876
36723.059673512
36725.2434736304
36716.9782973927
36725.8350964431
36727.8565300687
36726.1748500589
36724.5671132182
36719.4297731608
36726.8534155784
36725.3733484996
36727.4143425868
36721.7585033903
36725.714251574
36728.1698186291
36725.0566098524
36718.6787718093
36723.3900337664
36728.6916015599
36720.1956140486
36719.0717944162
36725.7986571232
36728.5678236192
36727.1973355079
36721.888394369
36722.1729637962
36725.4483036767
36721.3185014418
36725.8476415709
36726.0879109172
36723.7857084371
36726.1982319235
36723.7346518702
36727.6132460512
36726.2090523796
36723.6383979784
36726.274537396
36722.6250841431
36726.2412282932
36723.2267909267
36718.7798578073
36715.8442875563
36724.4898216314
36728.9291973153
36719.1850416729
36726.9604931202
36724.6806507605
36724.5234441013
36725.8782250385
36719.0668787829
36728.1464305784
36715.1587803232
36718.0830386591
36726.5832079832
36719.3022137084
36726.5128617816
36725.2043061426
36728.3031190687
36724.0463505833
36727.6803426893
36723.3934466835
36729.1098107667
36721.3303329342
36728.8748784553
36724.0500080701
36727.9998313306
36726.2119653521
36726.1795572512
36722.7184739031
36724.3655392228
36726.820073054
36721.3825191543
36728.6747105102
36720.5325233336
36721.9952693336
36722.8986397381
36726.4705110372
36722.6256022232
36727.737700456
36722.4415647678
36727.0442257305
36728.5913535313
36725.1826011661
36718.4593521157
36720.1843530851
36724.5275673866
36713.682325176
36728.4832710666
36724.4033123488
36722.5560573008
36721.541708748
36728.2618287873
36723.8995949795
36714.8444321495
36724.1395733877
36727.9922054007
36728.9890634477
36725.7025720606
36719.3246455344
36719.611494452
36723.843353935
36724.5968796793
36717.3655080508
36726.7807094706
36726.3670347173
36725.5584769738
36720.3690460143
36724.8788611706
36721.629956741
36724.5038055017
36717.6732091747
36721.4199727651
36718.9984342322
36722.5138352693
36727.2073757387
36724.135819402
36719.3229167363
36723.2564141564
36722.6210826218
36727.0056219211
36721.2147636358
36722.9429848112
36723.7931581175
36726.565869203
36718.5134110504
36726.9762898627
36717.4842770707
36721.3567565936
36722.7409592225
36722.2257956843
36722.2372930146
36720.1053290367
36729.6582971067
36722.8578100086
36724.6954831374
36725.816901104
36724.5863833368
36726.0848011388
36725.1468214798
36716.4577708477
36725.8892121442
36725.5689557219
36725.5966764588
36728.6384584265
36720.8545792367
36719.6462392051
36725.2214309506
36727.3346238141
36720.3480404191
36728.1295278752
36725.1911299834
36713.5065511074
36720.7554807469
36726.3465454148
36718.1477444611
36724.8626423977
36726.8007697794
36719.9514930054
36724.332291378
36725.5040601
36719.9930469957
36728.0159870726
36721.2365599173
36723.1499651108
36720.6394708633
36718.3890246493
36719.0240407196
36720.5051591429
36725.9062265473
36724.7407328669
36726.6185917374
36719.347692089
36721.0290865603
36727.727643369
36728.7605352491
36727.0955093076
36725.4054194241
36721.4481670297
36723.398205003
36721.0345554151
36727.3997237268
36728.2017116396
36726.7617467476
36722.277125606
36725.3154347741
36720.1996613099
36725.6668699442
36721.6887149951
36721.5262909481
36724.0875033961
36728.725283734
36728.0322888093
36723.5560539214
36721.1039020317
36728.3168640536
36724.8119183686
36723.9896765804
36726.5399715197
36720.0821735583
36718.1747261131
36718.5413606223
36720.7016800728
36723.045526404
36724.0674005308
36727.0824642078
36722.417492247
36724.3346597909
36728.2312200368
36720.9500337278
36722.431345281
36723.6620502372
36723.3084847093
36725.8012779419
36723.2508695718
36725.3444465988
36723.440274958
36726.5727435814
36726.4654244983
36719.0277976644
36723.8165215784
36727.7520675004
36726.8752777398
36719.3720499127
36720.7607775353
36729.4628723281
36725.4721890001
36726.635722298
36723.5716888247
36725.4554106569
36726.4640397548
36725.386951736
36722.0324258657
36727.2105097609
36719.6846074994
36718.607554991
36725.1230957115
36720.0540919985
36722.0519182916
36727.300114923
36721.7469905701
36724.5260647725
36728.5762799839
36727.0438474336
36715.8438310887
36724.133712993
36715.8150609371
36727.068169873
36723.8060280238
36722.9381195072
36721.7499652478
36723.4140853897
36718.6159692203
36725.4958719041
36726.55690716
36725.544283109
36726.4106913397
36723.0795185538
36725.9720108568
36722.0794584573
36721.6478074908
36721.8733860508
36719.3038179794
36725.7484772302
36720.8125773294
36724.7548555812
36727.4974776737
36722.7084939749
36725.6355300914
36719.311329869
36724.8453956262
36726.230895138
36726.7389621818
36726.9136499554
36726.5949161997
36720.5492445912
36727.0210713219
36724.083639167
36725.5968583894
36727.7595984989
36726.4389388147
36721.4361197562
36724.6369155658
36724.0652913008
36724.6826179715
36728.5696717575
36720.7105318353
36726.5966761077
36718.3549334482
36725.6935586757
36720.2523611594
36721.6852223343
36719.4367668724
36728.2968961181
36725.0207212449
36725.8153265431
36721.7457720239
36719.7995558848
36721.3575848643
36726.6128869245
36725.9358804798
36721.5847625947
36721.3148350661
36722.2205909989
36723.0544107715
36724.2522990571
36725.3606813496
36715.3861729338
36724.2394307456
36726.2134533545
36726.8902612521
36723.8518189951
36727.5610251943
36721.6571715176
36727.9210724201
36722.2644367961
36725.0567175105
36723.4142902539
36726.8495390739
36727.8043283223
36726.325945603
36725.1905943121
36722.5175784937
36729.7394952417
36723.618652613
36720.8759616416
36728.738501577
36714.3343935922
36728.0328393966
36724.0812895927
36722.1839263526
36725.6788774143
36720.1245100612
36724.0803287698
36724.8781118532
36721.0342160238
36721.2990456578
36722.4836791984
36721.4870726209
36720.9095960643
36727.009332249
36726.2522589774
36726.5327370339
36726.2794788726
36717.8367229664
36728.8342454864
36725.715430982
36723.8096134278
36718.6232462887
36727.7651941376
36726.545097856
36727.1779193254
36726.0844401351
36728.0741384669
36719.6301911812
36720.5046044642
36728.5507594033
36725.4871929439
36725.7495949967
36719.2975077512
36729.4220578239
36727.6943767548
36721.8423600092
36720.7677904411
36715.6218110769
36724.3972695412
36727.0361161219
36726.099043098
36727.047010552
36725.5300625562
36728.4892592197
36725.7953428843
36725.3315862338
36714.2546582055
36723.0529872406
36718.3929826017
36725.8471342228
36724.7558897108
36717.4765001745
36726.9586371358
36727.9188843687
36727.2396659875
36718.6344528764
36722.9082073646
36728.1719388984
36719.0654868179
36728.2383990141
36721.9834916646
36723.1654219112
36724.0502678487
36722.4553285404
36725.5410473459
36720.1607772654
36719.8674441507
36724.9589409231
36725.4351454585
36725.2641005563
36730.7172644974
36728.5322269464
36719.827189479
36726.5603670671
36726.2714671026
36729.2591385957
36719.3164915303
36726.592056994
36718.7435076863
36724.2296641845
36722.2190518871
36726.9939318587
36724.1547471108
36725.564538731
36720.7042027084
36723.2860566493
36719.7649564612
36728.1193639414
