36689.8299955038
36650.084474223
36681.6584925544
36733.3033569973
36664.6005039145
36710.4422829747
36666.7301363504
36694.5834221049
36666.824467382
36711.2155253416
36675.1583162094
36680.4104719079
36679.7203271753
36662.0303840893
36654.0949761797
36717.7726772812
36710.172546801
36655.9866874266
36645.3709450263
36660.3167085354
36707.5632459406
36714.9583017411
36689.734899318
36706.9309800125
36680.532173852
36648.5278480906
36693.1977189991
36704.7865430295
36695.237873354
36712.7904726514
36701.2830780958
36672.761585821
36660.9661215806
36644.888270181
36672.9475793274
36691.4443273058
36686.7464239335
36664.4931472965
36672.8419718255
36672.1558393257
36701.7862741141
36711.8495940031
36701.3337374232
36675.783828253
36654.0515508576
36719.5165000852
36654.400104478
36679.6859386199
36664.7813335804
36715.1857851604
36696.7417414698
36693.4019993663
36690.8584560457
36690.7093188055
36697.222063425
36693.8162139255
36669.2594661431
36700.0912237139
36668.5269557333
36704.6511416071
36734.2609859074
36700.3339930736
36672.4176982599
36704.7266491728
36649.925555704
36681.9873551363
36669.4390445136
36674.3889482439
36666.4556318013
36690.9081848155
36687.2708344167
36691.3192510294
36700.5290616522
36713.9608874585
36702.9964375846
36667.4087790286
36672.8409487948
36654.5987588219
36700.3651446565
36661.8402331267
36678.9825312432
36668.1510491873
36718.4172611327
36727.1107058306
36700.8237582264
36695.253975532
36691.1545920437
36668.751977125
36649.985159691
36681.0942652458
36685.653993717
36739.1274122783
36659.4835614204
36683.060142074
36679.6556544565
36710.1692358378
36680.4045363486
36692.3834562293
36676.1157707877
36690.8957401347
36656.7306496468
36685.5123231414
36652.560353192
36679.1951438199
36675.8549731377
36675.7381722574
36674.2732566229
36707.1567231568
36669.8700948229
36666.853896526
36707.254391141
36685.3556179697
36672.9016115346
36678.2216870715
36651.8608690864
36709.1245025143
36700.6787669939
36676.062988705
36672.6537370557
36651.192613829
36698.5828477538
36656.0097658344
36740.6157259868
36709.9775842588
36684.176711933
36691.0872954568
36649.1094389063
36693.9959406362
36640.4249613474
36641.5693014713
36692.7213447668
36705.089394885
36651.8027915476
36688.8337042567
36717.0885994691
36686.019122377
36715.0583132437
36691.7864448029
36676.7836088695
36660.8201622401
36693.4995862006
36705.9438306935
36700.0471110075
36675.1864169817
36672.4514954331
36661.7386542103
36695.6996979422
36696.5439805627
36694.4574818578
36665.4687940043
36680.8545707477
36678.1483979965
36719.6489415002
36707.5281378848
36705.6127596385
36696.7643918945
36675.805881145
36710.9498528504
36663.4783917053
36682.0936131514
36703.7789710493
36670.300574438
36715.7819085063
36696.3828402475
36683.0101396826
36681.9226140534
36718.4584705088
36686.5362397927
36679.946334775
36706.9314876548
36645.6506819006
36724.2864032634
36705.9581051264
36650.8765600631
36695.8534024264
36648.667986819
36676.1497131705
36643.2703996777
36712.1044502791
36713.9422535044
36647.6977115267
36711.3408067624
36708.1671440882
36710.3828421224
36705.4712130155
36655.8027336932
36695.9294585285
36698.5732984257
36663.7520186248
36711.9587400024
36707.2016150175
36696.7664794239
36697.3830308963
36663.0158991846
36692.0320803544
36722.6549366558
36682.7249369297
36691.7449225999
36681.4788793408
36690.7317526658
36662.5751931696
36694.463812071
36653.9502965063
36701.238253408
36702.7612877363
36700.1108203753
36671.7435651049
36676.365474394
36680.3798159839
36696.9308816413
36673.0384111695
36671.7573068634
36707.6494789905
36697.1864251148
36673.3853212587
36696.6628610658
36728.3599388171
36684.3093711014
36704.1439243123
36683.6270705816
36680.7293573904
36664.670039329
36674.4109750737
36698.3538407492
36661.9144281763
36679.806777448
36705.8990987249
36682.257487471
36695.7123528782
36681.9151565893
36674.0815932987
36693.0055855232
36686.9025340831
36700.2773241668
36657.9813438928
36669.0703476468
36659.1344133973
36693.4035443256
36683.5701738452
36684.5639257486
36671.8594437505
36683.2554301301
36722.8211350572
36696.2504082396
36674.9701479086
36665.4591731618
36691.877432683
36664.6128523814
36676.9538904788
36683.9485353549
36687.1048057426
36672.2236181527
36691.1216699762
36695.6118885723
36677.123181587
36721.9645183108
36694.0668317716
36661.4633988475
36694.6067573961
36685.3103752636
36688.659653381
36711.4150985651
36670.0005021347
36700.5248992841
36676.1282211972
36659.3301792431
36700.642703689
36676.6632908494
36652.8301657868
36681.5833453558
36689.0968997421
36711.0634267988
36693.1205196384
36685.5523933429
36660.0260987926
36684.6793373929
36709.5336939404
36669.3751200245
36695.8342079095
36697.7996654355
36666.1904621573
36673.5035324518
36714.7184152983
36695.8822079363
36657.2328440428
36685.7845239686
36702.6331310436
36671.8380601345
36710.5076138994
36666.774382786
36693.2649725933
36701.4949993031
36701.9447620444
36655.8501846219
36712.7869571998
36652.4380424788
36672.7781698146
36672.4228021762
36707.8656207712
36682.0922465856
36681.0227330212
36682.5445626404
36722.7789676857
36673.3205984691
36672.3495520792
36646.2836747918
36708.9259415983
36703.3727774671
36681.8693032487
36703.3987888195
36704.3237857146
36618.2162528365
36697.7378826731
36655.0910912355
36688.620033404
36723.6358464849
36673.2725092497
36708.2746272106
36717.1383226948
36710.8582490944
36696.7838859147
36691.073354789
36697.8159451459
36711.1241300541
36667.1786184645
36675.7787356573
36710.5966136295
36645.1033396645
36674.0701415076
36706.5944204389
36659.916301628
36701.8030296117
36672.6472781875
36687.0213634686
36723.0881938093
36687.6544474606
36690.3975421651
36679.7729985632
36688.3490301482
36664.5924599791
36647.3817324281
36677.9339745052
36665.0084264626
36663.8823803828
36650.7790499719
36665.9970534186
36697.0773774624
36690.9883475899
36666.6276469548
36666.9387443854
36700.9862257335
36691.842517392
36694.841167464
36679.4039138296
36674.623267931
36652.052540829
36695.7630775586
36698.3178255491
36697.920372364
36656.3416084349
36690.4650922592
36681.7393066443
36710.5320989028
36678.1031699748
36656.8885272411
36663.6129722978
36708.6443537722
36702.6002345649
36652.1084572918
36689.5255986393
36696.6632427062
36658.7989052746
36679.0739197248
36658.3171862684
36717.5025324546
36716.121923837
36644.6106806106
36696.9260840726
36664.4341182889
36716.0854463217
36668.6111945946
36712.2127314731
36705.630847338
36667.707066447
36666.8660528417
36711.2968257252
36682.6221778051
36663.9167553945
36679.8142727213
36683.8597667037
36701.0486101248
36723.0053118884
36700.1332818343
36718.3078676811
36694.4491251471
36657.0757086488
36688.7365903204
36649.5804117053
36704.781228337
36719.5534301727
36686.116330889
36670.0059805622
36687.770494066
36704.2738208025
36650.3562417329
36695.1235195237
36643.9357714328
36681.3817509724
36688.3756492353
36692.4999561721
36667.8694888069
36682.5794049521
36653.8900454251
36633.2141790172
36708.8695076951
36660.7877236411
36665.2163750971
36635.4727654435
36699.4051350297
36652.4920117934
36671.2101811692
36694.1251457158
36633.7469709516
36702.9571526999
36696.3521126736
36719.2421414719
36683.2559749097
36703.824600423
36679.5463683854
36678.8938767929
36656.0071618913
36694.431538047
36675.0768339615
36720.1071777799
36695.5516347657
36656.33577907
36687.343365277
36709.1542042754
36688.9567024702
36655.5997900718
36670.6659443925
36657.58115371
36682.2764618291
36704.0040683853
36678.4854835376
36671.6899909707
36687.2192483565
36719.8519891573
36651.2772010989
36704.9891776136
36703.3422813377
36701.030919585
36664.0436209305
36657.3422092426
36640.4526520376
36682.440406006
36669.6829554755
36707.3382186273
36685.5527011118
36713.5786165635
36678.8567811256
36661.972570995
36692.0405690056
36707.2719713728
36689.4661213798
36688.1980521882
36704.0550799156
36713.4927879238
36676.4452084052
36686.6785862703
36702.9834212803
36697.1544315534
36649.9120467333
36698.3211166751
36692.8435805563
36723.0406900245
36711.2284311963
36685.6910935926
36669.8526054632
36671.9397444093
36700.7805453502
36670.6090122088
36669.9540869921
36718.8243205497
36677.424947857
36701.4813481214
36650.2568622273
36698.2547104834
36699.5767283267
36705.6642630251
36636.7378458099
36726.1305716487
36707.5397604463
36668.8837981166
36694.6894970878
36698.0825591626
36670.8383766903
36647.3676172578
36677.7745541306
36703.7588838613
36670.7755371249
36685.9926013576
36681.1367015304
36663.1259408643
36729.507064846
36706.7692851857
36679.195158564
36702.4337939969
36680.5897446769
36720.1488045682
36683.2832112488
36673.5988131602
36651.2494916086
36681.5413310276
36684.4231971288
36693.1569262929
36694.8147004093
36684.2170210263
36709.7657962467
36686.5049751256
36632.1920881954
36690.6490415316
36709.7914470081
36654.9799703594
36677.6889487033
36668.6167049222
36707.0296887712
36669.901732438
36669.430741125
36687.4050368495
36730.0707768671
36707.8554260941
36701.6428234882
36703.1548262596
36705.510730677
36711.9427533526
36673.4204902334
36673.9541187037
36716.3994378366
36661.6441754333
36651.7317665991
36672.6098419195
36686.740377561
36704.4717987593
36717.7114078395
36707.9648403332
36670.5581660055
36662.3368264771
36688.0628041783
36677.7359671117
36650.5827209701
36658.2195945397
36675.0450214975
36662.367220196
36709.5369400063
36655.1016355961
36677.4413465731
36702.0914948704
36656.5117447843
36675.0296190412
36649.1051306925
36696.6423525328
36706.5474498852
36691.313250681
36662.298202831
36695.2391589822
36693.9252359096
36713.0523483402
36712.4715175097
36692.1723425878
36709.068454176
36658.3811949662
36711.7783682288
36665.9291557002
36705.0915393574
36710.9952129124
36705.5926049267
36696.2297333577
36669.8508127665
36718.3215419332
36684.3814820082
36688.4143594952
36722.2406254284
36687.8585702922
36708.7972135437
36707.6603741576
36679.2246589549
36661.1611528143
36703.3672237049
36679.2964348681
36707.0427035759
36628.8437545185
36675.5725709155
36651.5807035981
36706.2000024748
36696.6136034296
36698.6673294921
36712.6489982337
36681.4517267202
36702.7068430497
36691.9116530267
36704.7967270552
36681.9324552601
36663.0825333367
36667.2575839014
36705.5794767809
36663.1033003061
36710.395919376
36695.4778611789
36723.1973137501
36682.9574132333
36664.2968317014
36704.382296185
36690.0012319526
36682.2249055626
36720.9212400973
36689.1579616425
36684.6148076764
36644.8221915306
36686.0575791112
36678.3076659964
36705.4240150637
36710.2707196553
36685.8875274011
36693.7830143053
36667.9860811169
36696.7213647104
36710.499273797
36677.7828430946
36694.9434506458
36667.4172389057
36718.650903394
36650.4364562058
36701.9373386264
36690.8051814358
36687.5242232821
36680.9331259539
36672.8708612384
36700.1487606643
36689.9608217247
36712.7481203465
36716.6201494784
36661.3576525663
36684.6417801276
36657.1698139666
36704.7474878541
36684.3624027707
36693.6486518622
36709.7111692735
36691.8545955708
36695.8354107461
36673.52868223
36715.5034282668
36687.4524377106
36672.0715702891
36704.818388103
36716.7672401844
36672.2091920226
36697.9788147091
36717.4995079234
36706.8380752834
36645.8953815157
36670.3635992715
36687.6525133827
36689.0616803503
36689.797047697
36724.5436950339
36641.8663202849
36688.0647863526
36705.9745312465
36724.501834671
36684.5918143564
36681.7627330554
36694.2529875821
36643.7777140718
36651.5296543121
36686.8673816711
36700.624800891
36652.4878693861
36673.9033333111
36696.4506983447
36668.9467661824
36695.3620713111
36700.3782000943
36674.7008844005
36686.9854516747
36701.5103742324
36710.9993055999
36700.8567863717
36673.124476118
36677.2805062548
36674.6885549005
36713.2988724567
36681.9105943146
36662.6696108708
36675.7086008955
36706.3858544345
36674.7284207837
36645.3691406632
36657.5900681385
36684.2408865419
36680.5640033619
36655.0440709387
36685.84688748
36694.0923267906
36687.9857902957
36689.6943491008
36672.7344065178
36658.5579148302
36672.556130886
36673.3785387752
36701.8680981722
36698.3621688746
36661.8068630034
36679.9701312006
36719.3520202925
36699.0521596747
36699.9274092577
36677.4324824318
36648.3986309086
36685.895509273
36649.3426376056
36660.3976695939
36706.478212506
36718.5783926882
36705.5940135269
36654.0695750091
36702.267535501
36693.1383481261
36696.4891291492
36655.7120289567
36690.8559072205
36675.6386411485
36669.2892390973
36666.3629421138
36680.6380503513
36682.4721575991
36693.8734745137
36641.5022189725
36685.0494431143
36663.1381528556
36700.4959057246
36713.5032963202
36690.6000724742
36678.1880018122
36680.8413039369
36713.1898480534
36694.8685699161
36689.5577878535
36649.6294443725
36699.1680054133
36707.5034075489
36691.1786792929
36643.2914106893
36719.1240998544
36707.9814687977
36731.0557915347
36701.2221373625
36654.5760818366
36697.1130536155
36686.1919722576
36712.520543319
36701.379343079
36706.847437598
36695.8017663639
36706.7082067836
36671.4735259502
36690.2777439845
36725.5292947137
36669.0629939995
36670.7400556687
36693.0536005573
36658.0250337695
36654.4195034834
36670.5586974385
36674.3155565954
36685.3015798024
36670.8073520292
36683.8114690327
36707.766104256
36638.7093231154
36704.7477787757
36691.2580397231
36679.3296235649
36697.5856784066
36655.2059305616
36711.2016647738
36730.2797554595
36713.1131305095
36653.2294528458
36723.9330901777
36715.6919375819
36691.4216748723
36666.8803457718
36670.6176403634
36708.8278237881
36714.9304223763
36636.9269127428
36710.1455666632
36721.5519844052
36686.3214977992
36660.215423422
36664.9471822745
36703.6883839438
36700.0386092101
36715.6370379288
36677.4985103888
36691.5660867696
36708.164548195
36712.9516251358
36682.5664821106
36668.438805059
36700.179151725
36693.7624977662
36706.5481049942
36676.0878306598
36679.9410390024
36681.8591807978
36649.4164479815
36699.4878013164
36705.9780597434
36687.9014005841
36711.8688516251
36707.308395029
36695.7708523993
36679.2326623865
36699.5410807085
36668.4064478778
36694.7209333226
36674.2592746674
36725.5666602746
36682.2060503082
36669.8531268822
36670.4535513831
36680.3171244489
36710.324946688
36670.4024104696
36632.337571377
36640.0775558802
36683.9222449636
36693.6110538628
36684.3192919302
36675.6141648996
36682.4949050587
36685.9743816634
36658.9344839532
36662.7877811139
36658.9782366116
36758.3381809958
36708.4333428437
36694.2749604014
36666.8381680294
36690.0938118692
36667.8308822527
36664.6751391968
36693.718477679
36703.5917978436
36691.6721820701
36701.246918442
36706.0858648909
36643.0164034638
36698.027020756
36695.1873147007
36723.3343415212
36710.0969145949
36668.8239028819
36692.6737377593
36661.5393597391
36664.2967893864
36696.7679936436
36680.3398050065
36669.4766468686
36644.8994261296
36677.1262814196
36696.1918865022
36706.5474226015
36709.4915956039
36686.988818472
36710.3331275416
36679.3784925437
36664.8882564764
36691.9051552006
36674.3833692082
36663.7263584429
36680.3934599138
36657.4885577787
36702.4169629797
36713.8495612374
36661.115446655
36688.7414766077
36705.1459375667
36701.9415029159
36684.3854995195
36691.5111154788
36682.4954933972
36693.2665151979
36715.242072921
36704.671549547
36713.0406942859
36695.1959746389
36671.1227701578
36693.0783692071
36676.7788175515
36700.5852071145
36699.317436176
36688.3031554901
36695.2528639901
36681.6710187363
36694.6447530391
36722.691661292
36700.0284296004
36655.8973184
36665.3857779361
36686.3151333691
36689.0692866204
36698.2506061402
36709.1707253627
36732.1263145855
36646.064153792
36635.9110959334
36692.5860787254
36709.7380130455
36684.2873518412
36707.4589626601
36700.6250880155
36667.8704950442
36652.1694866707
36695.4590615432
36680.9423656143
36686.2601203071
36702.2167833785
36713.5079339856
36676.4218308847
36702.0957770078
36641.6603315572
36702.6950923312
36659.7376434615
36669.1727955411
36687.15471021
36683.82817596
36668.6174810404
36683.0485738285
36693.4929139665
36707.6615436607
36679.9259485162
36651.8314565082
36667.3982784611
36676.5973949001
36662.3025885895
36685.5838372614
36696.9098771933
36660.4106121851
36679.5079754799
36671.7893061593
36706.9984786104
36685.7468270696
36689.0359401897
36687.4476811119
36728.2138501496
36690.3685407117
36718.5335982376
36700.4948003625
36659.0155684859
36725.2490118527
36717.6958921977
36700.2589509708
36683.5825419183
36690.253867682
36674.7108429505
36686.3016496531
36694.2108673699
36678.1980042646
36703.1111626233
36642.9231093783
36680.4904811087
36710.9919158304
36680.8168004787
36656.3068105699
36647.4247390336
36712.0088618006
36702.0108237602
36683.0904960936
36671.9971036477
36711.4571593943
36695.8830297615
36686.0773356141
36683.7567105665
36698.6564728708
36696.398164882
36633.3014488624
36704.893036853
36660.7364977908
36707.8552948891
36674.4453010726
36668.0794123477
36694.2155011003
36694.5293866028
36707.5437248984
36728.262406389
36678.319065713
