36727.0906243379
36683.6898868986
36685.125145638
36679.998549089
36684.6878942926
36685.9945421534
36681.7681683708
36672.8723323408
36730.722913097
36683.8974200914
36683.0368646349
36681.8785826421
36679.9949266906
36673.1040785702
36672.7836570169
36684.2505841515
36686.5458484926
36685.8199408967
36676.6655572024
36681.7920764031
36670.6965585573
36683.6825088761
36676.9189175586
36680.0928738036
36728.4812879396
36678.1121760972
36684.0149211718
36677.3259647932
36682.2467606733
36679.5888558344
36679.5479290121
36703.1439165199
36683.4512176135
36675.6904681881
36679.6375532204
36682.5072555587
36675.9736523838
36681.816681912
36686.1167544071
36687.3852579765
36670.345347238
36674.0013587661
36678.881319836
36684.9925351279
36680.7879096703
36675.4184897253
36732.268504402
36685.8796024528
36676.1741980382
36680.250416261
36682.1919116597
36674.8714300175
36675.8934336233
36680.9922428701
36674.0004884833
36680.1065924049
36682.5773019436
36680.7994274689
36675.7432702834
36679.8646457195
36679.4958214348
36677.7041003996
36678.2435112803
36705.8638636769
36677.2540649128
36723.6347415034
36683.2885102182
36677.4917104383
36684.911806186
36684.806420247
36677.6523896297
36680.5268519187
36676.9376390397
36678.7553846212
36683.9396167517
36691.986591102
36684.026843771
36678.4006527354
36678.7592343512
36685.0695560741
36683.1877020355
36675.9609920438
36679.3775137666
36680.3166626751
36684.259846108
36679.5870723264
36699.2438203826
36682.9659580461
36674.1625657977
36732.1913080397
36678.219732796
36676.5537542555
36680.1429092507
36682.8448224226
36678.8752855701
36674.0470808905
36681.3459607533
36680.1717535907
36676.9761015137
36681.5666816582
36677.2274936221
36676.9306391637
36700.5489106269
36682.1485174725
36721.9821266947
36674.1951493536
36675.4862327964
36683.1952686179
36675.9496194805
36682.6593130855
36730.669314741
36678.6488971646
36676.9615150656
36679.0887255457
36683.4822558107
36675.5920634312
36679.0522884679
36681.8665201896
36680.433879948
36677.2622215858
36677.5371435152
36682.7132264409
36681.5483278566
36674.7779844279
36678.3164155642
36682.6240078006
36679.3988019459
36681.0049708257
36675.9865466096
36677.9963546642
36702.5336438846
36676.8114443553
36690.8253572928
36683.4709739489
36678.5885467405
36682.764947932
36679.4701244635
36677.1543419101
36684.9176653728
36676.492662863
36676.565355145
36674.6076412517
36683.642209846
36686.3029058033
36728.8444340733
36683.8785993249
36731.6939843212
36680.8641166431
36682.5428876635
36677.75534257
36685.4702728407
36676.4692321665
36681.753190788
36684.3330052051
36682.4105076738
36677.8864945879
36677.6978255648
36677.385904798
36668.9786052183
36685.3440489027
36675.4451151098
36675.9671336464
36677.1531912842
36688.2514599871
36673.819596081
36680.8484108854
36684.1193002588
36682.9369470067
36724.353143471
36681.9440847602
36673.5957598928
36681.6343938919
36678.4580056337
36686.1297904315
36679.8960714176
36681.6898936837
36725.5841120177
36691.81290546
36676.2665370681
36680.771644619
36684.8834586345
36685.9526741378
36681.4615132736
36681.57953606
36673.7466972457
36681.0051141045
36682.4336095045
36687.115549951
36674.6359728936
36671.6205539354
36680.5656503681
36678.9996293701
36680.711543113
36688.2166242994
36676.1759155224
36680.684174979
36675.7126331197
36678.7883929611
36689.7886152251
36679.7678261266
36679.1945078958
36676.133923654
36682.0311208905
36685.203350494
36682.657231736
36681.5761334274
36679.5302921917
36679.9099234781
36683.2392103389
36731.723334421
36678.3405075609
36684.846106707
36685.8328112807
36678.0334149574
36681.5511617301
36731.586689855
36685.9993917045
36680.7191770827
36685.2999072733
36679.0517715906
36676.4061077072
36685.1290294404
36686.901497652
36673.5044845176
36686.7022474781
36681.1477726508
36678.3287614494
36678.6297116464
36680.5685135653
36678.9994926231
36682.9602947363
36681.9620618636
36668.6947965188
36677.6979601419
36681.2900702854
36685.813226955
36680.4407055091
36678.136503363
36679.9115855765
36731.5343470283
36679.7041253583
36724.0637121626
36686.7143929518
36681.5802049971
36679.7351858183
36677.6373389607
36678.1657122523
36686.756880672
36684.1327510974
36683.5559767274
36681.2616143173
36681.8079583088
36677.5973516788
36679.7334241958
36683.9269371775
36681.2788184144
36681.7852433813
36684.3445596322
36680.5062236521
36676.1726489764
36682.6037007146
36677.073753528
36676.6521459592
36682.3458304036
36683.1878389806
36677.7717348726
36685.0834191808
36681.2636199743
36690.3245470752
36675.5819189062
36682.7699472531
36677.9218886783
36728.5543898646
36682.963806453
36678.7239821898
36682.0362674509
36673.720844914
36680.0541443693
36677.6587639468
36682.9976593345
36682.9144755624
36680.4881918725
36684.4426457405
36680.8367735803
36684.6349548228
36681.1016280452
36679.2140118044
36675.0035010775
36676.243201637
36679.9446631659
36684.2075192182
36682.3323683352
36680.6766950488
36673.1975261269
36676.5503983535
36688.2043807593
36675.6388977078
36680.171671409
36673.5427434074
36672.3832851678
36682.8827028933
36680.734814251
36684.0836550542
36685.7381042694
36676.8627824649
36689.0048835712
36680.495223814
36677.3512535142
36681.6481791819
36678.6795080819
36678.6345614969
36680.8646818586
36684.680469809
36675.9450912598
36678.2900530933
36683.6870435351
36677.7423298813
36679.1108989854
36726.7469983936
36681.4256860808
36726.0785662038
36681.9339420886
36679.4481253764
36672.6100910525
36686.7373213546
36682.9778698674
36686.2954240735
36690.1177461606
36678.2254832021
36683.5421849487
36684.1911232588
36685.2458065009
36679.7038528106
36679.729387115
36682.1116502416
36677.6464976067
36681.0888885981
36678.1501844048
36684.1343993228
36679.185236182
36730.1377531967
36679.9666595968
36681.6626090327
36685.2126873592
36681.8534683411
36680.0342499257
36728.6133835077
36683.1860388399
36683.4665377629
36679.4714436985
36687.1798548118
36684.9314005999
36678.0668898572
36681.3108231335
36668.6797713608
36677.7825022573
36679.7361659782
36674.4325790841
36671.9395286535
36677.8990096492
36685.4166204604
36689.4118180592
36675.286648566
36678.7584101905
36675.2608148736
36680.3106286478
36730.9353294369
36683.480386098
36677.0952425139
36686.3163704189
36678.6987121758
36680.3180022298
36681.0980303527
36676.9519122582
36679.4262469844
36675.7838475667
36681.9247597925
36678.1344480602
36729.9228979385
36679.8801427569
36677.7686285473
36677.5876669095
36671.1318105869
36684.8042503761
36679.3982009802
36678.6153286961
36681.7235777539
36684.8009079591
36727.8202233541
36678.0533091972
36682.1627435806
36684.5148510407
36677.9422616556
36677.5005079938
36690.1340078039
36676.742146683
36686.0555482783
36678.4338904831
36677.1704302923
36679.6040596183
36735.0119238845
36686.4080254868
36679.4273124408
36679.1789103454
36679.7081530575
36676.8228482307
36680.2930024004
36676.4781282741
36681.9827438427
36686.8714140739
36686.0538571625
36721.4133262662
36680.7685002248
36684.5979458646
36678.8388175393
36671.4255737105
36684.9603211516
36676.9065813372
36682.5254800256
36686.6429388782
36677.751036469
36681.3002175874
36681.2266357618
36675.8615224272
36678.866693227
36677.297283012
36680.481809227
36677.0339489124
36680.0794531776
36682.0820737251
36683.9783375046
36684.7764061506
36683.4618362539
36676.3993069986
36680.3609496506
36681.9740431254
36681.5747585473
36676.0052094409
36682.1318959947
36680.7516475052
36683.3749164962
36676.7430222802
36681.086377778
36681.8344298913
36675.7497857341
36728.0096481372
36682.7501795042
36680.6428363821
36687.4836322618
36686.7203242944
36676.9412716294
36680.6531511534
36686.0356041344
36682.4195975169
36678.5594641018
36681.9457757503
36678.9855874251
36675.9339790722
36684.2449341177
36682.7315196457
36676.4412158504
36679.2478995364
36679.4160570161
36672.1374211489
36730.5574285269
36678.0645700579
36685.2767915005
36680.7411354543
36684.6101634472
36680.672530435
36681.3826006155
36691.179013455
36678.229323428
36683.7276422552
36676.8817017361
36727.6673961724
36682.2029126656
36676.278021233
36679.7828805852
36680.1825023494
36678.18857148
36681.387597447
36679.5219917325
36680.3422222429
36675.2918973209
36674.1776873253
36676.4136440847
36675.999994231
36680.4670774713
36679.3514713352
36680.4564350277
36681.6291202622
36672.00035928
36678.6143381889
36686.6537940733
36673.9806357581
36689.1924941246
36683.2353142076
36685.9462384556
36679.7299942011
36677.6558281773
36673.6835391067
36679.2184995436
36677.6828998736
36723.0569419051
36686.2745616755
36684.8234829122
36680.8393298173
36679.8481645823
36682.2194354652
36681.6611141794
36677.3514813121
36679.1981277106
36677.8401038385
36684.8397280112
36677.6466733749
36679.5165776373
36677.06420239
36678.8169929431
36668.9679536147
36682.5539565985
36678.6109524203
36679.8898059532
36678.0005680851
36677.466187097
36684.8883059218
36683.5429015767
36701.0102988212
36729.4698185288
36683.3111601209
36684.2146762491
36677.6501857144
36679.1637200653
36681.1493258945
36682.2349819795
36681.3963454653
36678.1832605917
36675.6447780305
36675.4979567662
36673.5787685678
36677.291812899
36680.3287718905
36680.5206413718
36679.6988399958
36679.0358639064
36682.0850506246
36682.9536036414
36725.1790959961
36682.1480001868
36677.912084127
36683.9071567543
36677.9364147198
36686.0217620318
36673.0891423845
36688.5706247542
36674.8447309379
36700.4837814815
36678.8858293374
36683.8509298568
36676.2288673961
36684.3728834068
36685.0436912731
36677.7486278302
36726.7849199872
36681.6490714908
36687.6698262008
36677.4299848355
36679.390532314
36677.1336473258
36678.7367029531
36681.5387467039
36677.0844827717
36678.8572801333
36679.5577262648
36678.8557043188
36678.065063649
36675.9360667077
36677.5882182041
36683.9251976207
36685.975921838
36679.8357622567
36677.6581309459
36685.5697013585
36686.0776016704
36672.1827684238
36678.1341813141
36684.2292654614
36683.7534408733
36682.1874194179
36674.5460753793
36680.6159640453
36694.678720214
36679.768557056
36673.5564784676
36682.5574118696
36678.4286192737
36680.698862568
36679.9431791188
36680.5067451702
36678.8286445792
36675.9104789074
36671.5104008141
36680.4674976586
36682.4559464076
36674.5599635016
36684.2534851788
36735.8904851466
36681.7519803528
36682.2790457236
36685.0900294239
36681.9816907311
36672.3299289357
36683.4833648443
36683.3884691203
36680.4963923504
36678.9461283095
36683.8855775491
36676.8580365739
36681.6709933996
36731.3925038424
36678.6250289393
36677.9757960419
36681.2082267576
36683.1840682953
36686.1313087724
36684.2407217115
36680.1361217971
36676.8886105952
36688.24598848
36680.4335570296
36674.8571169451
36689.9699166069
36680.9025660004
36676.9327996883
36674.5163349837
36687.4640034401
36683.9097304136
36678.8683439624
36677.0625984872
36672.4080983492
36676.4611992369
36684.5212470514
36683.7097896748
36675.4454466439
36678.352589415
36679.1895082647
36673.1851472696
36682.6774876086
36683.362444408
36680.8218094824
36682.0735873799
36728.8740000171
36685.0911074985
36679.1570905358
36686.0890409319
36687.2928118209
36684.0608269518
36674.6006629995
36678.8553429262
36675.9109074539
36678.6999859517
36680.7150998696
36676.3808408034
36681.6576450182
36678.8331421297
36678.6074486703
36684.6261016848
36682.0295788955
36677.584650318
36677.3813645446
36678.4526677265
36680.1202564095
36685.3323969195
36687.9602617755
36684.1804089911
36683.394865112
36679.173336512
36722.2490010247
36676.6918507797
36674.7553253168
36680.8951992884
36678.6638144941
36679.920953797
36680.6491030278
36688.7406974458
36676.9106436917
36686.2543236116
36690.7707386069
36673.749686242
36692.7028723944
36677.9892068291
36733.4024652181
36680.4727977259
36675.0858787557
36684.6442723713
36679.2002091281
36677.5850160321
36733.0446039603
36675.3245899577
36676.7878873574
36681.2013689908
36687.3489955227
36675.1318647201
36678.4941695184
36682.0983366252
36675.4776575691
36678.6557736528
36677.6601991344
36728.5797612079
36676.6844781385
36680.859024893
36678.3814671731
36670.0410721185
36684.9744651597
36680.3343412774
36684.9799892718
36675.3388787054
36685.1356942066
36675.0473239014
36679.8377773887
36682.4164841511
36683.4256278611
36678.6698076225
36678.5283029152
36678.8185210311
36677.1804558186
36676.8160483892
36675.01296267
36684.5886547384
36678.524164267
36682.2638458114
36681.3002724691
36677.7139543278
36730.7264296353
36675.3260967441
36677.1688950333
36682.4079049106
36678.8671595074
36681.9594741383
36674.9275211015
36680.9335569188
36672.3847359321
36677.9455999673
36685.4266473055
36678.7320966647
36681.589521402
36677.9182212431
36673.0638907117
36683.9219258527
36682.9845871421
36686.9736805763
36673.4902623721
36682.8941518961
36681.3576023368
36676.4764103261
36687.9725621402
36677.8585205146
36676.4654201312
36678.8260482796
36682.6731856738
36676.2591458938
36685.9773798019
36681.9044422702
36689.9998901854
36678.1026322534
36679.0361549775
36687.0298074902
36673.7104251184
36675.9296271612
36678.3120284748
36686.5317290166
36680.2066454708
36678.3165414237
36684.0813758138
36681.7452463454
36672.9532148887
36679.5781571502
36681.6170904732
36676.034716764
36676.3648095806
36684.8056197076
36691.4144837334
36682.1124038334
36684.0458177379
36671.2282148064
36692.240612135
36679.0588151677
36729.8674413938
36688.2681733134
36679.1959344252
36684.0432343029
36695.696476258
36677.6530219904
36683.7933357488
36681.8535707017
36690.1039418412
36685.6014576721
36679.6593189137
36679.76843483
36675.2587141644
36686.1729607595
36680.6038780613
36668.9202088653
36675.9905481448
36677.2470266574
36682.7573343454
36679.074511549
36682.5038468307
36675.9347933576
36678.2155519654
36677.332177386
36683.8317186205
36678.7242674016
36680.8630714095
36678.3722783097
36678.5155480759
36680.8942975681
36688.316149189
36681.0466705752
36678.989371627
36679.9675854139
36681.964251841
36681.1770550307
36680.864208271
36680.4570244046
36672.6343336047
36727.5646095879
36676.6854302546
36684.5387701692
36681.8988740717
36677.0353950432
36679.2253559195
36688.7876811704
36682.3372329064
36682.3160132903
36687.9669430429
36681.6491905275
36676.4258256625
36685.3566418151
36680.3311336002
36684.3475954568
36677.5507272841
36683.1965218264
36685.2013891908
36678.4861746039
36731.5834163805
36680.5687006641
36680.11248613
36676.2809971167
36678.6108084286
36684.6616195993
36676.1593679466
36679.2847161583
36677.1697690612
36682.1625670002
36689.2263547527
36718.1707262531
36673.8386403594
36676.420847556
36683.2622930452
36679.9672678351
36687.5588524781
36683.527459199
36679.5726067684
36683.2310399428
36704.9055322615
36683.2519096714
36688.87483317
36682.4418991787
36678.6152962933
36677.3158896313
36684.3060416054
36671.2487576848
36680.4145057524
36682.9141684015
36682.0770433749
36674.4949837731
36678.418915275
36683.9045767373
36682.9521862751
36680.3995589524
36680.8560266731
36730.8141781329
36680.1868874889
36676.8365628716
36675.3204852241
36677.0546567651
36674.3985511516
36735.0906770454
36678.2266794238
36690.2132049214
36681.1379494076
36677.4993555083
36678.6924296988
36678.754793529
36680.4870306637
36678.7822278603
36686.502771412
36681.118872293
36676.6520505185
36679.3720187154
36682.0448828316
36679.3664271287
36674.2180631587
36675.6613632852
36677.2021770149
36680.7456284017
36676.8060469027
36677.8719404407
36689.0920780658
36670.8131419852
36680.2096404836
36678.7649092995
36677.4240925988
36674.5951434097
36689.2994980285
36677.1046939868
36676.8366660845
36677.7542383923
36676.8157199991
36671.2213194783
36678.5494306865
36684.3520112834
36673.315671992
36729.7556418015
36680.7794797443
36682.4409218502
36677.0260372241
36684.4808382664
36689.8212283886
36673.6492283806
36684.1498329824
36679.5355957124
36685.1169973635
36677.9801537272
36681.6252441624
36684.1849978454
36679.6139262354
36683.3855830728
36677.2552617713
36675.9503363351
36679.3247870885
36680.512467587
36686.1202630696
36685.4079903471
36680.7218447329
36680.9703404541
36678.8967260022
36681.1171651738
36680.0951508305
36684.1677381907
36690.146526058
36678.2880339006
36678.2356759983
36683.2200109766
36683.5372021027
36681.1057677686
36681.0525772927
36684.7558492023
36684.005899424
36731.224265636
36680.1927639997
36687.9585989711
36679.823717869
36684.2802439536
36681.1533240269
36676.3457926856
36683.5026982247
36722.8019130848
36679.9070128525
36681.8269289806
36682.6210636295
36681.2734419816
36677.2558785049
36676.6209238626
36681.3472063671
36680.5591818874
36677.2390642921
36675.0029059922
36681.7445765991
36675.9316876018
36686.023029273
36681.8242087695
36687.784095149
36679.4475543007
36678.732040551
36685.8188866469
36731.7032316475
36677.3611247524
36678.9051344999
36675.9573952221
36686.6052961872
36680.1991593527
36676.3194464822
36684.5979370239
36678.1245227574
36682.8382757666
36680.0995632394
36678.7134655441
36682.5600480812
