36674.4698367349
36678.7973934331
36666.9030291606
36682.9422136844
36685.1376836831
36675.7681908122
36676.952887086
36678.4970269434
36678.4655195428
36674.1808884037
36698.4544983167
36671.1883116798
36720.19411159
36678.0784730118
36684.4371380562
36670.1109344661
36681.3908443288
36679.3556152688
36677.0581538869
36682.3867800868
36678.0661680724
36683.6439426717
36703.4487009766
36681.1878881646
36674.7115841026
36679.0901117405
36716.5589145309
36679.6697612637
36681.9497425965
36675.0529190207
36680.2286254859
36680.0347937718
36706.0353150893
36690.5840259615
36677.7848370037
36683.8861563382
36676.786998896
36735.4037514086
36669.3702477536
36676.2940997223
36718.8060219658
36731.185132146
36675.3254388712
36731.0737461865
36656.4262734494
36675.5083293469
36703.2291802598
36666.8122005327
36673.312112454
36670.4780934823
36708.8583083491
36667.823881404
36681.1236612717
36723.7356607535
36672.6422772923
36681.0367582095
36672.6305454119
36678.9362339677
36677.4812530862
36673.2282584223
36716.48020663
36690.8953389126
36676.4096050363
36722.1308109314
36670.9843713824
36706.3796008136
36671.419271828
36733.565390221
36676.7318848984
36730.7928897626
36677.1853634597
36720.3048311044
36674.7724340648
36685.9666313082
36682.7978622017
36668.5022311054
36686.2311976715
36680.7834136033
36668.9175737838
36674.7894701841
36680.3032001999
36680.4593364744
36677.6594414033
36706.6437577375
36682.796615894
36675.3381626889
36681.0181860837
36683.9064840304
36669.4866684479
36724.2728353595
36693.4114197942
36678.7602072482
36677.6941992442
36671.212836544
36669.0789793551
36676.9468174642
36682.0894382704
36669.4990612487
36669.488150587
36661.6571151592
36679.8606097223
36672.6796479557
36682.4999754577
36680.6599833475
36677.097306162
36678.0420337671
36676.6405406647
36728.6353614189
36677.8342678385
36659.5079957146
36675.9189816224
36719.8090536659
36672.7259838256
36668.8867600808
36678.6042731884
36670.0205866558
36722.7625413403
36679.6376012387
36683.0810217172
36677.2304903135
36681.6004030038
36672.5569699513
36695.6544651135
36678.9384564289
36681.7643772241
36677.1754849479
36680.4773885727
36706.8215334685
36678.1501171841
36680.3047096249
36679.439642389
36680.7964655838
36671.8748222971
36672.1551806133
36673.0079074945
36674.1961284129
36724.7040012385
36682.4499668131
36733.8548953302
36674.5256950918
36669.7996542044
36676.5770818605
36728.1430806952
36728.5036954716
36675.9365876462
36673.5829936686
36722.2922279633
36688.7715542564
36713.9876991443
36672.0000931807
36662.8376667277
36668.5848699461
36679.0226443383
36684.3361676607
36678.7273080767
36676.4960393705
36679.4887612114
36667.7769872715
36704.8801452757
36698.0964460731
36671.4791219588
36676.824273359
36669.1751862689
36666.7134039637
36684.5512609415
36725.9875835222
36672.8707014958
36684.8094086947
36668.9518410934
36675.1178576202
36666.2203449071
36721.2052566749
36681.0282015374
36699.8228237782
36727.8050122599
36688.5730743577
36679.4579395573
36672.7323766868
36671.4520646532
36672.9778033813
36672.3988137598
36685.7866830471
36674.8840913316
36679.6524563231
36737.0987040151
36671.5539753639
36671.2901091505
36679.3919431369
36671.5119201319
36686.927722114
36680.028759928
36666.5213782055
36678.596800265
36682.9584822693
36675.5859096113
36669.3386520766
36671.1911235819
36685.183987197
36677.0656878669
36674.8104895832
36680.1902379536
36663.8346589206
36674.8989775966
36692.122653285
36678.9790395511
36672.5164976828
36685.7084319262
36669.6505390576
36696.0438609029
36678.7281562656
36687.6068911061
36681.6713462115
36677.455400163
36677.8348516022
36690.9360997285
36676.4301344027
36670.7156474485
36670.5739811748
36681.5974587726
36722.5473161832
36671.6092555292
36731.7279504811
36671.9852716402
36674.7450702896
36661.7496355083
36681.8397154639
36677.7900038454
36718.2413353231
36673.8991615653
36667.5830293013
36679.6207716337
36683.5145069173
36705.5230199974
36671.5396620561
36677.6355861962
36662.253596456
36686.4357101269
36677.7545754585
36671.1856843167
36720.6300403956
36669.1594294579
36673.0438501856
36682.209017988
36676.0316361699
36675.435352408
36682.1220347523
36679.9936204392
36663.4590004005
36721.0870482406
36659.7961366411
36687.053016438
36678.9957220217
36673.9391390051
36720.5264959799
36679.2215473006
36667.5177742318
36666.4077799778
36674.3039947937
36672.2542789839
36660.4736900745
36678.0907001036
36667.0765823402
36679.462813659
36733.8805840906
36689.7283378805
36675.1224385007
36667.6825660768
36675.95585258
36677.7557866187
36692.7524648885
36700.9940987765
36677.7196938902
36685.0771800184
36689.2371077731
36678.9046992676
36689.4797055459
36673.803948894
36730.7749147823
36681.6960994872
36674.4562070127
36679.3764406014
36678.1520680728
36722.8765769599
36681.4551450421
36680.2613553353
36680.1380209214
36679.8440390573
36669.4562868825
36685.6770028829
36669.6824474795
36680.2510191821
36690.4329964796
36677.4776042854
36677.5919499247
36696.3451723246
36684.2434667326
36685.8688796115
36674.8897251464
36671.8389875584
36671.6210168055
36679.4614968885
36696.7359596502
36724.9451213269
36672.1790205284
36662.8481317758
36667.2778183562
36683.2710390545
36734.0028390608
36676.7047383119
36679.8191541188
36700.1747097414
36677.4409616838
36674.1456502948
36676.6104264685
36732.2587341056
36672.6567240579
36660.7431173996
36724.7736026471
36725.1575417811
36687.6681935821
36675.5056048484
36696.9737379196
36675.1399314322
36674.8518541333
36670.717351392
36676.6759752826
36695.5775116023
36678.5673719249
36671.7903851539
36670.1006236508
36687.5635657911
36717.0722343364
36673.8312375911
36673.7836081425
36675.5744444753
36675.3800101184
36698.2394360255
36676.7578060232
36667.3502622665
36672.2468416128
36668.3949362119
36728.4938953096
36677.7647092975
36681.4757483059
36692.0000959043
36673.8538590273
36676.5693452328
36672.6096776449
36665.4059795665
36674.9357584349
36671.6028845227
36676.2178092538
36716.410747815
36677.3553941787
36678.363630634
36702.9209585624
36674.96651753
36681.9427230257
36720.7958985904
36669.5981305641
36681.1084940181
36664.5678129873
36679.7733402793
36679.4138629237
36674.0905576271
36676.624590298
36728.7023021439
36675.256956462
36676.9350149845
36669.8248599334
36671.225824924
36670.8852744894
36681.7829836069
36674.602036173
36678.0583844064
36693.5845157764
36674.833738695
36676.6123246914
36682.219694026
36729.1842883494
36674.4603569594
36681.8981553249
36674.4337539031
36671.3497342912
36679.8967671955
36670.4017751286
36678.4979719629
36680.5955529167
36669.5640651384
36675.0604393343
36679.1392004949
36679.1103613617
36682.7928652184
36681.70414612
36684.8839083475
36674.3176382915
36690.1877629454
36678.0339665967
36681.1124633352
36685.9568496515
36672.6361937142
36671.3331237515
36692.5019595688
36671.4092076501
36710.9859749153
36675.3370496434
36674.8547721677
36682.1173316585
36677.9767348911
36686.8569034337
36686.8465841074
36675.6839178969
36674.0217034591
36672.9009597875
36690.7064591439
36677.7596335935
36672.8111517892
36672.4928525524
36682.5289035777
36673.4476040447
36700.3431718738
36686.9063146486
36682.9853454843
36667.3157244262
36664.7367848718
36683.6084953079
36669.6834609798
36677.8154220299
36676.9273170775
36683.59522906
36667.1608123238
36665.1797031943
36682.8347763115
36725.6908215815
36674.7977713618
36676.1515679882
36729.3112453771
36678.8803062562
36714.2422366951
36681.5719913693
36678.6673000525
36679.5470452564
36684.5903711636
36678.34346993
36678.9273240214
36682.1921052284
36673.000003365
36686.4821741219
36678.683434536
36690.6926971939
36729.203382534
36682.9682487362
36667.4257795108
36660.9631281718
36672.476277382
36670.7983584429
36684.9079291306
36672.1957186165
36679.3093345146
36681.8461452091
36675.883344822
36666.0323833926
36677.8386000617
36677.7675781587
36728.6624185545
36676.7110835013
36693.5297369972
36674.5351453106
36672.7090426475
36676.8545765721
36696.373020892
36669.9001181626
36687.0472770953
36679.1122559979
36719.5710065948
36722.3236847845
36728.4122650187
36676.8197194566
36674.4372309104
36693.8217952994
36686.4925690705
36704.8400729466
36664.9174628621
36715.4838502592
36684.0533387334
36682.9289492206
36728.7081249363
36673.2523502368
36693.7851736676
36682.032424684
36696.0797164867
36675.7306609051
36668.9087257066
36720.8955475899
36677.5485115515
36686.825920673
36683.0847700272
36697.7570372325
36732.3991971713
36666.7719849222
36724.9432237385
36664.7678168171
36671.0446539225
36674.1425234065
36662.8994995372
36668.7228230108
36683.2356527276
36662.5744695373
36676.0814339872
36669.1343791275
36677.1887257623
36680.0448433586
36718.7593761921
36676.6744295163
36676.9863091947
36672.0336519069
36724.6305079928
36683.005165056
36677.3326544498
36677.3772339632
36666.4913522359
36674.8735212189
36679.670710957
36668.0556382291
36724.1151141155
36687.9701657959
36670.6991401795
36675.9284560356
36674.912701664
36691.7473793156
36682.1625879147
36676.9988180963
36677.9937101372
36680.0879128347
36683.4403353684
36682.9561137174
36678.9209438304
36686.8539647488
36706.9643985209
36678.8690817299
36668.8390365936
36682.7052952865
36678.4455428127
36686.3738228575
36682.0598345134
36684.4126691979
36672.835049465
36676.3231497787
36681.8263758774
36669.3319602391
36675.0499279193
36689.7181380504
36671.2075020131
36729.0807471264
36684.6017488442
36680.3303338665
36666.2744939788
36685.4300399406
36700.185879077
36674.0339485622
36674.8628798583
36685.4381253178
36680.7608782821
36680.1093361421
36670.9032143743
36670.8154850027
36683.4014546363
36672.4939483736
36677.4933762325
36666.2726732131
36673.783506252
36670.9833024375
36672.6620503379
36669.4875108444
36701.5344875727
36728.1532869679
36676.2941468533
36673.5359959354
36680.9322126688
36674.2351466196
36688.0375835135
36679.8798716312
36671.3828940028
36672.4124387658
36719.2450004584
36674.2429464937
36713.8859659819
36737.3840677187
36673.2422444967
36677.3291575312
36662.895012433
36685.9939997379
36677.5567943935
36672.638789252
36685.9521097702
36717.9508892222
36671.5097122809
36704.5389158387
36676.6821990843
36674.1887594861
36686.2938198514
36673.8863773336
36678.4811900345
36683.6036733306
36678.9139357106
36672.5902316163
36674.6184391984
36672.7348329144
36685.66977761
36688.2303029114
36675.795426628
36677.972590402
36691.0650742653
36670.1472769983
36675.940308223
36676.2457156005
36675.2143233821
36728.4067806778
36722.9893798983
36668.9202888224
36668.2300740511
36674.3713934045
36669.8872477653
36678.3186261432
36672.644720311
36688.6051542702
36712.0240195359
36676.1415687858
36680.972002525
36685.0539491705
36687.6096655139
36674.948885477
36679.7578594536
36678.7149594794
36670.3216587164
36680.3932939718
36668.6299085981
36680.2288325193
36676.5333199563
36666.7594163185
36674.1403664223
36683.8243471139
36671.1974691655
36723.5934247265
36674.3711701983
36681.0056558637
36684.2410025676
36682.7307215253
36674.0762221315
36665.414544919
36680.7715735912
36671.205538871
36684.1058189367
36669.7140760132
36681.0442251719
36680.1898226389
36686.2585260623
36669.1764477225
36677.3816202342
36676.9769289187
36673.1889866843
36668.5888368551
36676.3261390327
36669.2567490197
36665.2709685907
36666.1351262056
36729.6377454212
36678.1447890063
36668.1068710674
36681.6328849998
36690.2470190969
36706.7334850386
36670.9662257666
36675.1467670322
36686.9009710227
36677.3821219968
36668.0769737576
36681.5065561378
36731.9143856283
36728.2183205913
36667.039820178
36687.8842855076
36668.703675769
36675.7080243013
36678.5795604026
36710.6954229456
36685.9886952431
36687.0145253629
36678.5505530435
36674.8634079557
36691.2744830739
36678.4573857485
36675.5507802461
36675.5873953947
36683.3143311816
36676.0105841312
36669.5529441635
36672.5230260237
36665.0372450944
36686.7178549231
36735.8836550411
36673.6842830294
36678.9444566194
36673.6725533222
36726.6663660648
36711.1051069639
36674.4125539819
36729.0837871937
36678.8766024412
36696.4564903206
36712.1600438798
36673.9947768145
36679.6728675314
36665.1302367334
36675.4693073229
36667.0404586096
36684.1100304008
36680.5877737195
36681.8871469171
36695.1171891336
36715.5210887098
36674.8481530929
36659.9094113392
36677.7941950101
36683.1801233158
36720.7935977497
36734.1262496454
36680.1477935148
36685.6956776312
36666.9571770917
36712.966752248
36683.9793131559
36689.2875574427
36681.2965829478
36677.8387657435
36714.8447199741
36680.6610387419
36677.9441251821
36672.7665353188
36683.7777729686
36681.3824347651
36680.5389482188
36676.6607619304
36730.0042432768
36667.1858997247
36678.2962604296
36730.9943391753
36669.9687374918
36679.4276700287
36683.8426671375
36735.2750619715
36721.5626897687
36717.49120739
36678.3759243825
36676.8367071673
36725.8292355257
36671.8201315695
36680.0339380663
36698.8353929563
36681.4381475833
36678.0322502833
36676.8331121516
36678.5285402093
36683.3771474698
36681.7435373622
36671.0616908394
36671.0038987204
36686.7220988111
36670.4574953136
36670.8983621153
36682.9800622302
36676.8148570329
36672.2803302407
36730.7436467673
36682.9865514082
36676.7566930952
36712.8607025648
36721.7979928648
36673.4892842663
36679.081758976
36673.6016555688
36676.945964484
36667.2403605577
36679.8575962275
36727.4304377533
36678.7053857672
36682.6687672259
36676.040348633
36699.3160930422
36691.1525424061
36689.0896399514
36675.4977535967
36682.5158681372
36670.2787962109
36673.8800374319
36733.6071973832
36665.8605960105
36676.3036362631
36682.2731019836
36676.1163653966
36674.9107803782
36681.9704529783
36691.3872106122
36684.0831191421
36687.2657436537
36673.512877342
36670.8575695007
36676.1679659433
36716.2658635847
36682.002420527
36672.5117730489
36673.5845019036
36670.2476348073
36680.903333294
36676.6396720416
36696.1015807229
36683.0346274217
36685.4548612786
36727.3070476496
36672.4148114517
36674.88404745
36662.0098235614
36674.8240145486
36691.6002273498
36682.6323639282
36670.5638546099
36676.0916164467
36690.384368704
36682.2341470081
36683.358130333
36686.9301903631
36674.5439120196
36673.2138238298
36675.7204660416
36674.1294210155
36671.1046397769
36673.8236406993
36667.9213343798
36681.7144974549
36679.5000881391
36693.1792337236
36721.1109586708
36724.7733033794
36663.4612261073
36661.6708503317
36675.1078523399
36673.7986330039
36687.8893398299
36675.1237386751
36678.1383107758
36698.3095939233
36707.6381915996
36674.1468805446
36698.1281112544
36674.5566421456
36671.1631054975
36675.7565377174
36681.6404259403
36677.6439664932
36676.5858601195
36674.79179213
36668.6258610573
36681.5997219227
36675.5498343251
36689.111364829
36684.5948474898
36682.52267187
36666.5090595397
36671.7763379879
36687.0785954183
36689.4215422329
36667.6091312281
36663.1121635217
36719.51118752
36672.6662369332
36720.9799391552
36733.2772333452
36673.217669294
36684.4509884821
36670.9247358943
36683.1855152967
36672.8642938182
36676.2846523517
36677.894440748
36682.2278976977
36681.6090854204
36671.8614842948
36675.832356741
36667.7741831498
36684.4648239211
36674.9092609475
36683.7965102924
36699.2733668138
36683.8236889342
36721.5741322419
36686.5047148465
36672.7586470265
36674.33310865
36676.52770877
36682.8837722471
36672.7251201071
36702.1790001734
36689.9500788421
36684.1772933599
36690.5315403339
36675.5236992115
36668.0203722887
36737.8164363942
36695.2753054348
36681.8591507396
36683.2395642824
36675.6701759536
36676.4911198274
36721.6765697327
36725.1400673466
36723.7552493536
36727.3463651113
36673.3152219675
36676.5042166971
36670.5471382027
36684.93974517
36665.2016018053
36678.6718839534
36667.0324036948
36682.1643984104
36677.9537240308
36674.8604963796
36678.3507401193
36667.9106895215
36680.1524285722
36727.2766778528
36678.7412216008
36734.1060451359
36681.7696330632
36685.3810328725
36704.5853650884
36672.1726947206
36679.6188257269
36682.2167749304
36670.5272990057
36675.8605634266
36675.7748900834
36741.9203325994
36679.7793596941
36681.5974613481
36676.1549527656
36669.8892448955
36683.8829280932
36673.9698028873
36662.8525935487
36729.8738359293
36671.0050334296
36677.1316926923
36689.2298979993
36724.3500731849
36673.0486534526
36674.4315651953
36683.888675482
36675.255585277
36678.6695898669
36683.8633322005
36684.6535334465
36680.6012392686
36667.1644183801
36679.6811526665
36681.9228232509
36667.1776967326
36722.5844585093
36684.9532956885
36683.1878458347
36681.6363712525
36677.0145736037
36674.4926146631
36671.7664882168
36675.7257379895
36665.9901257092
36689.6545727202
36681.8365851691
36700.9429577261
36731.0068453498
36685.6570750944
36671.3521107521
36727.0312215789
36673.371292582
36674.070529057
36675.1974027185
36695.70564863
36723.0569520252
36678.4165814611
36685.0729683281
36719.4422689165
36686.6336357272
36706.9130788633
36675.2183847299
36676.5251081946
36698.4377232256
36724.2772966063
36734.8532356706
36701.0088055323
36668.9695459264
