36675.2164523468
36667.5279165652
36667.3851269382
36658.544008946
36669.6719892151
36685.3680015839
36667.8864030571
36662.5841607897
36662.7220282879
36655.0408729538
36663.4253388768
36654.2607163956
36656.2934315408
36670.0426576545
36657.4406040546
36653.4336802952
36667.2294579779
36667.9894747722
36687.0425408645
36662.9890011829
36672.1768645411
36655.3766684153
36667.1828072656
36654.5868617082
36655.3709250921
36665.5770812805
36682.0429679517
36658.2864867414
36660.5511855758
36666.3841354191
36677.2480408661
36657.5269988342
36680.8148354798
36669.7295088055
36692.1293856597
36665.6806175029
36682.6193357857
36657.0350871935
36635.3457472849
36679.1680524597
36665.4955363808
36653.8855845009
36648.3681617611
36665.2141360842
36666.6889203548
36660.0640644401
36661.6961421597
36649.8599942373
36668.8583030816
36676.4276574277
36669.1069612499
36666.1659931816
36661.774371602
36690.0139229717
36654.383620216
36663.002770474
36665.0245828895
36660.191901082
36672.1782944317
36677.0269220838
36677.4909656596
36669.6916415016
36661.0243417296
36664.5928715012
36676.864709646
36650.3276011912
36662.7010530581
36659.3080870886
36655.6376580134
36672.2704919947
36665.2450603447
36675.6229276378
36663.9322231487
36673.8528169519
36672.4873795626
36656.3115165417
36666.2241896913
36656.4616998239
36649.6158114229
36655.0547519101
36663.726756697
36665.0550889928
36668.2190212195
36664.9585075625
36651.3697216066
36652.3363852393
36658.6527024923
36687.3708408778
36661.9058103183
36663.1973293924
36654.5795813426
36664.563229233
36679.2885126229
36663.0304204827
36679.5306543433
36675.9539823454
36670.0144921667
36660.7882558464
36658.3683943986
36656.7072095655
36663.7369828263
36670.4843566854
36662.9686436026
36657.749210146
36664.8903993432
36663.5543350003
36684.9598674687
36680.045115616
36667.9715205452
36678.5031864556
36666.0736392257
36670.8844369211
36666.8910113695
36665.9261841863
36662.3389085671
36667.9310706409
36666.9648315432
36665.6309819662
36667.9974682914
36642.524911568
36668.7630622431
36663.0883671716
36662.8624445186
36675.3206500437
36664.1682613968
36667.1604446646
36665.2008321574
36686.5298352147
36651.9933696357
36662.8225334803
36665.0866017044
36667.1893352042
36664.4935237676
36659.8105414769
36667.6389253509
36680.3970832369
36664.6101125095
36674.0616839266
36657.1011301611
36652.5887335392
36673.9625968359
36667.9791528544
36659.0685408806
36666.1724266266
36688.4497087349
36652.9919349916
36660.8148784398
36659.6183798576
36682.2888482853
36667.40168531
36661.0524005999
36669.2629972437
36668.2624594116
36669.3297224369
36663.9931901612
36659.6033861516
36656.3656899271
36657.3071569939
36660.1833767235
36685.4450545272
36650.2199915236
36660.3275284377
36661.7358303092
36685.9934190383
36659.9388899824
36668.1464121091
36666.9657320063
36659.705778807
36652.1195307321
36676.6731877785
36661.0217647522
36664.7434009181
36679.4461208484
36666.3909540181
36651.8380645229
36672.4514726203
36667.2726902432
36658.6525825595
36664.0003999649
36663.480114428
36659.614195478
36678.1067904919
36677.1452874965
36645.6754962762
36664.2752714251
36645.0231212489
36680.7746439183
36675.4374887166
36664.2963262685
36652.9205799429
36660.4100170871
36650.8626843646
36654.4609461376
36656.163068373
36682.0799790585
36659.3810371115
36660.7537614196
36667.0388207039
36663.0892451657
36678.1110438129
36663.1232261836
36665.2142584768
36651.7606549209
36673.9816557189
36682.567063096
36658.136728559
36668.7899021453
36663.4008725624
36673.9023232979
36667.6874155487
36658.9559932084
36653.501286908
36663.5564161971
36669.3362821843
36664.0686623882
36654.4501043931
36657.741123478
36654.0477617262
36660.6360148909
36649.1406507402
36656.9298764229
36670.8137381876
36678.6008602125
36661.0956999868
36649.3567056604
36666.136409593
36672.32904711
36662.6705469005
36648.1582417118
36650.5951087764
36673.7523668705
36680.2744541539
36663.6596475353
36676.4039437762
36647.6475536795
36653.140331361
36674.5325434627
36669.0834525206
36664.6877928367
36662.520730811
36658.1158650519
36653.645164804
36668.5538107933
36666.4940522067
36681.2317902598
36674.6432071642
36667.6297924376
36663.1098121803
36661.8056797682
36660.424347844
36653.0776577882
36676.3026177191
36665.5697973599
36657.1122798689
36679.1872468018
36685.1468971499
36667.9734677503
36684.4702998216
36655.3053384366
36665.7824974419
36661.3778302974
36655.7272819282
36657.2489249217
36660.947564494
36656.2948497427
36664.9649499699
36674.8060123307
36659.5681615451
36667.6872077733
36684.5536182454
36679.5228452034
36661.9807324745
36670.9507380587
36675.4016044381
36659.3745238097
36662.4936231179
36677.8197089032
36674.5287527534
36649.9620453008
36675.3588616253
36663.9223974348
36632.5680751182
36653.2661952788
36650.5611395481
36663.3423515914
36663.6727720908
36658.9650584974
36653.4517479709
36656.2338517214
36660.9394473807
36670.9323376161
36661.9842498953
36655.3568744854
36667.4039302961
36666.0975187707
36660.2414314447
36661.474033735
36649.5102040694
36678.1108363776
36669.8352799979
36667.712012107
36665.1007965972
36691.4662517253
36662.0203613632
36658.7861685445
36665.3132454568
36666.8432392352
36661.4760081821
36679.0703412165
36662.6390061553
36664.8437965026
36660.4159863644
36662.6367094609
36661.7231839222
36679.0471700945
36662.05186233
36680.7859776516
36656.7639058352
36648.936847121
36671.4095453452
36663.3127656089
36665.3930126528
36660.4177700135
36672.3205065019
36648.0261766088
36673.6327189399
36678.6687510806
36667.5384521041
36663.3016442627
36653.433690709
36649.1584762727
36676.2990519355
36665.8423655343
36677.050608378
36656.5277835848
36657.7314897734
36654.1889098264
36656.8273070344
36670.5495635306
36669.6699058179
36668.8588877872
36668.5304660078
36658.8517810109
36657.495550185
36662.4882052553
36678.3166024876
36670.9210920268
36669.496885549
36654.2761225487
36667.0109848917
36663.9976788076
36668.5756048636
36659.8899758001
36659.0528019619
36668.5225498556
36674.3102798952
36655.1985456179
36666.1972883484
36678.2422152532
36649.9365919074
36661.8299015457
36669.1241000379
36663.7444551013
36658.0104059772
36667.2907747717
36659.9877559354
36662.33263969
36669.51652904
36659.2687850287
36658.2578705599
36678.0079256598
36662.3814641043
36681.5960786838
36670.2324485112
36684.5348739951
36660.3369917706
36653.624427751
36660.7569733014
36670.6908100507
36671.4238730209
36651.3920242202
36679.721762369
36663.8057424852
36666.2187488701
36659.6866533672
36680.9261813724
36682.3492120111
36672.5348509726
36658.2297558351
36666.6488996674
36663.5853853333
36653.2421129194
36653.8843812994
36664.2662151234
36659.2735804224
36650.2084419793
36679.8743050639
36657.9019468122
36666.5852169977
36651.2326470796
36689.3161262643
36666.0574441606
36666.9691869334
36669.3958623556
36658.2417416815
36656.8843577943
36655.8991293611
36645.0093238479
36665.1723553156
36673.8140375221
36660.3762557822
36663.7847706715
36668.9320669758
36671.3613853472
36642.193519019
36669.8871379608
36670.4907460735
36661.7333991562
36662.684558201
36660.8583410955
36667.8240082208
36659.3931903597
36666.5455121097
36661.7573259046
36676.3668600798
36673.6228815176
36647.7743322366
36679.2982598892
36672.5674342256
36662.4724236439
36660.2617222168
36667.4548001155
36663.046928132
36656.9972260982
36656.3223440531
36672.5535789341
36678.9786781945
36675.4066710587
36668.1442749646
36675.6190837758
36682.5466765422
36660.1836876981
36656.8630909855
36688.3096302836
36666.5761645602
36671.5742455898
36662.2997494552
36663.8282654905
36671.1755553902
36665.2886926843
36649.318581189
36660.7340155827
36654.9936554322
36654.5609587183
36665.0293453201
36666.8276169796
36663.424988412
36660.7347595232
36669.7770260908
36665.3214733024
36670.8694522014
36669.0506811088
36664.704915158
36662.8950434797
36654.6973293897
36691.8930908369
36659.1761647096
36658.7318680372
36666.4008416887
36653.5862843388
36669.0023110648
36664.6944984215
36682.3236825345
36680.864892486
36655.723298051
36671.5525211788
36680.0262428235
36681.6294880166
36665.2638144347
36651.9138313906
36665.0075851088
36669.3235633662
36683.7336724461
36666.9074874465
36664.7546732882
36663.9119610542
36670.2684779224
36657.9043364873
36669.2486876862
36677.766249993
36664.9334294974
36661.0113331718
36674.2113624644
36662.4192405197
36670.6246061552
36661.853564705
36652.2925968252
36660.4549325486
36655.4543679501
36659.5825369592
36654.5751537855
36671.061115654
36671.1333137184
36677.7496450341
36662.7380034688
36660.9998838067
36660.1090979435
36660.6748665093
36671.1031080476
36667.7688126853
36665.4079146152
36678.358813068
36662.438403636
36652.7599784966
36665.5746303498
36670.3616344946
36662.268307049
36672.644423809
36667.1936066169
36662.9523405048
36672.7166749327
36661.8876584139
36653.4546381457
36666.0415099784
36682.2280231642
36670.9019300638
36661.7585666559
36671.3476631317
36686.5409547109
36676.3951737681
36681.8983066119
36656.1232364949
36662.7664569501
36644.3093215462
36702.803790266
36658.2336958598
36666.5950704222
36673.0168115843
36667.5408442726
36657.3487558573
36672.8450573712
36653.0941880305
36664.8832500878
36669.8028022475
36659.4348779044
36662.3916410225
36656.9291034453
36653.8024064699
36682.7440850423
36658.78196634
36677.0237646667
36663.7079755193
36666.7087218731
36657.3996296962
36672.3020873957
36663.5245431621
36640.5824317511
36667.6777003536
36675.6431287863
36662.6079908444
36670.139974651
36654.9390910185
36635.5130357624
36663.8883905877
36652.6920663616
36662.7411624191
36682.9367537302
36651.6947556243
36653.0150861621
36678.5950737277
36664.9961226512
36665.9874033955
36669.887665249
36657.9374754203
36647.0605834002
36656.2995633924
36676.0816821569
36662.501387384
36670.1769461385
36665.9123938322
36668.1369943467
36660.3772962401
36646.6138229785
36663.9603146139
36660.0762086971
36661.8374297079
36661.286310053
36658.1492449357
36669.2760755167
36666.4200557736
36659.6559074368
36669.5778345025
36663.3301243124
36666.902668756
36665.9333674783
36661.7128362841
36650.8322946194
36648.2899578124
36663.7063636401
36675.0685043607
36666.9389873236
36663.5484858521
36662.0836162591
36656.4580807063
36658.2230695433
36649.9034020431
36653.1445746148
36654.6209116845
36655.6516395339
36651.1160948644
36661.8996693525
36662.0984808985
36657.1844777985
36658.0118520387
36671.4698002292
36651.9753742584
36680.5158199798
36660.6530296396
36671.3983381824
36649.6710536557
36670.3774081678
36656.5851933885
36663.4006822227
36663.4448982205
36663.494811228
36665.4632739778
36648.9116937258
36651.6050621991
36681.1234274983
36673.7535120358
36681.381563408
36666.8122300493
36682.7061322329
36655.7307848924
36662.1415739627
36673.0318185165
36679.7712209994
36672.7209391088
36668.2530286218
36647.2607129393
36680.9218503252
36644.1126452723
36654.2076807166
36679.6629030918
36658.0011360314
36666.9272421051
36650.356576715
36671.5603771373
36665.438558517
36655.2223876769
36657.5270392429
36666.9041883593
36665.044710449
36659.3899618232
36665.0826609842
36653.2845834526
36659.382184161
36656.9273194545
36660.8035536437
36662.1963518523
36676.9987924471
36666.2756925097
36643.9720304441
36662.5333161724
36656.6497356933
36671.4370031895
36667.006368333
36674.0459054411
36668.4966106024
36672.2028080493
36661.2019511105
36676.6148033622
36675.4412161309
36653.8711305117
36663.227021523
36651.5496968447
36671.1143787976
36672.8663266359
36656.7761941404
36689.1938850237
36669.2419515563
36672.5781801779
36658.7466823185
36659.7752645368
36653.1413853719
36661.7268330622
36666.9457238039
36689.8491418843
36662.3754706554
36652.7531518407
36659.3042882126
36677.0417566429
36671.2885403405
36662.7642341996
36661.8597655417
36659.9356954737
36659.8748810723
36672.6945243545
36673.6859441808
36663.6032805039
36656.7977035431
36666.808419716
36670.310878756
36675.2912428628
36660.1436827148
36660.6391782386
36681.9438704017
36661.3903707452
36657.3493616425
36663.8591728606
36663.0783937097
36661.4188392666
36668.5009438744
36661.0439186747
36675.98926365
36673.4296098122
36662.2349188755
36682.2049834088
36657.1522246917
36654.0858537626
36675.2135636748
36666.7018128382
36660.937997125
36665.1846822059
36662.5956825174
36661.4688587938
36660.4202850181
36674.8101417898
36672.5784381045
36666.1971640164
36660.5328856495
36661.5295436479
36663.2239914251
36670.410239162
36678.3062542426
36655.9055723835
36671.0026599606
36655.4595596696
36671.0204840042
36655.6750568542
36666.5346882079
36658.8016268792
36669.4625825273
36663.6820887629
36664.4181520735
36665.3536154273
36665.6157002246
36658.4060336317
36660.956648784
36655.3145128806
36654.1866552518
36658.4106430998
36658.7147151326
36662.8362912174
36655.3334713935
36662.0500857824
36661.7333150246
36663.4067484602
36656.13642134
36666.7071695582
36662.68474094
36651.6887511198
36661.9965457551
36663.4033121795
36652.5934614241
36660.6351946621
36665.0491763344
36647.1928383755
36664.6548527216
36652.589391733
36655.8278404355
36644.959356013
36672.9891182042
36664.0043728688
36665.8454054348
36660.5832896949
36653.550972936
36668.7956369626
36676.9601685397
36659.0400060734
36652.7467454392
36665.2767303179
36663.741977296
36685.6450471271
36664.2327423864
36664.8695576951
36658.3926145955
36669.3212794558
36679.0105035654
36672.8130204487
36664.2093144013
36665.6458911687
36667.4878121677
36664.5858115987
36650.8718104986
36665.1351903858
36681.1197209665
36668.8608090961
36664.9213252839
36644.0906558721
36664.9642984958
36663.442091033
36655.0170588008
36675.9279597546
36672.0314665057
36667.873945741
36652.108792916
36667.0340885181
36676.6402707657
36665.3276307488
36664.6934108566
36655.0184065743
36663.2964667774
36685.7814495449
36663.8560602496
36654.4372232621
36676.4547013537
36678.5611055931
36658.7773019773
36669.3881683619
36662.5596580545
36661.8074271687
36654.6233188424
36661.4804327144
36666.0386430458
36676.3472014979
36683.0375392974
36658.9494740208
36654.675640534
36667.0358247685
36669.5226902905
36661.0715830418
36675.2829020954
36670.6074721175
36657.902565425
36659.9818986419
36656.6556088086
36681.0934781309
36670.0603755747
36684.6828803652
36673.5389593717
36654.4507411348
36660.0172775236
36653.5844333652
36656.2540365156
36674.6843600764
36678.6811891085
36657.3973320076
36661.8463468219
36658.8779671052
36672.169520238
36661.9177625372
36664.6674872874
36667.0099932224
36665.5101662049
36652.9321228875
36657.761883066
36669.3354716687
36674.7533073223
36673.6779924438
36656.8636781393
36679.6579574884
36666.2898778589
36672.8367356053
36663.0457109767
36677.9455324372
36662.1252398163
36655.9503295069
36670.7429013354
36662.6371954633
36663.2698191837
36679.3447903878
36660.5859248889
36679.4262716105
36667.2390187933
36671.4674962214
36665.0043525389
36652.173100875
36660.5637968976
36659.9957768506
36665.1296694239
36677.338491917
36665.8553294166
36672.9759850808
36665.373451755
36662.9823644135
36688.2806595873
36666.1533572921
36665.190101671
36682.1244097984
36665.2169292182
36652.0431874815
36672.2339312199
36670.8899564092
36656.2399401896
36653.9408996787
36662.120142192
36665.7741166299
36659.9082181375
36664.04148795
36677.6628805877
36643.7780047933
36662.6352262836
36664.1428175098
36662.6334477122
36693.8224938052
36663.2306898775
36660.059555306
36682.030723007
36683.0929803985
36657.4677044339
36667.0037094197
36668.8532236999
36665.211153888
36653.1168460911
36665.2453390725
36676.6531643769
36654.0378862286
36671.0904864907
36664.1223179843
36659.6143382323
36686.403543708
36677.1424075077
36663.5162029348
36657.5210258191
36643.681892437
36664.6240734506
36659.947102497
36675.4851112234
36662.2898702309
36675.0947986852
36645.7257063963
36676.3611548163
36639.9233418736
36666.7751783993
36668.1279354047
36670.4919371497
36663.7955284397
36680.0077109439
36654.9413210853
36656.0365377482
36666.8038977336
36637.8595871189
36665.9565514587
36666.4296241841
36671.2222640849
36667.6045236079
36694.0355484245
36678.7769751021
36661.2191565662
36681.06374251
36655.9882779439
36653.9131463372
36665.4754974763
36656.9962587406
36660.057270355
36678.5897880339
36658.1589756786
36667.0288965209
36661.4508042995
36652.354245163
36689.7152472927
36678.3328868152
36658.8923399929
36660.4004708059
36662.8739724026
36662.7973444258
36672.5452004336
36659.4662179005
36656.9221474165
36657.2205987971
36677.5027114291
36663.8170192256
36658.0560387024
36661.2169669383
36665.1126451049
36662.7411387651
36656.5095072205
36656.3840068402
36654.7605768545
36664.9520440858
36677.7289581671
36663.5915761475
36663.3500798108
36682.5962628191
36666.310543575
36666.0521062972
36667.537604129
36652.1566150407
36651.2326009304
36655.8441932807
36665.3664075933
36654.313947791
36668.9162371263
36661.6356947431
36653.8501031459
36656.450047073
36655.5462242725
36657.9416639701
36651.2158656641
