36673.0164187164
36688.0723347702
36667.6949201182
36684.5948297272
36675.9984422566
36681.9691723326
36688.3133471791
36649.4610727598
36633.116162058
36674.9772822274
36667.0842531392
36654.8144328083
36673.3895359025
36687.768194205
36630.3953570487
36666.8650753935
36648.7402753986
36680.2507883628
36643.5507114238
36685.6823443888
36679.7319555844
36685.5962188462
36673.5367526164
36660.658531429
36666.6414404411
36684.6062167056
36667.7746183218
36652.2980491141
36690.8110913754
36667.5357628668
36648.2948800847
36674.3207545054
36701.9067371362
36693.3814826157
36650.7632519887
36693.1586958923
36663.5023683167
36659.8671908127
36686.6743367868
36664.5974019815
36652.0930326231
36672.9094185868
36669.8050721237
36674.1938920795
36681.2562086307
36663.8937552238
36717.5058028459
36671.2163684892
36651.8217952293
36708.8564728159
36677.1399049442
36674.8633808242
36660.234148454
36662.655234111
36676.0285662983
36696.0221944051
36688.1898316584
36671.672390463
36697.5130807382
36677.8937759702
36663.8614677119
36677.4130183087
36681.194636239
36684.7543813459
36722.3040919888
36693.6234784863
36682.3370344106
36703.6370701329
36688.0124247927
36646.729140715
36670.5157887757
36630.4122948728
36689.3415737857
36660.6231548801
36637.2857015714
36642.0980014623
36692.0466601062
36715.5699361497
36681.0346508661
36639.8341944404
36701.659392746
36670.4705594493
36662.0560669483
36669.0519649419
36670.9831077217
36650.0791751036
36646.2972795176
36691.1769457227
36635.3826501295
36665.4724316189
36665.5112392697
36650.4585069215
36684.1467701376
36666.1055116768
36692.0819648979
36660.7349482192
36690.8119701648
36654.7597308503
36658.822962928
36670.3304323308
36680.9073256217
36667.6288007832
36644.5833393723
36694.0946964655
36697.9704259731
36671.4597529113
36640.2294858216
36650.7452123265
36680.1745787657
36667.7960917133
36683.5563075335
36681.8529986345
36683.7583382447
36646.8781827933
36668.4058462766
36660.9557813855
36648.8680886944
36666.9041163709
36710.285967115
36643.3880040485
36690.7715217355
36669.5939201711
36699.2936286508
36629.3108514346
36670.8879780693
36662.0842412881
36684.9590871532
36683.3850302591
36669.4619934876
36684.1323293089
36708.7041317461
36684.4283060708
36673.6532272872
36700.0168531089
36664.2198843251
36683.0546430406
36655.3647088885
36689.3526821923
36722.4160016847
36704.4187168863
36682.315551136
36657.4048253011
36665.2277727615
36666.6176642192
36686.9026510941
36682.7758537187
36676.1670794996
36637.0293744514
36660.4024602424
36703.2510289563
36676.666408013
36673.882097187
36674.5869670975
36691.9569467659
36656.481856767
36685.5158415786
36686.0175936748
36647.5419479603
36670.4934794238
36673.4055431462
36690.2082685313
36677.2517063007
36661.7616031769
36692.5587159436
36689.0404987834
36658.4549302759
36680.0840399425
36647.374772152
36666.4014971976
36684.5664740694
36711.1825539298
36678.5077770466
36662.9723271974
36675.1523353122
36638.2923661787
36654.4952262534
36663.4577775661
36638.9466874066
36676.6465618166
36698.9573811397
36680.3427684421
36667.2066252373
36673.5368235514
36668.8079954708
36671.8394305252
36665.5147190223
36647.7592959289
36662.1679759385
36641.6896650909
36688.7904603301
36667.4604015635
36697.7116282803
36660.5380958217
36685.4312786758
36669.5598243068
36687.061251843
36680.760766417
36667.8712959219
36682.5916051198
36670.194733538
36649.3767736685
36666.0706668003
36733.6995497875
36688.1943177994
36696.0804599717
36657.8120403369
36680.6496560772
36654.9350077718
36661.7251585659
36686.7621217269
36689.3480858938
36653.1652238281
36640.6525489597
36689.5893409205
36663.6206000041
36642.6739675087
36633.7275855564
36694.6616546544
36680.0625738975
36668.2773410033
36661.6782604601
36680.9384225238
36666.555530877
36676.3118988724
36690.6833878647
36688.1526080022
36681.8455332461
36668.5610753557
36641.5191881341
36661.734894765
36645.4725296162
36660.0357858951
36674.0623599658
36664.9877066598
36695.9169621877
36691.4893314602
36634.8515192969
36683.9857774646
36676.9557411776
36677.231204458
36679.0711034488
36678.4251353072
36641.9391274174
36645.4767907628
36690.225161017
36689.3786061753
36669.142773104
36666.1927634407
36695.5184077425
36671.42377445
36636.9881009398
36687.0655173156
36674.7736313127
36678.083136651
36649.026018477
36692.3150771185
36644.3639802926
36667.7367734527
36674.7970099624
36683.3250654384
36663.7032147058
36687.3391224643
36690.9095227782
36648.0009099904
36667.6570956523
36672.4834040997
36682.4580084796
36668.717396371
36656.1582800686
36664.6632473214
36661.7661904875
36684.0718710496
36647.0823851474
36674.657653005
36674.8807504617
36677.0781186486
36699.5912925
36687.6891974249
36658.3682497771
36671.7610159027
36674.2124335671
36672.8028257196
36660.2238371562
36643.5811609338
36646.2965030968
36673.8095895088
36648.7390871931
36690.6899020704
36664.723137158
36680.7469690754
36677.2730876061
36699.1740243644
36678.2501486258
36665.561446411
36687.1614511441
36722.1112160182
36651.0903089615
36642.7066550141
36676.2191809735
36643.8778399734
36694.5103367252
36711.1832872412
36660.5272185495
36687.92816043
36684.662258499
36674.2239115927
36676.3272954975
36664.7206823567
36674.6912798771
36674.9340368621
36679.162780075
36647.829652942
36680.7320894322
36673.2485761273
36690.8549686409
36672.2114604325
36685.7193723833
36660.5583536542
36701.0169134585
36680.5568860212
36680.2214496054
36674.5618982574
36718.8762179347
36714.9898137686
36661.3048880472
36673.1306678412
36631.6749421302
36691.8822180463
36680.3074789551
36663.3575000865
36681.6463713702
36668.5579630861
36696.4121260193
36676.7071611022
36698.5073554779
36639.8091854744
36674.1995837162
36671.44996191
36645.8235679144
36675.781279078
36689.3496368029
36640.3317577519
36678.9081936481
36660.1204494785
36705.0566510222
36655.2669578497
36716.5116696378
36662.7518206168
36682.5138488823
36678.0223516782
36649.8077076437
36655.1066844938
36670.9794712331
36687.1458863464
36690.4589526519
36660.0926665426
36653.1012824109
36675.3533104116
36687.9328780904
36644.7437326409
36632.6476793526
36682.3245432535
36688.6634968124
36679.3497104254
36692.0725833384
36650.8199199546
36649.9769359863
36649.5889303722
36707.199056112
36689.0843121344
36655.0149555801
36688.9974867968
36677.7057642126
36667.5428952032
36649.6728747685
36671.8511878913
36700.9690583719
36652.5352585676
36674.431319091
36675.6671071981
36636.7761948338
36669.9207622182
36650.7851899581
36670.0012116023
36696.2157505456
36684.0958369798
36701.8517021164
36669.1684048238
36693.0890696839
36679.5556046459
36720.2130078461
36677.1857586935
36687.411439976
36674.7946159949
36689.7957905773
36655.6871706128
36662.6026603704
36679.6450446079
36662.6751560536
36652.5648901792
36671.4394524991
36644.0675192335
36694.0078247962
36682.9674034621
36662.8972063176
36689.0101786766
36663.8386477141
36656.5886365121
36703.4206438619
36652.2011622508
36673.1977415522
36677.1441925961
36662.1577980109
36658.1386038459
36689.1797672766
36717.1064683217
36639.3113103566
36649.0319517833
36686.9833003852
36674.6336645232
36708.7272685407
36679.8254547818
36690.7473059084
36699.5601160076
36650.108649787
36695.7834931505
36675.6255786373
36665.7641844427
36698.0374307669
36675.3032987159
36697.0680392669
36669.3949274261
36650.7900304652
36653.0070001419
36654.8255616559
36688.0401082171
36679.6286882765
36660.1870695248
36670.9383828269
36660.0734440769
36656.8014489996
36667.0529808194
36672.0946415889
36682.6702642366
36670.2912159026
36657.1899146237
36717.1135245591
36671.5215849549
36676.3211739051
36657.8646206828
36649.0416283728
36666.4673646775
36644.0882764183
36681.9468224607
36670.7147135035
36675.8745444108
36684.1764763074
36661.4513538883
36663.4913919404
36701.5706960713
36671.227603334
36679.9338954533
36656.4858743939
36670.07234672
36704.4659231754
36680.1869948182
36676.9945927576
36670.9654913625
36656.1231043766
36674.4535387066
36661.7276653916
36691.6420552785
36654.7902681363
36672.2180642572
36679.5172743343
36708.8226673178
36690.0583274612
36666.1565327318
36685.7551365154
36637.37932848
36666.9020718345
36663.4269636582
36668.7786239918
36692.6463752253
36694.7653615611
36672.6025381801
36647.0631949386
36663.5068540159
36675.7215310817
36641.0140785342
36650.179803851
36675.4808791161
36668.9820988922
36658.645355639
36673.2858254039
36632.3494651656
36672.8867510634
36663.598132624
36685.8665365305
36650.651776134
36665.4786793359
36692.0600418763
36626.5967029928
36649.5370119106
36677.1304439871
36676.813169231
36658.1215249338
36682.1256050118
36677.1961280476
36638.5657749888
36650.5727210699
36645.6124129127
36647.1218789882
36675.1918540131
36701.0494862155
36664.4540344577
36650.8924820315
36685.9499414135
36686.2682030375
36669.3189985232
36661.9410227249
36663.5770836149
36653.6646554208
36654.7430442586
36663.4596465232
36695.9592713122
36667.695494524
36667.1228244467
36675.5366229164
36694.3481625843
36684.5872672963
36658.3705385929
36596.488928308
36705.8975708202
36655.6340780823
36676.2342880021
36671.2858699729
36659.2778607091
36691.5367360433
36690.8568567581
36668.6144972847
36693.2507863746
36666.4854935475
36665.4603422519
36665.6131491922
36638.707501875
36688.0727113694
36676.5157738033
36673.0017342631
36688.1145344362
36660.9471508132
36700.5411641035
36663.2723965555
36683.381746678
36667.4715021605
36670.1706583118
36688.5949595766
36711.2289034306
36705.4238048948
36704.2191883063
36672.5970232026
36686.4136923023
36677.4704895992
36714.6174906358
36656.0302780986
36624.5268132725
36649.0397036971
36657.1061478576
36672.2913753086
36667.687012112
36651.4607572433
36667.118549924
36693.0785613827
36662.3783935855
36684.2731942484
36649.9228240799
36700.2540909505
36667.0745548951
36696.6898669854
36677.5484767617
36674.1546783551
36695.8647454982
36683.8076887794
36637.0151609855
36687.6319771691
36667.3006575802
36674.9416120657
36684.8943562623
36674.981943674
36671.3710501728
36663.0787439433
36659.5945913818
36673.8948323916
36692.1635667412
36664.9988055559
36696.9237646706
36655.5454796556
36679.6438162243
36625.2293553743
36713.2477868245
36680.3308629971
36661.9026693434
36664.1125522572
36690.9916748907
36624.7169745621
36671.3220347441
36699.8763260251
36684.8775913213
36682.344122966
36678.2379661407
36666.8003764716
36680.4035414083
36698.3852655442
36627.9041262642
36670.64728109
36663.479017745
36703.0823298312
36670.173320668
36655.9609001989
36614.5937800596
36684.8925140177
36664.5419065512
36690.7382597062
36695.9864355814
36672.2311101075
36715.2929867167
36684.0149952026
36650.3002360118
36706.016685099
36664.3961403451
36668.3620696594
36662.0153717961
36703.8491029844
36640.0809335408
36700.1560263469
36676.4134285099
36686.3933584774
36635.390268074
36630.2445292259
36687.5751361498
36651.6211666316
36678.5248480327
36677.2039547691
36684.4100984712
36713.9998171247
36679.923971669
36650.6121583258
36677.5752042759
36666.8634635228
36660.635894763
36658.5392158408
36667.9487915614
36661.4758808588
36686.6076772208
36680.2786135858
36649.1533389534
36674.1621096939
36667.4769789414
36705.6084356315
36656.6145316904
36666.8707425316
36675.4871718643
36650.944867508
36672.8619313837
36691.1431072154
36659.2329421065
36638.4791564788
36705.4924833916
36678.0799430674
36675.9983709901
36676.0384875895
36669.1135040425
36690.9906143679
36712.4256441572
36675.3548869211
36653.2265416876
36660.7513892625
36680.5978345423
36695.3914004994
36690.5626306075
36674.2660993905
36673.1876195404
36670.2200426116
36640.7716414999
36660.3623017604
36679.6136680873
36659.4670537294
36658.7052840653
36640.2628665587
36658.2071853102
36670.3930388341
36704.2440520534
36668.5408080876
36703.4807727894
36691.978279261
36672.0136547228
36675.0341529177
36645.0346647952
36676.4268113002
36653.3023394946
36678.3330298439
36695.3066061649
36662.1362545926
36688.6572865001
36678.8436155206
36695.5051360404
36676.6165670085
36701.9276016536
36705.2679997041
36671.2906237129
36649.3397060455
36668.1164128167
36698.8924903652
36665.6269160347
36690.5938610867
36697.8920289482
36711.2704029508
36693.7916515957
36717.6056062454
36683.7215720539
36661.1445340134
36692.9932942213
36675.8613506532
36653.610423357
36692.9152205822
36677.9787038317
36651.9756068303
36677.539702566
36663.2152131184
36672.9565964172
36639.2746520949
36666.0894040171
36664.3988971511
36655.9817815537
36671.6384882246
36666.0193115479
36612.4633489929
36697.1187697982
36656.6896610435
36642.6774519337
36708.0201986881
36686.8409870319
36638.3905242154
36678.9669830981
36661.6541012564
36696.5148352882
36657.1843543049
36674.0524450913
36650.5197615019
36665.7196355294
36690.1852770716
36686.5391767333
36639.7573447642
36667.7409625361
36650.1775549453
36656.5651448724
36686.2184198042
36680.2954260572
36686.5086353755
36672.974005476
36696.2734743335
36646.3304325428
36668.0924069013
36654.0508824397
36681.8290488357
36670.0730309556
36691.676775986
36665.659750665
36683.4829454007
36694.3279722605
36671.1574807627
36624.0170237081
36675.740268486
36654.5113464102
36700.6242984657
36704.6913110353
36695.9595832286
36642.3593893334
36688.5481013354
36675.5195398536
36658.0927791903
36686.6758855017
36658.2204542352
36699.9437654018
36699.0382650685
36682.2652212044
36665.6510293767
36700.3433040846
36668.1282070268
36680.1805464973
36682.6085585328
36638.9056856346
36670.1416579729
36669.0471381144
36697.072572571
36679.3693330827
36631.9041810528
36696.5130137774
36659.7856807278
36686.1572005918
36689.6243452336
36657.9696875623
36680.9643972844
36654.1228266691
36656.5721593782
36617.764458127
36672.7437817268
36676.6309843035
36678.8029800315
36658.9788256078
36717.7694817386
36639.8674692081
36684.2635825852
36679.1236746422
36683.36807884
36669.9578431187
36718.8061649085
36690.7112759038
36681.8816924188
36700.1131315531
36661.4359371565
36661.9344252213
36701.8223668096
36653.7577918272
36679.620717944
36681.0141129228
36688.6469676721
36661.4510936483
36676.240595731
36668.1767778708
36658.0224534886
36681.4635282236
36691.0682694685
36653.5268303494
36658.6210553867
36687.6221957111
36686.0201828513
36672.4359439743
36664.9691033691
36676.9255541067
36646.4273265302
36684.9733079895
36668.8800249383
36629.1822845869
36668.8191764656
36716.913705098
36703.4498854694
36671.84309127
36661.3688362118
36667.3860953934
36682.5994485871
36671.6119657732
36685.2220017474
36656.5990469199
36663.1209797177
36676.7081975684
36662.8224261855
36654.2136543456
36691.4356026833
36685.1385924077
36643.4451705544
36689.5902911219
36669.7901573728
36683.5175186208
36661.4497993932
36722.9100303801
36684.9806725661
36666.863163479
36672.7963572145
36656.7043054379
36692.5298999977
36664.9207462554
36678.5060604075
36670.364533118
36659.4682122891
36678.5894442316
36688.8477687919
36692.1545666591
36670.9663171145
36697.5315775226
36686.7287420098
36666.3757562483
36649.2965803889
36693.4864671151
36651.3688788521
36697.8901503674
36641.961340023
36705.0092615498
36674.8542422506
36697.4773986666
36682.9670909798
36711.8037096299
36693.5219106159
36666.4736043086
36658.7665408184
36675.4879400918
36662.8382482317
36663.9197314423
36676.6914232617
36670.77448671
36651.4806106499
36692.372482042
36687.2394213525
36726.7462127794
36694.1131467656
36642.8920703392
36682.8311016238
36656.1788652084
36706.4949353731
36659.6403023912
36673.3801283368
36671.604033099
36659.2838103844
36658.9328906266
36683.9397015222
36657.5401094571
36681.2116482896
36673.9437891496
36682.1197483491
36665.2987244643
36677.7707943444
36685.1130675993
36676.574581406
36652.5403818222
36694.1095036031
36688.2891373775
36664.3624013288
36688.9325278508
36666.179486515
36699.5317890464
36664.9030266413
36689.617905922
36702.0526876154
36658.9113781204
36673.6448078315
36733.9135259968
36623.9448683128
36694.8210481151
36659.688801048
36686.87992079
36658.4286124232
36684.1152046572
36672.576205647
36666.3168950052
36701.3785967817
36687.5969663049
36654.2310426182
36710.3248719756
36687.5030000397
36658.5468459827
36660.5373461519
36648.325122252
36696.0688828099
36670.0754108091
36698.5060577045
36671.4640325198
36683.5939542131
36672.2274188474
36715.4663962227
36662.8422365271
36684.4639572936
36670.8128816898
36685.1913934873
36683.5384960393
36651.6788156117
36716.6553919618
36701.0436903042
36649.5261565214
36659.5320434309
36650.6545985961
36690.187780865
36654.7666296797
36669.9459753582
36671.5815846043
36669.6075223364
36702.4437669135
36676.4012640627
36698.141017516
36686.2582907455
36669.226950171
36696.2969464144
36672.9174560683
36724.684382492
36697.2498745023
36667.1954631157
36662.2505670058
36646.9027704582
36664.3467233071
36692.5625843766
36693.3292858992
36706.9308827277
36648.5913072444
36690.3191294334
36662.675487539
36659.8305042487
36694.1951890483
36618.7969726181
36704.3651313973
36716.8018452276
36638.8119863837
