36677.4429928734
36705.8811175781
36665.5128435878
36704.4716374249
36667.2833809953
36669.4705808945
36710.8421230012
36710.8094507668
36692.4492387405
36665.4996088141
36719.7547700235
36692.7803375967
36710.1526806918
36673.7895582212
36718.8355803045
36719.6919170243
36658.798219402
36670.2035927904
36679.4238716625
36662.0620831819
36665.906887375
36675.0450339397
36680.8862996378
36721.5435418613
36653.3610123333
36681.6608421868
36676.5447496773
36702.1656563375
36693.0776511137
36680.1574424724
36663.4563672241
36723.158189481
36671.942008228
36675.0288930181
36670.9107362421
36679.1018318223
36662.8673177721
36716.3254156489
36704.8184395737
36720.5022513488
36665.4355538531
36721.7164407805
36672.6800113475
36729.17675542
36670.2480731779
36671.5199698787
36719.0618882079
36687.6980383452
36683.6673465765
36701.7509135207
36713.4636870027
36678.2958036718
36682.3703440887
36709.4129210907
36697.0562582124
36670.2511927885
36717.9268323721
36668.4138675809
36679.7184778183
36655.2423497928
36663.3073298547
36685.3164755612
36702.4589143106
36666.2289623747
36676.043214979
36718.6961516152
36694.3706005134
36652.4017608081
36674.8904565666
36667.1968084102
36719.8446531617
36674.758871407
36697.9717335324
36697.7380888835
36710.1708247419
36668.0396103981
36703.4849260101
36729.7271700883
36722.6161043936
36656.3270176993
36678.1212888773
36703.8519084999
36724.9477059402
36681.7224949469
36691.2660148395
36679.7390232047
36702.6128716515
36684.6602141613
36724.6707874756
36691.3479126986
36668.8482365197
36704.4306168564
36684.791503077
36666.1131940591
36711.0376453189
36674.4606327879
36719.6287499426
36712.9085401254
36718.2701702152
36665.5970229873
36737.1000470221
36681.9215642935
36656.7319037053
36660.7638275257
36672.5402276961
36699.7015888668
36677.5773912123
36683.5589659996
36690.0162344129
36663.3178633515
36681.4568550984
36661.415505653
36670.3650051972
36661.9778566535
36663.5683605522
36693.6306698096
36663.3251107128
36714.2006883816
36660.2072657012
36650.1139719834
36671.0357825306
36674.7523380899
36692.093667178
36683.4054402059
36717.52514055
36685.7486742155
36685.2055782648
36656.7306965052
36723.0809704728
36704.2283464925
36667.2461925017
36728.300464804
36670.5680615634
36721.0654268961
36668.5151266165
36671.3703850508
36680.7751373147
36688.2783393123
36673.3297412874
36693.8208451624
36707.366438248
36673.0441722786
36673.8287962813
36719.6324855336
36653.247358884
36713.2372757591
36647.357482154
36657.1067949217
36699.4723937921
36675.1055797154
36704.1414155217
36676.7328189126
36727.1147358044
36726.5600442585
36704.7426197462
36675.1089524289
36733.1242179527
36663.9258498497
36692.4723900069
36723.2966744456
36669.896488142
36714.5999609195
36683.221430571
36651.298251887
36670.5426018178
36715.0601637238
36717.8433701747
36717.0712426832
36693.5253358888
36714.7512313706
36672.4320355789
36668.669321748
36672.9260349888
36671.6635558816
36715.8320300325
36675.8622483083
36690.3209288144
36688.0474189497
36691.5883360979
36671.6756406813
36727.9232042104
36674.6071161748
36680.184402803
36682.722884787
36674.5448773777
36666.2446859846
36669.4846034979
36683.7947634097
36703.0735244683
36702.9455550317
36704.9403624807
36736.2950168197
36705.634767553
36708.1231018457
36721.2990932174
36664.1115384575
36718.7860895924
36662.7167206034
36708.2016047664
36700.5008508413
36703.5412685275
36664.1346617665
36669.2723561077
36670.5915842479
36705.2805010863
36713.396783101
36676.2837531126
36698.5828840046
36665.9461232555
36693.4085925939
36668.3075478004
36669.4071947416
36686.3278509702
36681.3427628163
36690.8046046067
36717.966826321
36691.0074704589
36686.821634202
36677.4763680185
36731.3634857632
36669.8909890829
36677.1249432102
36686.2354696528
36676.3334219438
36665.1700862074
36720.6630378383
36646.3101172483
36711.5531390159
36657.2503781996
36699.5043935564
36669.3735588879
36723.0581280613
36675.3448178931
36679.5111830498
36649.1123485147
36709.3521433213
36721.5221547823
36675.8330967229
36686.0461914816
36711.8616086032
36667.4206907528
36673.5916407015
36657.0386930783
36686.3125267075
36708.0346505682
36685.5521197683
36671.7071990349
36671.0727029495
36681.0505171163
36660.859663197
36680.798868869
36678.7363689174
36688.6823563959
36669.4043590019
36657.3158954613
36716.5456881446
36715.8796774614
36681.9036369467
36677.2171628578
36675.3894966604
36722.2612368717
36683.740630924
36651.448745266
36661.8035396055
36686.4990744354
36672.4580219488
36664.4483127002
36661.9958561232
36661.0858020618
36652.3778827586
36664.3958147111
36686.5019628226
36662.831394364
36693.1548864117
36667.3715503562
36679.0886593838
36666.2697125319
36709.2122622758
36729.521162094
36675.5198843497
36669.7995332575
36686.0554101391
36653.4085528027
36685.6795087932
36720.7548367965
36728.4479199934
36664.8906992463
36668.1836672612
36726.2321074886
36697.1545875125
36705.4364999855
36656.6320152564
36659.9529480208
36668.033791097
36720.5592428992
36668.735364192
36671.041573464
36686.0488317696
36664.798679378
36704.7976933421
36672.1523855323
36687.6008918706
36658.3398304066
36679.8903780717
36667.9214373961
36686.3356068472
36669.2468686581
36675.5117782798
36670.9266110453
36682.6753397349
36668.3634850859
36679.2345504759
36680.6999384827
36656.1198529428
36697.5337886713
36667.8636754176
36661.5629233157
36690.485827216
36663.519974877
36668.6605763367
36720.4919694561
36691.4993913687
36660.6386711673
36674.7155108998
36665.3753009824
36695.0091752739
36655.9620686512
36673.5150494603
36669.9965035652
36670.0421928361
36714.9323782273
36691.9652754864
36673.8217822458
36662.1968184242
36708.1590422939
36657.5637509651
36685.3093450936
36726.7501209642
36717.4031523653
36710.4056350183
36728.4896604295
36724.6149923799
36664.9765707921
36661.7981578495
36711.4247792437
36699.9382392286
36687.7840548006
36709.1854430465
36667.744047182
36670.4606199911
36712.9837772993
36668.522685124
36715.1204703641
36718.0191903023
36670.2978607286
36673.0330988247
36690.2713092607
36676.2534082905
36689.8925472288
36691.3589335128
36673.2841374281
36703.9188327149
36725.2496113622
36658.6541233598
36654.1544809146
36708.1666533165
36673.2097199532
36710.6054760899
36699.0574876039
36676.3024146092
36682.3215540616
36701.7901352993
36719.4800296535
36669.5398013386
36697.8256083069
36670.8827639829
36679.1763583089
36658.8158277527
36663.7748834619
36671.523137338
36690.4144065361
36679.3736044494
36660.2106807395
36670.0991523044
36678.251019998
36665.1863114264
36673.1017161924
36713.9763485989
36676.4954058374
36717.1443862886
36673.5370758699
36696.3637983248
36676.3988849491
36686.3845639763
36671.1302758103
36659.834127654
36672.0182678507
36729.0991730269
36671.9368722633
36714.7720363185
36682.2936396996
36669.8356480662
36658.2978861865
36651.047641851
36673.9129552497
36662.0748680672
36727.6278696374
36671.8807935471
36654.7061693172
36670.817032629
36664.8179745884
36666.7276627818
36653.0967819247
36692.6160007772
36714.8800592245
36686.2150431665
36697.9104185702
36668.2872998326
36663.0011810384
36717.0421950153
36723.2079793518
36713.4145618909
36714.5918475207
36697.5458705742
36670.224683564
36719.5332559635
36690.5646466753
36717.5456948611
36670.1374941821
36687.8088602157
36696.1615931065
36672.6870645827
36664.9747486372
36686.5530551053
36685.1749199661
36668.2518270723
36679.1247495347
36699.5104744994
36662.6115722091
36714.491235024
36681.2524338956
36716.7119426304
36704.85864376
36666.2708863011
36705.0954341069
36715.8788127505
36673.4972702593
36670.6200678103
36701.0922665719
36684.7248295599
36711.2091513412
36726.2729804024
36656.8388853026
36661.2442601868
36667.2226649541
36672.387996075
36666.9629412494
36666.1943793101
36661.5356136741
36672.8394706188
36721.290300599
36688.6405792956
36680.2618238006
36695.1006694266
36697.3301254891
36712.0278432158
36685.3637946029
36679.7155942408
36660.1580457008
36663.9089771103
36708.213575721
36677.3794890777
36702.201333405
36676.8044153054
36727.3713893475
36671.8247792573
36721.6982688089
36662.6337618997
36673.5009597999
36701.3671305983
36681.6421557478
36713.397107117
36704.3061927507
36721.8581585871
36668.4360418956
36678.5821654208
36648.7724262347
36660.0673074747
36668.3461077575
36679.7731144467
36689.1127402997
36667.1967360058
36664.7137405828
36658.0939311356
36680.3736917752
36707.597824422
36688.1097892081
36676.8772866997
36653.1704295794
36673.4429116184
36676.9468812444
36668.50417309
36716.056407275
36676.744213172
36662.8577819207
36675.9207664607
36704.0590556584
36685.1379446055
36703.603952802
36676.8967892987
36666.9117575626
36682.6064280004
36668.5964733919
36668.9795664976
36688.9528256806
36682.9212177387
36673.5987211323
36664.9570272774
36683.221483448
36659.1675283545
36695.5221318257
36689.2745341204
36685.7631753134
36674.8179263552
36730.2156487208
36713.9320339555
36717.4072296759
36681.604408277
36722.3421672952
36683.3016995269
36652.9300590788
36686.1089915401
36655.1289068483
36716.70223897
36688.7252275367
36677.3658258981
36673.8273220258
36750.0320246934
36675.88112784
36670.2451480443
36668.0404684037
36655.4012800048
36684.8774803198
36666.9453649678
36674.7443232067
36660.4303420696
36675.4808461139
36718.5922448072
36716.7062048706
36668.8344641874
36710.9626077769
36669.8230508925
36705.7526597264
36750.2333014934
36722.9740643279
36717.5724896714
36667.8640441765
36666.4656334574
36674.0752491698
36692.621421221
36676.7765981174
36719.0790040775
36709.4879637518
36706.9814910073
36714.5200402939
36692.0979698166
36704.8409687739
36645.4888885817
36721.0937608266
36676.7942208597
36671.869604462
36688.5123814438
36707.2774830495
36695.7483821645
36686.4878821038
36724.0306023521
36707.8244759573
36680.6225786405
36688.907712769
36712.4518119861
36660.6060767575
36725.1301113479
36722.3549980686
36678.2718989618
36699.6644601379
36679.820695223
36710.1129286709
36697.0358272334
36664.8420697554
36673.8131361884
36692.7100926225
36679.9023361404
36672.8135190286
36666.8910521848
36713.2268479672
36695.1314971993
36743.8601992735
36705.4496811676
36650.0419772079
36704.2629224263
36661.4466499164
36662.8185457684
36710.1761651721
36682.7809098828
36715.3948251948
36723.4818741566
36708.9873436439
36676.1614454284
36669.7536797161
36719.9443899236
36660.5772091063
36674.6955859634
36659.1109027366
36664.8122361414
36674.3058928989
36663.7908593582
36701.9162305101
36669.9244983936
36669.3493452063
36662.3421150367
36672.9636763787
36674.6554310827
36681.5970184598
36667.7576531076
36664.1940563147
36684.6323259955
36673.0225976577
36700.0418202487
36670.518236787
36727.85460743
36699.4197530313
36665.2387983027
36683.3337790929
36636.824762527
36730.5320831139
36651.9533201324
36668.7717218398
36716.2792081426
36680.4426182621
36688.2548556426
36696.4871311238
36701.9932833705
36674.3812429924
36677.346204835
36687.1874152317
36680.7681037692
36670.453486549
36684.561301199
36698.2809691024
36720.504864387
36682.7309012711
36664.7576034949
36663.5941090955
36673.8046912577
36687.0820903909
36725.3611681181
36686.6877287751
36655.9538733644
36721.3303923043
36672.7898870134
36697.1557068551
36656.4823215634
36729.0307788312
36671.2315468
36664.0884322468
36676.0612829119
36675.6301328624
36670.6978402216
36671.5754064184
36668.1076039252
36713.1752401075
36692.6291025145
36697.1530859636
36670.0173822274
36729.8579188194
36664.887976026
36659.5447840685
36711.6952716431
36670.7768666033
36693.6904112969
36688.2257411586
36679.268521377
36738.4300283394
36695.2901337158
36680.4735630372
36708.1245531411
36727.5743144043
36661.7593283581
36692.5753947978
36716.8099297607
36738.4398625771
36689.6480503563
36669.4392446928
36673.2419095311
36697.1427394573
36689.2147323226
36685.8053119366
36680.5067756058
36661.7599717992
36716.4416050842
36683.4301859742
36670.267880576
36703.9300377777
36668.0760580905
36710.4268707958
36659.5560965849
36677.7857344447
36722.6167018329
36678.6598122087
36718.6494038219
36721.6010700598
36722.5195443257
36707.5433164679
36691.0045981758
36704.7309133495
36681.1471633751
36706.2809630412
36672.5962814204
36668.4801412894
36667.9206122057
36710.5350410227
36672.7772434072
36692.5604239025
36691.1980663753
36677.1159076582
36726.8632305993
36672.7212723586
36718.5735087938
36718.879290729
36669.0144207873
36663.2489059516
36670.8283866638
36685.0917381466
36699.615323503
36700.1340239246
36672.4725937531
36676.8404583817
36702.1061692762
36660.945824972
36679.9617179167
36653.1997179315
36682.3306931841
36688.9997199889
36665.8697105881
36707.5757587779
36668.1143856314
36700.4601281897
36657.7533490682
36677.5107857494
36672.4799767111
36664.470461297
36724.6602712865
36649.5054628426
36661.5587942074
36662.0203816282
36672.6125023309
36679.1067438081
36710.2406529757
36724.1045425967
36654.8671045637
36672.0961750101
36712.2558455802
36679.0661853302
36681.5149269971
36683.7828201781
36674.3504609052
36672.9268024175
36682.8966300291
36665.2623468433
36664.6389351015
36709.3981576329
36711.8125175871
36687.7137836006
36661.2132509232
36675.0585698993
36720.0258366807
36683.1402086427
36654.2316571014
36666.0662770921
36705.4760427589
36735.4744876435
36733.4918176468
36699.3166483571
36656.8829089278
36706.4392873301
36680.7352792749
36709.2788815298
36677.3614956841
36704.1520794
36675.5546278051
36695.6759798537
36653.8503275924
36682.0770341542
36727.7997716172
36664.6561023311
36715.357148786
36661.0702031743
36707.5803558702
36729.676379996
36721.5378291634
36662.1759728706
36675.0446597743
36719.3038895086
36733.0202555067
36689.9138060091
36674.5602323339
36666.5407514229
36719.4595917044
36683.241241153
36725.8145747103
36708.6132165639
36703.0541349937
36683.5512947428
36660.3941710909
36656.3125027924
36712.9297294955
36669.7128655827
36707.8886589221
36674.1964183727
36664.8824666989
36651.9907877032
36720.097119613
36667.9572785629
36673.1794982509
36717.3246462092
36658.4141156771
36723.4249345744
36658.7547156423
36665.7058108003
36671.9774912925
36676.4626861488
36656.6960495874
36680.5494004731
36671.4546891593
36678.3729028251
36671.5845739522
36665.0374812669
36715.9203687258
36675.9722221063
36683.0363573524
36657.3884240089
36675.1659609056
36704.7267923826
36715.3320756183
36717.9589104944
36682.5061134677
36721.9348336458
36721.0869195146
36659.4758418472
36696.8617386401
36697.9779054902
36668.3576922504
36694.1312236802
36686.8531257192
36681.2560295619
36714.7804297338
36721.0334308889
36680.5908806666
36664.8393867659
36666.5046193677
36694.8352103729
36737.6884397231
36670.9258561589
36719.2054006366
36680.5000125234
36697.1237192355
36673.3711506884
36724.9605098342
36674.360962652
36715.6095752066
36678.7682023257
36712.0519605014
36731.4503365095
36717.6121355982
36675.0777179023
36679.4580248164
36711.188383314
36662.902998142
36681.4793046814
36679.0475157066
36691.2686451839
36724.3351125858
36721.7652814432
36667.1384945021
36688.0318660573
36670.5982676579
36667.0770541653
36657.6678491409
36667.6221543359
36698.8656275296
36669.8909759118
36694.4600809739
36712.6408117236
36681.3763474645
36670.0015089767
36673.7024799095
36712.6426718154
36673.0438610929
36678.4190446113
36677.9653672446
36679.796700068
36672.1624154237
36715.7605982433
36715.5251620853
36718.0865358543
36689.4563189396
36650.4918606916
36670.5469072866
36709.2506707557
36681.8990330045
36680.4251721318
36671.9650262599
36671.8799037861
36714.0250896428
36665.4180898174
36677.5388575308
36716.2049629987
36717.7863384503
36699.8769994617
36670.6101835921
36682.1380452106
36661.3566614247
36685.3683543539
36675.3411685779
36679.0949511079
36661.4152209583
36680.5822047844
36674.1279774612
36717.8367013662
36662.4226999042
36727.5588675794
36692.8156811672
36713.2951882578
36661.9474093899
36694.9388767338
36667.7426552773
36679.1959169958
36693.4069062531
36674.1016384733
36657.2825014512
36727.4346626739
36712.636237955
36676.5813402318
36707.6818818296
36674.7612991226
36718.5174947185
36713.0534588967
36670.2792971079
36697.7831973786
36697.4056051582
36670.067101585
36711.8785697751
36683.6492770833
36676.7360569041
36709.6706596555
36663.2223445697
36697.3947025667
36677.9674022381
36676.1058739906
36665.1011297859
36709.7315072981
36710.8195773775
36658.3231033877
36711.7670333808
36717.3530518948
36711.9738736504
36725.1049514787
36683.6165497737
36669.4807742339
36666.9640834291
36683.9306711253
36681.8476840427
36714.4189274099
36681.471577901
36659.1436935975
36689.7116217585
36675.6873572942
36680.9762446096
36715.6413379518
36672.7775773843
36677.6180483304
36651.0903870201
36732.3696012013
36660.5918389837
36714.6539286451
36672.8192062122
36674.9437764786
36724.1744419844
36672.7584616283
36688.2906776837
36686.4856166496
36711.804838608
36722.706381167
36681.6873164233
36714.1852568065
36684.6200154409
36702.9039815308
36739.6761448921
36713.413351024
36668.1394686389
