36661.0626181073
36700.4214909903
36701.0026944903
36693.8220299201
36689.3084578259
36679.583784808
36658.9916875315
36670.4478630327
36618.2856473496
36662.4501031115
36669.7660214771
36656.9767670977
36708.6741031284
36646.4149201181
36693.5225300385
36660.5444245114
36690.4618171646
36708.7740953971
36674.0094050536
36713.4925243836
36683.6834440755
36724.0057677733
36652.7451766028
36710.4795747395
36664.4089592346
36669.2960963255
36651.6591141152
36694.5695661902
36694.6683261438
36677.6211353187
36658.9217302124
36670.475301236
36713.9710002468
36720.6177074804
36718.9550188138
36694.1917690105
36666.4631304973
36659.0836782698
36702.1091382414
36731.645622727
36718.0082502213
36694.3387869806
36710.3861880988
36684.6343956976
36726.7453250921
36715.8139977878
36666.6801230406
36671.0636665269
36665.2314922701
36682.9366414053
36684.1543222649
36685.0038357156
36669.8236594418
36699.4460607025
36668.7047044741
36691.6752245934
36654.5910317896
36666.5631984154
36657.6942572243
36668.966474611
36698.314703103
36713.9623566015
36680.5489302978
36684.4673199828
36690.4083618679
36672.817481315
36688.7961650957
36697.0247806931
36672.6382761434
36653.7659121657
36702.3087755192
36684.8730355248
36676.9550160414
36690.7365558661
36706.2051817831
36685.1327819214
36656.9761137577
36689.980950297
36714.6264066842
36663.2339603505
36730.2422410108
36688.2422716275
36672.9588458158
36649.5292826541
36656.1191893206
36680.7390789194
36725.9451102782
36673.8210762438
36648.6590256126
36706.4685038299
36683.1966367011
36647.9894195345
36715.0473097214
36692.7282419055
36715.1650505594
36714.179505215
36705.9008613206
36670.2607962842
36670.8808179126
36675.7330536529
36709.9630090119
36717.2006274977
36659.77164118
36694.3422208086
36682.6973017717
36665.8500617092
36704.1444769488
36658.6806556588
36676.159975249
36714.923783714
36671.5231248814
36670.535898889
36724.9384624217
36693.7049473759
36648.4911566599
36665.6507363702
36699.4413197253
36683.1862194947
36712.9167838906
36680.9578784086
36665.8882282294
36662.4386066761
36649.3019794248
36668.8861643561
36687.7860043726
36686.1536648566
36707.5859333025
36678.5866809357
36694.5794392643
36681.2497174177
36685.9143488901
36708.6389586753
36705.8831795309
36653.3164394231
36686.4645507283
36708.5101200238
36708.7970211554
36689.8576673665
36668.526702861
36707.7924405479
36716.3199584719
36678.4459161549
36672.155528829
36684.6223388087
36714.5476879
36680.3271864364
36681.2519686285
36708.581955626
36685.5884280384
36677.7321916156
36669.0717592046
36701.1065972409
36712.6755480259
36693.7270502148
36678.5524763473
36681.900598087
36668.4398904571
36676.6313483691
36706.5790578109
36675.7771943331
36663.1374582734
36713.7507430981
36678.9058221686
36658.2496933246
36715.4853188654
36683.7927178899
36676.4277991535
36667.1754964299
36708.5592588817
36652.3418950902
36677.7669890591
36671.2489359363
36705.5014731494
36706.4542344243
36659.8978296443
36664.6787437977
36716.1794625289
36710.7320718114
36662.0632468317
36707.2671104416
36672.1505302554
36656.5447060383
36718.4283194627
36662.5228495704
36700.237114039
36711.1456746756
36733.7353378351
36702.3462534253
36684.249641516
36657.5009141146
36706.8775219853
36689.5333007059
36643.8449348642
36670.346820361
36666.7206660936
36694.5035309772
36651.9647548756
36664.9876327082
36701.1915081965
36712.0015977233
36673.5641848969
36666.3020794258
36685.04848757
36686.9120791162
36688.5407766249
36664.4476361377
36667.320098165
36700.0435720383
36661.9615524523
36715.933197636
36696.6483022428
36710.707768507
36712.3985782129
36681.3812324018
36677.227233381
36683.965809136
36654.0292223363
36694.4722614675
36691.920664591
36707.9725179248
36665.7054333806
36713.466190989
36682.6507331426
36669.3495219809
36706.089799084
36695.6870537083
36720.0293840599
36700.8530696109
36701.2188467445
36653.0009388468
36659.8607858396
36658.1057862288
36692.3230838165
36692.357759461
36653.2142717297
36694.6603714801
36704.4169065082
36718.8131700826
36662.3109398478
36665.2900371476
36674.228798462
36697.6050508217
36664.7801567497
36703.8436311214
36646.6927245342
36672.9498098899
36694.4769680243
36664.7531126945
36699.3986941024
36673.4098732859
36703.5749570406
36711.2064298885
36673.3945487545
36656.1191546177
36665.1702530111
36699.8382192533
36681.6502965458
36652.1105553062
36658.1338485408
36663.9655498935
36679.4430136708
36692.8762318718
36683.1331914622
36687.2597997842
36672.4758899565
36692.0024705283
36674.2564457174
36693.3532927596
36699.931313909
36661.8114000713
36729.2514901147
36655.2611868705
36659.8428234236
36674.2232537924
36703.2539326537
36667.4300077744
36711.0371622008
36655.996211482
36727.964190584
36633.5847206376
36694.4664614224
36716.8847979846
36682.5815926368
36639.0899125816
36663.9277628223
36670.5333640535
36702.0895435386
36674.8786292485
36668.3137567941
36708.0143497683
36712.6971911975
36655.9491983532
36709.8974634138
36694.2329076539
36657.3719319631
36661.8130527345
36658.6026528942
36679.8148160379
36695.6950510949
36707.6572354202
36659.1308948087
36659.1233204018
36707.1935037306
36705.3642935498
36674.0183956636
36697.4294785622
36701.8523899604
36647.0093162578
36663.4738508172
36700.7722332255
36692.3171662929
36679.8978877658
36670.189051853
36676.1146751114
36676.3403539883
36712.5935180865
36688.5171628882
36666.551503169
36674.6225026598
36688.4276048437
36665.5787532103
36664.2357891656
36720.8276946257
36736.9867225433
36660.2188431736
36680.5310282697
36675.9187515369
36702.4002402883
36700.1251463658
36703.5043910755
36716.3696990894
36701.0436064298
36712.3199442709
36694.6919408561
36649.6907655204
36719.0907698199
36734.8656056566
36707.3968374444
36707.6190727921
36686.019627176
36709.2364035747
36665.5327759522
36664.2002669717
36710.2564266602
36671.210951258
36701.3089023176
36699.9775019595
36643.3344333842
36688.8972758192
36711.0363071653
36681.0172550507
36696.5945863702
36688.3720361471
36651.9217881758
36699.5615344266
36694.5463966271
36682.865912252
36728.3009561145
36696.8731040519
36696.816394792
36693.5868993532
36705.4244715563
36676.557234965
36675.4485037239
36665.8302772958
36670.3972062747
36696.4803518993
36665.4318611061
36705.2581941131
36722.3871974278
36702.1890347116
36672.7137493406
36706.758099238
36672.8051065489
36642.1532158162
36732.8264127219
36713.5231267951
36697.5977253345
36727.7084196018
36690.6132567376
36663.2671335726
36693.9034785162
36668.1237691318
36678.5814598785
36668.3769829024
36714.2081199337
36695.7635596499
36699.2933674724
36685.5858180599
36661.402704513
36658.7414017061
36657.0675011155
36699.7551504171
36704.9009615921
36717.021642161
36687.5045787733
36705.317859516
36719.5958265824
36654.1748940878
36633.1122776822
36681.6492836794
36679.0154883794
36692.5567989931
36674.7967107028
36654.8828449519
36706.2536560141
36691.2247877492
36660.3410163093
36654.1985681497
36701.6274560451
36705.2529956727
36667.9225421455
36652.1168126361
36726.182950727
36713.5967759973
36666.0968081891
36661.0883984673
36706.451146489
36666.1964417344
36698.855883549
36660.1927027876
36678.4771571175
36672.2658461713
36721.3416140618
36703.0522306388
36664.5236228694
36650.3950256798
36670.0099884537
36688.3256285277
36692.4255186231
36678.3366463071
36726.532849721
36717.1338539753
36640.5732989514
36707.1427292811
36654.8130624354
36655.4201411305
36652.9435231254
36715.3470962298
36672.9169996996
36666.2697736563
36693.9744217948
36703.3489781554
36661.2242170978
36701.2820441207
36674.2951708853
36662.0280945365
36712.7603305244
36692.1750306846
36685.3640937967
36686.1709032944
36676.0990676541
36712.23220341
36710.4422013413
36677.3536192984
36692.7747395473
36692.2271865489
36705.4261017814
36658.6232360587
36666.5141253529
36647.5085816184
36704.0998872295
36695.2469112672
36710.3623298492
36684.0363665424
36689.209100521
36678.1906916457
36658.5255260508
36686.5126510755
36706.70459501
36665.5617153779
36696.8651779201
36706.5222796596
36722.5648278001
36687.2753313389
36714.8385034627
36687.1083298602
36653.9638011377
36674.86349788
36716.2360673651
36688.3233975528
36649.5633515186
36671.0670956166
36696.7292505805
36691.638061071
36662.9575231316
36719.166809016
36693.3218186424
36682.7679837501
36720.7582582766
36668.4696998708
36701.47872204
36689.68562372
36698.6754847543
36671.9244031038
36669.7722858984
36683.4347526843
36691.5587134733
36657.9939498016
36642.5674869377
36670.5588651079
36703.2264411937
36644.2342555679
36671.5446124764
36679.1420195325
36675.3978335562
36688.2495345134
36670.4429199589
36666.5939247043
36667.5508206602
36674.0634749858
36708.0371419283
36703.0547941487
36669.5129254918
36644.9440908364
36681.1499736685
36696.5522238674
36670.9008481979
36692.1263863456
36673.471547056
36650.4796143305
36743.8598239044
36706.9953874614
36689.5436126326
36687.4585051662
36689.9697674522
36714.1531156787
36694.4276047602
36657.2151367012
36697.6106300706
36706.5826012335
36656.8467733822
36680.7958594377
36704.9112663463
36693.5789230459
36632.9042539573
36694.467838348
36679.5407491076
36676.398251116
36702.9898943993
36699.5210846764
36708.7091933971
36719.045945497
36650.7251503084
36687.1379985667
36704.2915153228
36678.9127005873
36661.6727541275
36675.2536939392
36679.0994988182
36668.0860538773
36670.1496144567
36681.1934816623
36692.5922003667
36680.6244511176
36719.1452495965
36657.7338003245
36689.9447405385
36717.6108128865
36677.9096104366
36679.2245909118
36657.7425642249
36664.1793626838
36706.5553627901
36716.7451648503
36663.436814275
36648.0339795938
36706.0406208683
36650.0836254779
36685.5060913037
36681.3397810666
36706.5637860179
36679.1417397399
36688.1090998667
36640.0916947312
36667.7994083481
36706.6783985429
36697.8194877736
36686.0339561048
36657.3980087945
36715.6103189623
36699.229299027
36649.1696588348
36666.6852748019
36671.7289468588
36715.8430005818
36689.819175681
36702.6408071245
36680.522439268
36662.5826102136
36730.072301255
36718.9242966561
36712.9199386225
36649.6171510878
36671.1983436145
36669.8430442273
36655.0138942494
36707.3679330893
36664.3654176376
36689.2209565122
36689.2349298859
36681.0614472868
36663.9892906641
36666.2482595504
36700.1396875121
36708.2158012345
36664.8480938321
36700.5301414043
36704.6979236024
36663.3468987728
36677.468121547
36692.7856180359
36681.776428776
36678.1936005299
36640.0399327262
36677.1304000468
36695.877515277
36709.4254060615
36707.7448712548
36682.1934560616
36653.4499135348
36717.2809442826
36691.1469381886
36715.5073858857
36706.3940501495
36701.7615364327
36691.9166120054
36681.0930909551
36671.1173306083
36698.1527177947
36657.5049831193
36670.1032279104
36682.7017985021
36690.2258910029
36653.9443664814
36703.5964485931
36718.2759037119
36690.5920283183
36714.7544594105
36686.2522061816
36655.0800273846
36667.9982744967
36668.348253239
36701.9553469434
36665.394990667
36690.8020242768
36689.4463186686
36660.5460918828
36704.6223501196
36671.3520803005
36727.9600763062
36687.8142377688
36666.0499328474
36702.8286255954
36722.4748901292
36665.1899373442
36656.2581616003
36707.2467158257
36678.0231606064
36696.700235825
36656.59077981
36652.4507127326
36711.1681324367
36708.8578472398
36662.1640949775
36696.7651140807
36704.823235332
36683.7970125337
36667.9912679747
36678.5752315344
36669.8476142504
36725.1991262003
36737.4498264796
36670.1040108862
36651.5626641324
36663.62747792
36700.0219578471
36660.1979551092
36669.8904540826
36660.2209877924
36693.2994015717
36672.1658093246
36676.8008738654
36668.7685416934
36686.7173345999
36711.1946269469
36685.7095084515
36682.699419736
36709.1489079827
36668.2696092226
36711.926336565
36671.7471477834
36662.7777312622
36665.6411980654
36661.3478132654
36725.0420549766
36716.8733938929
36706.20399805
36692.6000494369
36653.7393719402
36698.6231126729
36664.0282777884
36665.6253880283
36720.4428704819
36686.8673074961
36664.0529992194
36680.6842073988
36659.9568063219
36730.529297555
36691.2087599269
36694.0910374869
36667.9562358574
36658.0847148952
36699.1027127726
36656.1267803131
36656.8438453301
36688.229058004
36701.5496092908
36690.0863229396
36691.0827571092
36653.831335675
36696.569020637
36707.0441664502
36704.3418073428
36711.3217800753
36716.1617886371
36687.0660101921
36686.0945001512
36652.2619941076
36670.2809730542
36699.3192674638
36708.3908809842
36653.1203870686
36701.8443980171
36717.7985761155
36703.4602934191
36710.5007527541
36655.4547426916
36649.6240765795
36723.8476658179
36708.1724864522
36660.2280578336
36671.106246542
36689.0168080067
36694.0092064899
36650.7766812872
36669.2020929436
36698.904051253
36668.3959683337
36695.5984789475
36680.5860795019
36696.299232046
36657.8202967294
36680.8490197432
36686.2097432233
36687.2194787525
36658.732552601
36671.6501613163
36680.891821059
36693.7875606149
36674.7227902621
36668.6284396061
36703.6701113191
36705.7270615417
36696.6843141806
36664.5994310629
36684.9253067982
36713.0289912021
36655.2935941576
36729.5921727527
36653.5856137031
36664.6119396163
36668.80695485
36706.7169530431
36645.1712034669
36692.4652375724
36675.9388990882
36685.0275529922
36687.6356950117
36718.8022231757
36708.5993075261
36646.9154129689
36727.3457302377
36704.018048499
36697.2959639057
36657.8833096474
36674.5376173835
36692.0479602216
36695.061528849
36634.030816908
36705.7821775994
36682.3590123879
36677.4193963071
36704.8888146404
36684.5840637196
36676.9766688041
36718.885456592
36700.6538809472
36691.9704233295
36677.3300763029
36682.3547016769
36717.9326614546
36665.7513912336
36687.9353581337
36676.369711567
36699.2587609242
36695.6944826093
36650.8642729419
36670.03997789
36688.6264205306
36691.3748491185
36694.696903492
36700.3736860188
36666.6348184423
36655.0742976101
36669.587778484
36708.5792163061
36700.9872573669
36729.6701788522
36695.0842848866
36683.6221773652
36659.3944839695
36698.9256530456
36687.5084289239
36645.2926439914
36679.739956925
36736.0644817162
36701.2550504582
36723.8322121885
36709.9485915062
36713.991883358
36723.6083103659
36674.611466785
36670.1542014081
36701.4961235914
36693.4334954421
36709.8293638865
36690.9040355486
36712.1507891169
36662.3345396628
36667.2127609947
36691.0473327817
36675.6307159494
36717.7082166222
36681.287497649
36679.9436316653
36638.4893851988
36650.4637070053
36681.6604945146
36666.7613637525
36679.1551785517
36652.4075451267
36725.4698068675
36713.6246111178
36638.5972144015
36679.1049436573
36700.4926461446
36663.563155793
36664.5184698796
36660.9738031961
36697.2036355123
36695.8876556436
36661.2737772168
36716.2454400506
36711.193957362
36667.9774154316
36683.2315923006
36676.7927308328
36670.6892204068
36685.9999628384
36658.7581250437
36729.7292932211
36665.3173411638
36687.5363307625
36661.4141167217
36650.4078390871
36651.1165727917
36670.2653296705
36689.9648518005
36661.8229400826
36720.9459762745
36725.4612063062
36652.8039388426
36684.6152559242
36674.868216677
36694.1106358702
36692.3944356474
36663.4828410916
36657.454592133
36647.3047298016
36665.7242035016
36708.0722965314
36653.9339428855
36725.5392750201
36670.6205390394
36690.3125903645
36709.2016480706
36689.0788698704
36708.9835154798
36685.3376789292
36696.6722101161
36661.228059174
36687.6535840681
36714.711063123
36664.1069646791
36679.7923388803
36674.758617432
36722.2730913164
36699.1975895256
36661.5558420536
36655.765385322
36705.5098836508
36708.7431483058
36678.6932150157
36710.5115639524
36731.8376911096
36703.5777009683
36671.5767212434
36667.5657756177
36710.6676463644
36674.2154474365
36647.2930467052
36668.3952581319
36715.4818601377
36679.7223907903
36678.0213850146
36672.0353708842
36680.0431751229
36716.8523070407
36687.7889652751
36729.4571636278
36711.5133828911
36704.3157826267
36688.9786614698
36700.5102447969
36711.5248751761
36721.230604486
36683.2497396581
36674.5070856062
36665.105522107
36687.0039446543
36699.2880488717
36692.8684341296
36664.4960359518
36713.7459001436
36691.235244242
36694.047741057
36658.8618618443
36682.0156479791
36701.3172172871
36724.5417272616
36681.3277897832
36706.2414733028
36648.0086325343
36711.9134823959
36694.6604819308
36720.1922829296
36693.4139425352
36680.0615710846
36702.5572700466
36707.9661589265
36713.757269628
36676.5892204216
36659.7032793882
36677.4150983667
36691.326949524
36687.3646108376
36669.1845151895
36696.6199609801
36727.4777160887
36692.2920414113
36682.3339573509
36692.5953396763
36693.2305617854
36679.8497437857
36646.7591485014
36666.1580498219
36696.2911965181
36668.9208366253
36685.1719458365
36719.8790387762
36699.7514154862
36656.697709567
36706.8389431006
36671.1705329595
36689.5991554719
36698.8892637781
36707.0237456237
36689.966709795
36654.2736418844
36716.544752985
36684.0167210817
36686.9895526543
36709.552941392
36692.7771804859
36660.6431603277
36662.6603754761
36701.0441271868
36653.5832777604
36699.4722363427
