103547.738016101
103564.556684049
103338.203389729
103478.743111613
103374.303666491
103494.134944019
103385.474743323
103523.713124351
103548.071966081
103580.62699857
103429.78135443
103432.560664633
103353.177172827
103422.108578444
103486.672618318
103483.058530712
103529.659545974
103425.407288945
103549.933279535
103509.249369369
103386.7495494
103501.71462129
103508.36986557
103542.02326783
103515.129827575
103490.595534683
103428.804497083
103384.805996936
103505.117819109
103439.899671452
103489.331596908
103356.519616818
103274.90091445
103530.102552649
103427.268901803
103471.657108127
103429.754273945
103474.179625077
103389.645208909
103488.204979147
103347.765871911
103354.251685911
103345.577410269
103588.923505348
103436.335133021
103332.946102972
103535.48950093
103337.154468435
103412.88163895
103309.875716046
103494.947194539
103339.625397572
103590.289135228
103365.70818907
103388.691801278
103417.122190732
103388.750795309
103300.369303381
103601.004961061
103499.653402501
103525.271891706
103380.386716509
103321.06450641
103416.818485825
103394.354203006
103379.988288313
103448.563076724
103506.277849674
103535.988665763
103363.679201984
103394.617715263
103331.554994286
103339.50741028
103412.313426625
103452.618664406
103553.099107088
103503.869635734
103422.412190717
103442.561073969
103404.561128203
103488.886718251
103507.95989181
103354.256234146
103452.06182473
103377.974848691
103337.039723962
103385.915586073
103233.252269991
103447.390947451
103595.524086068
103356.991965819
103304.821825147
103459.871871958
103411.929425296
103530.005382805
103521.301455221
103479.794538197
103506.47676452
103291.835231529
103285.724108055
103546.624577394
103411.366367765
103510.489016485
103612.732798629
103357.365788105
103532.310788925
103508.0800573
103353.82933958
103634.09959788
103477.109432224
103561.319567862
103326.876603333
103461.44832247
103479.655700584
103456.697696478
103351.865276267
103432.074356762
103384.591458639
103372.697672966
103399.017205891
103618.304194954
103366.85719981
103295.198308684
103405.920210451
103576.510400099
103315.950429939
103452.167104602
103568.836664834
103534.820817223
103299.807230827
103495.585562783
103417.500049121
103421.744054896
103608.552884514
103507.716094792
103330.01683009
103530.59418326
103460.173384727
103290.32317769
103551.520595059
103528.751942406
103528.906290439
103339.432783651
103507.618284442
103471.421845274
103477.296593181
103339.288947846
103384.017301326
103342.721110836
103509.934379499
103407.200842113
103466.226487428
103366.743224575
103323.955363717
103300.257398645
103526.300669004
103401.463842655
103328.53601317
103400.784652965
103499.370048166
103534.47145839
103472.348458563
103439.96207591
103342.578244132
103369.55270253
103539.230409048
103496.110794274
103438.480732153
103298.486159201
103315.119497998
103415.582978268
103405.938185382
103317.945638327
103313.76732769
103402.006556326
103536.140642882
103360.642569057
103355.559916818
103374.38063497
103412.377632603
103502.000185825
103522.354680349
103467.265512491
103514.319596158
103658.717406498
103530.957337905
103362.167391458
103373.509605593
103467.554762721
103428.603392627
103351.921681008
103389.734322619
103317.060816542
103611.967413572
103465.12086261
103380.3248836
103415.018113916
103378.415659507
103387.889023708
103498.697092421
103449.45332418
103454.659439885
103351.634677193
103415.734138999
103422.405519854
103513.934138989
103426.577168024
103381.279137818
103442.909118194
103535.265806764
103459.217467353
103305.149179029
103466.752135098
103454.884293032
103508.642760424
103584.666818346
103490.082575575
103407.146768037
103282.123493779
103526.78087233
103573.397500272
103472.576946662
103583.951806901
103224.306962079
103407.355124768
103359.013935136
103382.731902181
103343.410324847
103621.198641637
103359.737162834
103367.645582185
103305.395968481
103414.287308682
103428.758371072
103404.105266032
103371.502891638
103425.377565127
103474.415716985
103538.14443036
103444.806815225
103346.069705242
103476.63764329
103341.381937057
103633.545343318
103579.321327686
103491.980130342
103498.115427054
103283.196095188
103401.337954826
103378.880260127
103587.956670816
103485.611975693
103344.292645186
103549.347771565
103564.085498042
103478.03896084
103394.984477925
103443.644049463
103333.747997897
103569.798702797
103312.893490015
103329.635332514
103385.507829541
103414.495576142
103385.143742564
103541.195982825
103370.306950652
103336.209440778
103324.284160831
103395.29389277
103532.787988223
103517.687704793
103418.978570782
103443.212640681
103387.317389887
103405.182991862
103307.709436232
103461.406246241
103407.005873339
103567.695784341
103324.403758289
103311.992108399
103406.213799486
103438.039291794
103554.932710394
103376.096138619
103405.236933272
103375.712679232
103526.068572892
103390.346626202
103364.581896397
103422.382391286
103286.541916888
103392.817733104
103532.224361358
103509.858236621
103427.783516249
103454.097108774
103576.05672651
103374.715026719
103499.718361299
103550.017989741
103472.245025598
103349.094470121
103559.119204459
103461.475546066
103469.301714116
103327.05500397
103522.465263876
103423.101653117
103309.800107989
103532.103809724
103284.007468484
103362.349592905
103485.200895956
103378.653872157
103413.96093487
103500.803013734
103548.915009781
103531.282051104
103436.028656281
103252.844988246
103508.886247878
103554.514310038
103378.398956714
103404.446130267
103468.702127002
103577.567600523
103297.359972094
103537.598348774
103420.499657982
103360.879236334
103465.256443948
103392.416553677
103421.110947548
103458.954491617
103435.353203947
103389.782778797
103544.109982266
103504.183174844
103369.02728515
103584.063141717
103454.387503429
103371.178208108
103409.405081714
103401.953060762
103445.88375278
103532.156939833
103563.875407658
103612.463509376
103585.665025551
103517.263772055
103438.677595782
103388.702292861
103345.699305862
103497.506312662
103535.192338529
103555.474720066
103499.06116866
103425.565164843
103592.64587215
103280.10759863
103514.803706845
103420.559680009
103581.272690196
103537.871455942
103501.673302058
103446.355098133
103485.607504507
103409.312234632
103387.648040808
103372.523110906
103324.961236435
103346.246861579
103401.81463153
103451.634766125
103409.851665872
103392.120090094
103426.200689474
103300.019320462
103623.499473958
103399.580522838
103542.471517423
103334.265245881
103347.41096766
103456.660097964
103492.295151277
103452.07711556
103305.445291619
103582.828123977
103326.241827079
103352.074520108
103401.959051583
103401.539475346
103497.071695929
103349.241984514
103411.1754035
103325.268732767
103487.62804539
103404.239603742
103553.291145379
103467.778861807
103398.59688698
103475.651041427
103421.845480158
103519.780766678
103391.725011109
103467.4254202
103388.419301284
103540.605798296
103297.369232781
103570.039682595
103364.886942468
103435.086815328
103390.881333654
103363.073790621
103440.72198033
103477.888867419
103498.24348609
103328.976316232
103485.510378073
103369.181335788
103396.74903461
103409.297499044
103435.010631582
103414.13534644
103379.825393363
103462.090204203
103454.357759918
103382.168406373
103516.54791278
103355.798433845
103490.255011246
103286.204511081
103584.710585411
103405.442674444
103267.961909554
103342.920748995
103390.339707402
103300.565587069
103456.92349138
103380.919475725
103346.312735934
103320.094125179
103389.67127211
103395.342981873
103429.990789002
103441.196231467
103507.288472508
103475.074450447
103282.673401144
103380.304009957
103215.63243794
103391.382177249
103609.637916677
103418.852472561
103356.802637151
103558.528696644
103354.592170518
103457.094437798
103476.19014573
103359.571455123
103346.698371544
103433.648227119
103378.706677858
103311.835745947
103420.133666957
103506.975543669
103414.225793851
103371.188129902
103382.214864039
103268.152774655
103351.515243019
103403.16985403
103308.539949829
103235.101287114
103247.117342359
103462.872232495
103400.662625569
103489.838975619
103545.489637199
103494.824463917
103438.091199417
103509.843424784
103596.436053685
103489.542928577
103430.313191494
103480.643298029
103511.01546635
103421.542642664
103522.319086763
103398.011059729
103520.504270162
103484.254071278
103314.825480895
103584.378469876
103363.793546881
103560.786480084
103451.005545065
103426.087679655
103349.963777786
103448.852205457
103473.514418371
103341.184296735
103447.99656274
103523.61679588
103548.201161672
103357.262505776
103477.429941668
103481.593044697
103374.78218353
103465.589115892
103307.35881543
103423.925777469
103386.790142633
103417.171290039
103573.791214653
103389.158511832
103384.762191995
103551.030306273
103602.680657004
103537.698875424
103540.336585508
103586.043338924
103470.348076129
103285.600213452
103508.710960236
103270.281161671
103324.570322956
103338.624331016
103358.720791333
103506.892270451
103551.579980228
103360.009827614
103521.711144397
103469.61043357
103531.063791125
103462.257079563
103319.946304784
103339.751746331
103483.087403111
103466.263360174
103558.612271862
103409.961102582
103539.502143814
103472.286857874
103389.283553351
103456.408720376
103397.533769427
103425.226962542
103378.139814166
103473.398057315
103466.374621986
103372.767364374
103479.260134155
103529.379207295
103454.283485114
103554.837147891
103480.523992511
103486.565613643
103641.113559207
103588.436143142
103571.867255417
103467.826690047
103448.632156173
103307.651228125
103370.11176731
103453.501650838
103440.984671468
103433.66143456
103400.16951427
103472.334320061
103572.372197855
103482.296927819
103480.725037945
103473.155856443
103360.236997357
103500.149557314
103316.021849388
103428.430336186
103426.938469041
103294.121103428
103235.797421464
103292.145300337
103427.661181065
103450.467718666
103498.868269722
103490.502536965
103408.90683761
103306.094963171
103465.997515598
103383.220768044
103300.641944571
103441.859629907
103315.673871585
103504.128850208
103391.273555979
103339.062559548
103459.822030562
103336.078982578
103338.427028253
103320.584575991
103411.120058124
103364.418961963
103573.405198832
103500.267872088
103389.712780672
103406.177999803
103551.637953239
103466.772787492
103478.497582547
103329.456405384
103494.480894613
103373.302616081
103517.537770136
103412.850627199
103446.17840041
103285.753698565
103384.759613425
103486.320163935
103331.148218565
103556.326221472
103290.064544275
103372.2331805
103372.58075056
103396.978803424
103400.20656097
103376.39956686
103326.304697176
103527.346778951
103466.86680528
103395.360222325
103323.222711958
103526.65491331
103313.676357626
103412.617861915
103400.39852791
103463.654482279
103393.856796918
103465.61324952
103449.102348667
103447.953508912
103443.888193519
103325.513967761
103482.020482481
103431.21807681
103424.931695697
103587.235380001
103480.926401272
103473.697436673
103529.587336098
103376.369851549
103375.22604696
103316.948151874
103329.82871878
103395.86387949
103412.083057202
103346.686482959
103380.437752136
103200.921245139
103391.100850727
103444.378620979
103376.941771308
103526.866657775
103478.840066051
103387.482113604
103437.228910009
103454.33363476
103352.412554543
103529.387938452
103492.36921325
103364.910108044
103458.619436073
103371.492188955
103519.561609491
103429.306663682
103446.737953404
103471.143685319
103379.767945832
103615.849045548
103501.528402791
103469.666687419
103454.270572233
103410.053598759
103501.200762512
103407.818263469
103402.42779566
103352.478842094
103325.810117998
103469.270063727
103569.124811308
103440.993894787
103551.514008809
103356.308238158
103366.59045118
103329.888318724
103439.485913618
103443.440525922
103312.215663056
103535.06322312
103401.280161465
103455.414838392
103401.920855946
103335.775086092
103460.334495563
103420.037750407
103318.914500205
103572.56267604
103448.946739427
103424.098339319
103259.82021334
103441.653258085
103519.562763828
103475.17515177
103539.910075984
103422.204583297
103385.944524061
103514.086358026
103485.967558327
103552.212815074
103386.539215313
103537.739505849
103469.615523505
103495.446384529
103389.827892072
103359.254238009
103526.504518852
103408.954268957
103483.830363551
103491.470777579
103414.544200239
103509.485895128
103516.086542317
103471.414174395
103334.18532405
103552.087942948
103423.369847523
103309.08444278
103613.844039399
103355.135908341
103412.996858466
103475.692293219
103468.695635729
103407.71034196
103552.884999597
103403.367618071
103339.462218753
103304.559508339
103454.989540069
103324.453016047
103423.202817132
103342.412647751
103404.31401566
103481.844418611
103298.888256673
103529.892829023
103434.757945363
103401.795058529
103304.401833048
103394.806774414
103459.413221423
103373.175433473
103470.428348763
103399.485082364
103327.224554994
103460.420197568
103302.279471809
103375.065586675
103388.660889017
103392.96499595
103507.279914041
103371.418242981
103482.216794888
103357.060270155
103421.042870644
103391.918284007
103287.303814691
103392.224139358
103478.586292885
103601.513629482
103426.314959177
103479.262901664
103369.663066075
103333.959390211
103443.784128044
103453.344614078
103375.995762196
103454.068095415
103373.646194077
103561.161694065
103466.376838882
103360.403124579
103559.64755721
103334.495038568
103559.889744577
103684.365665901
103475.498560365
103334.22573666
103356.594200929
103447.794488311
103541.622669036
103541.69628997
103381.034135662
103435.361755335
103401.986823011
103546.57680272
103419.819996156
103391.372369305
103423.869191505
103409.71249547
103242.326984469
103415.041905213
103503.898225926
103500.459963033
103522.942981915
103390.715884009
103412.466794413
103515.744327339
103458.127259918
103467.168235544
103435.068129147
103320.50224359
103444.600669834
103417.624643673
103403.452113101
103340.006791218
103529.155697306
103242.920415481
103320.930919923
103462.871833382
103326.001721578
103561.86618548
103242.295020409
103516.359150441
103476.841870461
103601.787900118
103426.465660519
103371.128820544
103320.635873882
103290.629105688
103527.413486092
103455.8702545
103393.371859503
103361.89304664
103343.262795309
103302.869537537
103478.015673742
103407.009393241
103516.220002459
103345.992998103
103361.473879728
103437.234828721
103435.125852975
103552.792222628
103329.209795812
103482.328791866
103341.91134851
103363.325136191
103449.194519533
103493.684934447
103475.248387735
103501.871658557
103530.663665302
103305.149592857
103559.864331643
103428.786061827
103592.687910353
103381.318709717
103439.132246331
103386.330737409
103385.877505115
103407.374632386
103538.449525654
103423.984372562
103377.17877887
103526.854956005
103412.036194121
103387.9342275
103362.295087461
103336.924150715
103284.836171621
103344.766721342
103347.038398733
103377.66191105
103346.373181291
103325.475793992
103537.609010351
103408.441992995
103517.955093474
103495.596097503
103564.186158614
103423.139501711
103399.58096149
103586.893412229
103348.388949655
103309.119055382
103496.042800015
103320.812188046
103409.727476154
103538.200934285
103469.595401973
103507.377072739
103514.354028852
103575.336250598
103513.578832291
103402.262656375
103516.483017907
103443.393687299
103455.388841883
103547.199661945
103468.074576666
103301.521876008
103354.582505285
103399.013488169
103546.008719914
103565.898086772
103376.565035052
103391.196047402
103507.072068997
103425.980873629
103524.25495659
103433.287585361
103525.851196483
103477.242873232
103578.206030772
103591.170735745
103447.826850282
103439.787281231
103403.562275425
103343.475090472
103539.846377421
103478.077597607
103330.874760278
103394.485630795
103410.946390515
103432.003887138
103379.257748525
103388.205671699
103414.242173339
103444.645394095
103535.805720746
103386.134518457
103473.150427107
103545.895869823
103455.952833661
103541.835207942
103492.096166841
103573.956710737
103436.189663315
103343.366481642
103345.974198486
103448.888184115
103325.129159136
103360.122358556
103527.100478705
103418.09217023
103412.523223404
103438.724517597
103389.500438173
103582.844793794
103323.339003872
103427.94170523
103363.427889216
103451.699407029
103570.297121849
103356.251885875
103375.723744468
103440.081951131
103402.074808245
103361.051748131
103537.744380417
103493.908014683
103407.505130396
103355.727682347
103417.300108625
103381.924163037
103358.507119018
103423.10844946
103622.364817073
103455.550317502
103432.773354238
103575.278591761
103348.094183815
103459.155196745
103281.626791453
103416.674919021
103475.800179799
103351.657815657
103480.524878072
103278.349583476
103609.514523258
103550.522417164
103395.736482979
103530.313498731
103447.357643545
103323.73794276
103263.673908823
103267.947505693
103441.649417512
103443.904901578
