103466.137275989
103411.297676786
103413.515814497
103397.061918554
103455.386722373
103358.915676987
103302.823931882
103370.8851647
103443.649852448
103602.937251417
103391.304874347
103367.758287853
103412.065634518
103446.805042566
103393.94802314
103319.029782916
103414.989788049
103440.19242961
103395.103428426
103390.042835503
103455.712186429
103387.229294879
103427.703726383
103348.111760564
103384.234484465
103487.081194904
103373.319408791
103539.574864259
103416.013440713
103383.507127554
103281.374466399
103546.619481594
103574.407973042
103155.006887092
103389.025423329
103447.921388088
103442.726121085
103381.87594806
103334.725151488
103479.33545215
103409.504690537
103410.500216466
103385.623438799
103391.103488935
103584.612554173
103435.9134553
103469.882857174
103327.414030803
103431.844730275
103391.444968508
103288.820613762
103437.484538854
103402.727136107
103336.00676371
103443.226820702
103463.06104239
103374.979491641
103400.52074541
103300.966719097
103432.603186765
103369.044011615
103456.309138042
103411.261594074
103345.443979209
103445.833116341
103410.653120191
103367.562647452
103401.970366127
103437.217792934
103452.074009581
103449.190603658
103195.176557395
103371.992508174
103392.355978382
103433.509534855
103529.647325052
103367.276082459
103378.604854126
103228.899843913
103261.896055073
103549.010627824
103456.683253815
103486.455454619
103513.595735183
103423.403860961
103319.096565281
103560.582336595
103340.12933326
103473.161635581
103312.197171407
103441.247251334
103397.070488415
103501.756117188
103431.424944994
103492.745442991
103513.393852543
103395.250159508
103369.398948973
103394.26565127
103451.531307069
103415.16627209
103417.255750793
103564.016596807
103428.826168322
103476.998995226
103378.817352111
103450.653691169
103469.017142577
103462.994603981
103317.642769987
103529.564243287
103497.082300426
103527.657912497
103426.69874521
103537.282496076
103427.814251751
103316.828213118
103389.456852217
103211.16690371
103451.21382034
103311.598419591
103476.24123039
103447.719526902
103520.629716696
103530.754572358
103371.551759472
103459.757427288
103375.765672968
103200.644980737
103507.000858336
103566.477866163
103353.717615463
103470.895602651
103285.973912163
103349.753141834
103436.970953685
103272.229908991
103404.326827681
103389.674816109
103463.876386206
103293.537240551
103456.123649609
103281.12484901
103361.099866524
103450.352620556
103589.681337452
103455.111120764
103420.807491689
103368.91226747
103269.44855708
103397.735366927
103353.739333627
103571.752880328
103279.777130773
103209.486306001
103385.666663695
103416.269807867
103473.580132665
103337.029893786
103318.182381907
103339.678609514
103321.058021327
103510.613017532
103499.340666151
103400.271072822
103536.51894795
103353.422870838
103358.395096417
103484.842790274
103498.907786493
103458.40173418
103453.224298413
103434.310353285
103593.077496494
103499.007850066
103379.250935765
103392.950970976
103434.717401598
103284.208499708
103545.381419992
103394.327845636
103482.624485571
103237.484478203
103474.717633721
103289.160925703
103385.647170007
103402.111845013
103428.031545051
103438.67569089
103416.168664033
103446.523248202
103454.528143359
103380.41593758
103338.6752899
103449.740457953
103490.955357355
103412.387720831
103340.765067072
103289.015419455
103453.132515801
103376.879515506
103408.90444815
103324.09032128
103523.520924233
103448.365613473
103219.1253289
103444.014031273
103371.598745993
103395.574647149
103490.026772288
103432.227378585
103506.441746654
103451.424691987
103420.761009119
103481.539438551
103419.720222504
103268.785383296
103515.385167292
103282.197862966
103295.739170194
103434.111598414
103361.705750393
103241.462944104
103357.640010448
103528.492527223
103453.865029813
103494.950294911
103546.773254122
103413.289716507
103346.482401571
103365.325789175
103371.560680149
103557.410758227
103356.103350444
103386.668645489
103209.311402547
103439.584963152
103442.109822586
103325.901110396
103457.989206917
103334.166940141
103466.876955189
103451.999481486
103418.52314966
103290.149006334
103476.358686249
103515.40923937
103295.265555352
103414.191739072
103389.04981608
103247.419528747
103310.572057826
103269.821577586
103539.620959513
103319.18166096
103336.142659054
103319.772281725
103291.677397672
103543.792100193
103412.141009876
103372.605898083
103364.945043556
103327.184450448
103321.436413494
103328.795264298
103348.66968978
103364.761941438
103454.456320611
103459.600293855
103486.271783336
103230.452131705
103366.711159099
103382.582080843
103228.00628343
103235.69825485
103262.951366634
103342.690872282
103267.160002961
103528.770647865
103393.366304765
103380.064612608
103311.279400765
103461.4172078
103326.7467981
103333.390233682
103340.703305754
103362.638134712
103483.562206618
103384.538530355
103565.194173543
103307.164084702
103387.777676438
103426.307365704
103510.032753702
103453.686421793
103442.060745365
103432.750025771
103247.415102422
103413.071910443
103504.5373996
103385.641153233
103478.659245984
103421.458821642
103240.230785242
103447.516682953
103382.102697218
103410.123581037
103505.049770188
103408.629243496
103487.111536279
103470.011205995
103370.636949273
103475.315500817
103477.804547169
103501.547324209
103416.020622048
103520.986509474
103362.605526189
103323.551144271
103413.472415283
103538.231420591
103249.735890832
103261.758332588
103453.548065648
103335.535976554
103470.308292017
103472.794641145
103367.836057483
103473.27546369
103390.008813005
103447.092199419
103438.188659801
103402.71063704
103382.733416523
103324.08206109
103341.285846706
103472.108974004
103351.557646173
103479.557010335
103369.172743693
103282.867472329
103424.163198497
103369.711571067
103267.567903829
103503.59732606
103450.85553852
103362.575112379
103400.425307658
103309.941665977
103525.857933804
103490.643672805
103346.304127198
103388.039819583
103338.44398148
103282.246754397
103365.258961572
103364.896393461
103335.983696058
103446.099230356
103400.402053753
103604.832503768
103212.978914036
103337.447794789
103352.301527049
103513.67485176
103454.761545968
103288.34811848
103544.525380827
103427.962005976
103479.021626206
103418.826792591
103405.802496673
103298.861306429
103412.681701685
103338.774275987
103414.959689658
103350.918075968
103432.784021221
103426.279149719
103336.302998424
103470.626358849
103297.1626651
103467.881553323
103241.750533557
103357.742631825
103391.599003514
103614.256625139
103478.137049774
103493.725942877
103512.640774006
103451.41114674
103424.922920816
103499.885691716
103232.687436945
103354.951850228
103505.061834586
103459.86352884
103392.53394546
103378.801707302
103326.137054664
103517.961961584
103333.667277664
103444.507590482
103455.981466125
103377.083643071
103403.777189396
103517.212300282
103424.388435569
103403.277702862
103362.204950446
103477.440641199
103475.529515429
103374.681291552
103447.634132272
103576.712731351
103523.092916365
103328.967850348
103424.5047329
103313.262541023
103404.764368569
103544.443402735
103349.563023197
103282.808115912
103369.746753628
103505.131017293
103435.789102785
103335.476846055
103474.83283611
103508.182046908
103404.510666434
103313.933252883
103449.128973067
103477.583928836
103465.988990463
103499.881191492
103409.389132784
103397.240951719
103442.190340554
103506.548356525
103509.625756704
103517.323754801
103381.74565807
103522.943115488
103407.212049083
103476.097735228
103392.575845731
103532.495567372
103353.490528031
103255.277257262
103497.582916512
103410.809387207
103485.940759304
103291.929925955
103295.835446376
103470.853083895
103339.491278219
103386.839274628
103399.433911932
103503.346253208
103441.426264358
103509.874250975
103508.397568597
103450.201023859
103300.233303597
103431.129734198
103383.051703363
103310.495206728
103266.685985081
103441.699851612
103360.980503935
103338.093836486
103431.89079969
103460.562687205
103480.6399502
103278.264679863
103394.417281586
103470.863197889
103569.976448256
103487.679785385
103484.687172652
103483.923729744
103458.233830767
103482.556034017
103269.717543308
103303.611261081
103468.348390241
103294.741160756
103393.100407841
103488.808658733
103466.601466688
103360.098399093
103474.981399097
103365.737221042
103431.483415275
103435.83071209
103453.676524799
103356.088847349
103351.511558155
103212.337050739
103390.565084443
103536.665716185
103393.456628742
103475.630513891
103472.597972119
103224.45835825
103431.846126577
103247.906694363
103500.028331201
103492.048406192
103362.084331498
103580.722823791
103397.637270098
103345.331291729
103440.158091874
103389.916019188
103402.179449804
103343.135703894
103341.83697273
103532.613092388
103374.942920447
103419.261599369
103272.210673532
103452.330562987
103363.106822015
103475.805180444
103490.71811331
103290.231460916
103454.78433416
103376.450570954
103401.776540287
103440.830773966
103372.895072372
103331.55820974
103360.360349796
103489.603884866
103273.21649802
103469.214891157
103392.247135647
103469.819976124
103451.516670206
103370.911310256
103351.014620694
103265.897468692
103392.527681957
103281.513594404
103449.019933788
103545.687132278
103433.710736234
103343.424800395
103311.966184094
103434.197808165
103288.610971495
103456.194118667
103243.313187766
103478.094168837
103490.638303882
103503.305927284
103301.952564354
103499.550132584
103417.286854915
103596.354178094
103549.076913206
103391.08853304
103315.95575843
103245.057406721
103496.998145919
103508.265545735
103457.475380862
103518.559331754
103453.296939235
103272.332120809
103506.280058924
103488.186480021
103427.452030779
103485.854733835
103387.063480944
103308.066118959
103386.214868717
103415.90820756
103475.001409664
103469.220723441
103517.476858962
103298.979172532
103542.046082315
103439.16253751
103459.439242688
103440.702938521
103471.804287592
103443.303066088
103397.88056035
103452.597298061
103493.971394835
103446.988874142
103467.768408706
103403.356571531
103309.024248022
103386.598799926
103533.904196336
103328.362153558
103432.171486978
103396.769057761
103396.951056242
103385.854333485
103266.007884549
103365.872846475
103378.091795131
103408.634694075
103422.877825336
103467.406909136
103182.84460532
103400.200110454
103395.487583467
103502.685798407
103488.030827239
103407.921061702
103355.441369737
103283.316491357
103410.511949887
103432.412710775
103446.881067596
103461.902167094
103288.631876676
103392.8241316
103424.708426891
103472.700558735
103263.321235741
103473.140151991
103293.783960386
103384.150727806
103255.203310176
103196.413453619
103327.4959876
103384.788428931
103468.624166726
103388.667694313
103350.162311975
103506.286520113
103424.031712378
103598.731539506
103523.7851496
103454.892544047
103433.985059975
103418.06015803
103367.540709475
103471.096697636
103308.757842487
103389.90587651
103333.404362443
103411.896772864
103442.625295538
103576.575455449
103325.213537791
103340.754041419
103282.162037741
103413.686080743
103216.416800933
103196.362661122
103630.364975109
103303.264644991
103366.311385373
103361.554513939
103404.805950761
103380.246406479
103266.165120668
103448.259638549
103519.22547769
103288.14591012
103376.916506811
103358.861679154
103413.143430053
103207.26593757
103431.362667392
103457.251710866
103320.811762543
103485.168171555
103441.399910227
103285.594751251
103461.300726837
103363.630901309
103269.154889688
103448.433080397
103339.394615339
103471.526520951
103457.81532804
103534.544470786
103418.846475373
103347.762478345
103356.751080109
103324.957845493
103486.140303026
103514.468197928
103443.731372415
103336.760276287
103358.764702641
103315.79663673
103474.34037884
103441.657288192
103246.316742438
103359.417123037
103531.305687042
103390.865712578
103580.28617888
103477.117674316
103488.977275292
103269.94404463
103347.160115298
103407.864914557
103200.776168194
103383.217881978
103392.618214172
103245.488199797
103375.460388896
103446.903247981
103508.8539057
103423.445089005
103481.619410584
103463.998497073
103505.683375237
103483.787091078
103433.122439995
103421.66278563
103371.693376218
103300.708944478
103306.151628559
103447.433144138
103417.58086096
103416.64963297
103293.781924562
103372.485682195
103262.929091905
103441.280274012
103251.824778221
103468.104337205
103492.59148357
103482.11802656
103493.426639467
103412.006509629
103374.75309054
103205.113494801
103514.562956436
103412.654826432
103444.890437249
103412.090797101
103423.399638809
103364.333421127
103410.543642038
103297.629159432
103523.892033154
103302.282995752
103314.719600575
103234.755972766
103547.225832312
103323.909158379
103219.995190906
103374.333824411
103385.621509308
103465.989459841
103337.625252425
103365.379761673
103518.116744616
103483.366884353
103358.901363804
103489.651736743
103495.395780264
103418.82166813
103497.394029334
103425.956533702
103336.966317027
103504.280133939
103506.704255254
103239.039027055
103339.642886512
103345.896788356
103357.660601884
103397.652038109
103443.012233088
103416.6978394
103475.794056163
103396.868716831
103384.836033532
103463.800303473
103262.040026073
103420.902861831
103418.498650593
103490.481059041
103363.756441412
103476.464973128
103411.262844876
103553.84645572
103481.374012988
103495.772078624
103330.714883572
103469.807706434
103288.707446208
103312.543593483
103558.259027423
103401.280478867
103491.022933009
103470.188585714
103457.42103346
103509.680888698
103512.775134978
103454.765528158
103238.746983684
103426.892606782
103459.298632528
103450.571684163
103416.277260224
103423.481290757
103402.506963259
103454.315310631
103259.70321302
103496.60910282
103404.933487016
103474.551975181
103389.766679136
103430.276752055
103449.037117205
103449.076743339
103363.414837226
103289.507075613
103493.542281483
103415.127193804
103411.05693023
103411.229948364
103453.294530223
103406.553025725
103530.607635524
103457.594099025
103482.872004565
103420.470876605
103444.368949921
103411.788076684
103384.41051408
103553.689728469
103364.737631792
103279.59671889
103559.726574544
103444.766878786
103475.561007273
103291.798404909
103342.051537786
103552.71109953
103270.998589874
103520.606594628
103392.815997552
103324.87158808
103291.047765798
103337.054252695
103438.016889273
103318.432479464
103510.459132932
103296.828791525
103486.400471108
103389.525882593
103488.357706174
103519.084509006
103336.661471705
103551.902409967
103140.668990694
103263.344383655
103458.120637816
103479.761032347
103446.231070438
103489.060731068
103470.496555987
103437.608094845
103470.107267053
103393.642948723
103478.502835823
103489.179736106
103375.596781327
103587.875416268
103479.085954694
103402.715074631
103506.830627582
103399.702553495
103430.654744273
103450.835453439
103364.267058102
103434.520818071
103369.902306209
103486.772301369
103395.040036403
103609.972604796
103445.569089143
103269.527676492
103356.802915954
103489.012031684
103367.295970998
103397.372412425
103430.216528282
103431.467991557
103292.919526264
103369.140775892
103515.271709408
103458.197003577
103409.99245792
103353.006796268
103484.325099545
103458.509329628
103300.197625489
103262.602403068
103574.058175492
103397.561394489
103303.449975788
103349.55941247
103491.185474818
103509.089574337
103357.382727667
103457.010039204
103555.540974348
103197.160474524
103477.538918894
103455.02940497
103200.692910454
103335.881823777
103375.935676966
103271.754346852
103405.465222417
103476.350083394
103358.592509174
103371.177988603
103254.745113345
103322.251080795
103280.618214919
103499.748795006
103603.953859069
103501.923857728
103439.652663368
103394.844950567
103242.842330165
103451.635277866
103273.62708814
103331.853676309
103253.089162142
103443.765444071
103327.554001371
103477.673635125
103509.789104605
103379.673858477
103624.416866614
103529.608815489
103430.3044493
103391.960802359
103478.604886185
103589.040529773
103390.137526361
103391.182396981
103414.525584395
103283.029917129
103396.814465737
103487.753039511
103434.608288232
103256.102495998
103577.526941992
103385.097700006
103378.069089167
103349.742047289
103484.526805322
103400.619515877
103421.120949345
103368.977477042
103413.625623217
103483.519065669
103368.711807744
103456.300994058
103286.688282788
103552.428309937
103462.319483424
103501.232849121
103469.757398694
103470.019637139
103464.424366716
103447.89850745
103490.838821678
103272.888856377
103309.388403946
103321.934038939
103436.961733734
103509.233521699
103429.31941434
103445.268061192
103412.3895134
103550.634159584
103432.067998531
103362.698195562
103257.018575269
103434.98722963
103382.330864593
103465.132521789
103516.788917546
103394.377937549
103256.739235469
103503.269474825
103150.819922301
103357.658747368
103481.880165289
103517.254725106
103382.843081584
