103510.445267706
103484.380477721
103482.887088879
103253.208141365
103537.083826407
103327.073891442
103487.278365935
103399.39025775
103507.979121161
103351.429775799
103329.494776684
103443.135770569
103598.922939772
103396.666888543
103470.538291523
103348.838830652
103457.03197298
103479.877129351
103582.379751641
103452.694868558
103289.86921017
103353.32015878
103313.596706159
103578.601841169
103389.779780282
103474.878959953
103270.890246812
103512.456887091
103275.745543604
103421.849281946
103475.477202312
103508.208077962
103469.195168406
103457.351290917
103420.695999507
103468.376910591
103424.89364363
103406.958119874
103418.616966886
103324.518408504
103447.13069484
103615.449119654
103432.303055434
103332.234733782
103360.152407433
103447.589518749
103457.712343014
103282.349296436
103384.432340795
103378.719016088
103364.20355011
103291.738456852
103504.480087658
103500.866354539
103574.903326761
103363.894641485
103411.464658999
103499.017741194
103411.823086695
103467.228464514
103418.034779715
103387.824097552
103385.82762974
103245.348194284
103512.839531962
103295.920591069
103375.61729521
103323.368000701
103282.834824889
103546.316035531
103322.070906985
103537.93632112
103456.359630636
103490.9368075
103368.285709457
103305.471473353
103409.849843138
103355.408305527
103411.311745545
103441.321379147
103436.104157619
103379.484996213
103486.255262339
103430.990205702
103351.308876183
103398.91064641
103443.479627623
103389.808898982
103444.507048778
103337.060071143
103397.85319908
103449.404698853
103415.590904547
103319.848274918
103271.44037503
103523.151922246
103476.978631725
103404.02165918
103502.13750664
103368.242370106
103284.410898013
103482.592937491
103609.431615502
103567.629299351
103536.559329108
103322.836069726
103402.052905868
103471.498406994
103443.520162173
103599.87512752
103430.714485371
103612.332821416
103471.931984498
103264.050675207
103580.391504094
103470.525135468
103522.180569212
103401.599354276
103551.944180935
103391.642663417
103361.077278371
103333.134837213
103219.00156736
103460.342114522
103386.214016328
103317.039994594
103496.126896982
103497.801938335
103544.823631895
103494.75372221
103339.946847805
103347.736174901
103480.013270749
103578.594227453
103377.344472059
103436.617805092
103290.096272471
103346.652537066
103398.433932201
103331.567611056
103534.05327114
103577.481472773
103530.794565549
103609.095045318
103416.130375997
103452.042843046
103385.783670378
103299.561304164
103330.350643192
103442.160429595
103353.284490732
103341.310501099
103484.275219367
103484.604813808
103359.670643445
103395.455036772
103386.952317331
103530.232140179
103353.939726605
103516.14071883
103341.845217664
103411.76242919
103457.659854922
103464.911695851
103337.645587096
103381.096328245
103473.594446905
103214.611320377
103601.961219556
103552.131855116
103436.437676153
103346.109463232
103297.701186452
103526.710317534
103441.804837285
103512.26769771
103528.223485996
103405.241676913
103320.115623991
103503.915836884
103399.597250848
103343.694082372
103475.847307507
103329.916389792
103461.6493302
103528.206463401
103542.273015488
103441.885867707
103393.721459189
103507.435745525
103483.134904909
103334.81322849
103575.387952046
103498.832818839
103496.951931651
103553.386814525
103441.054851648
103374.109458789
103424.119466869
103455.54250844
103406.139910626
103574.96893446
103394.698599483
103513.20239625
103237.019712535
103359.024515283
103256.037896922
103523.683833471
103600.772237156
103418.852597631
103444.374860653
103457.829174728
103347.308383528
103333.589336412
103547.668474415
103765.804508863
103339.490466901
103390.642850892
103440.147703694
103378.306614126
103542.119485697
103572.530207722
103545.919922352
103393.731273483
103365.862905384
103511.964526808
103537.14679694
103355.439735052
103455.393458039
103447.752364494
103592.386130642
103494.357530955
103359.64836131
103532.206937865
103696.664693812
103403.181936867
103492.005709903
103467.506004461
103474.453722968
103341.294340518
103593.492917186
103514.984583152
103590.288619411
103589.74799398
103325.132104374
103540.980979414
103340.610370752
103443.441046902
103249.434699805
103377.173377725
103416.038127124
103458.513678669
103317.901094301
103583.830898237
103496.269822965
103340.181220762
103621.138482731
103407.940259845
103509.569433969
103481.139133744
103480.736542818
103318.265470076
103540.955372945
103438.983030797
103422.166465941
103357.775845527
103641.793464918
103324.61026794
103352.825384585
103611.154754255
103430.984478564
103333.192435138
103535.257407663
103403.611022018
103447.077960561
103470.679986372
103661.992783885
103367.96854905
103460.209353221
103350.805335777
103538.472456568
103513.749966944
103432.130498487
103472.052778603
103283.744268615
103629.755706664
103423.299009265
103471.162097258
103510.480499041
103331.960540232
103323.814139122
103442.301363878
103374.036942536
103455.058980088
103442.348998657
103476.183532616
103469.448113866
103371.78542349
103490.883783904
103460.442559782
103519.616616997
103325.180743883
103354.86255675
103406.741876107
103381.574168741
103417.927605335
103301.513822133
103589.938940378
103395.388440572
103600.515323225
103363.267644221
103474.174451147
103449.222126999
103439.418809658
103472.04685872
103408.47833532
103425.111039893
103590.644706665
103397.201584174
103433.206421869
103529.580748712
103503.011188886
103698.752241652
103475.91062547
103266.667528395
103324.186481268
103399.815612855
103462.178990085
103392.500671534
103423.830304695
103319.458214254
103330.12393391
103347.253260491
103490.820633251
103339.723669804
103347.123467928
103533.424499701
103355.82152993
103518.548001591
103411.35361113
103518.891699173
103413.105695307
103649.549185254
103359.575706852
103527.041278271
103532.253334253
103431.678740063
103559.858204342
103381.027666858
103382.705230198
103520.281875452
103491.042641202
103245.609864298
103586.165716783
103422.785021552
103322.58436665
103375.6514736
103406.738217472
103514.895739272
103449.007730713
103557.702435359
103524.639785183
103645.899876547
103293.689214698
103362.749072357
103404.01619113
103338.845444937
103403.99626171
103375.63907689
103462.579343119
103377.694178109
103348.288968483
103163.67923934
103519.944112103
103411.005032145
103319.838327798
103311.119544026
103444.479169786
103361.62855673
103511.247077706
103257.328784835
103362.425194234
103588.539674546
103190.222313361
103432.137007597
103461.178349755
103305.94398678
103565.884249872
103410.811552267
103407.75445772
103340.398155108
103446.30198357
103558.194330974
103416.7013246
103493.633590442
103466.807614623
103376.943187445
103345.616734529
103290.003078272
103523.564568442
103435.015454488
103636.757851437
103327.821937193
103323.927399537
103514.947660489
103567.776342378
103609.765707633
103366.445647306
103349.993904102
103360.896358085
103436.179118241
103515.80266411
103298.579730721
103469.375211824
103306.357566386
103423.491758231
103442.67250696
103593.623803972
103493.03474203
103425.450833404
103557.892500084
103345.415573087
103401.220250991
103416.041832732
103477.849628264
103420.554056012
103329.082189779
103484.268092354
103353.016691704
103518.357352912
103468.817530386
103627.879037695
103394.529562342
103324.273627945
103386.542152689
103435.213168453
103392.740003049
103454.272342906
103529.157764134
103374.348155578
103478.201284077
103414.474852057
103546.699571161
103567.549384337
103334.513771996
103491.888508913
103455.524539909
103424.076791666
103401.826759583
103402.581777901
103344.385608722
103525.56775987
103436.600759783
103427.216028949
103262.744428531
103449.63443071
103507.110520689
103398.298209732
103456.862619858
103322.608395929
103403.481465719
103537.330410801
103476.315713307
103346.761368414
103529.130996569
103459.824358977
103467.597222501
103494.37451651
103374.43044782
103302.760015444
103408.470341804
103415.236565505
103446.276049266
103267.022060162
103469.005633703
103544.966858735
103400.7380531
103387.199708506
103463.57832293
103361.577628427
103750.307929923
103350.820858336
103384.461494979
103459.268003237
103656.935135394
103482.110534615
103405.087891455
103448.019002902
103468.495681924
103545.226192901
103592.508846068
103359.531775095
103426.573307364
103407.04513319
103554.987663856
103444.460164853
103632.138854295
103361.254983109
103263.470084746
103446.68764056
103248.837442745
103487.846488747
103310.491068781
103491.942018374
103505.562739588
103395.75087738
103426.461841961
103433.842766012
103292.952022592
103589.305020754
103294.91758489
103332.637130371
103441.909172666
103419.410941635
103573.691742894
103453.258957281
103630.782628808
103400.50932193
103502.515097537
103359.494178673
103459.076964426
103410.791980308
103480.092230292
103410.341407276
103492.012446497
103220.022337017
103343.06551175
103474.374697282
103456.891152714
103446.351822805
103412.552804956
103559.863527907
103314.651066064
103342.82501803
103410.107448965
103461.377199698
103490.304703936
103322.102874388
103541.755807958
103348.899719298
103444.494265711
103578.608900733
103316.597129532
103473.633844592
103447.710066006
103281.327629586
103292.735406707
103355.835841544
103542.723421953
103445.294774129
103259.901465527
103632.017500466
103410.936728709
103542.017210657
103438.578918611
103381.34725589
103474.622353838
103505.013312147
103500.148104933
103489.626325876
103475.973479476
103456.410246889
103436.125195422
103294.475932306
103408.807315157
103482.608232362
103356.061234242
103534.996083742
103449.339133366
103407.941067502
103476.788871668
103463.672070036
103391.223196287
103331.681652248
103378.695173005
103398.409807399
103452.712356269
103328.578639138
103364.081827318
103403.524644677
103456.883367626
103417.036946866
103489.819849976
103417.662343411
103511.013170599
103447.471258238
103275.531274023
103501.138802107
103337.791789735
103416.765449136
103507.08828394
103416.098781967
103510.051673203
103409.868488572
103536.211602651
103367.085867475
103567.243704143
103360.204821477
103264.883336463
103307.125183382
103423.104560496
103370.462938593
103407.959732366
103436.666841217
103362.859387195
103362.442830889
103344.430122819
103681.492866594
103351.237949456
103324.761110955
103324.622321281
103495.635792729
103449.987619417
103403.653484019
103233.940684503
103344.447820079
103429.762453045
103288.491497297
103535.598816691
103498.257719124
103710.483232182
103245.738993753
103425.651668883
103365.497350383
103317.542571561
103450.316641868
103535.220479353
103378.760486515
103344.264304093
103466.952843823
103463.539158485
103545.247957884
103264.609981155
103337.965222139
103228.295964731
103451.05396915
103445.130848938
103493.215229627
103474.661962903
103497.202725465
103501.371804561
103547.036712378
103598.442056872
103436.422327451
103378.455163351
103401.005843024
103324.319822291
103372.712063974
103460.435522126
103490.506542242
103414.447542993
103378.885544491
103567.277922303
103442.737936434
103433.450296518
103305.415686369
103471.345504263
103376.73283165
103511.053007208
103295.624391262
103320.824283036
103328.648252046
103430.350061026
103426.586056938
103412.182585395
103455.210751156
103480.412812391
103331.127193978
103495.643761166
103370.302098483
103566.141558343
103558.893737776
103481.942855078
103341.901083707
103443.796583511
103484.75323417
103291.458640494
103478.515856782
103303.175195819
103383.42890206
103401.060223223
103352.013033146
103625.254878408
103416.84287357
103521.976782884
103280.25067492
103218.153794214
103295.001439676
103342.20696657
103490.42068222
103449.946019593
103429.619699286
103619.393230702
103375.252540832
103496.490203756
103758.399475088
103521.540470997
103438.913689663
103542.112033918
103614.909048
103367.445734338
103467.874645619
103251.481397809
103285.193179176
103420.871562794
103407.266729575
103342.053063042
103414.420558602
103442.536848635
103548.267439384
103613.180234743
103519.006440062
103471.175848341
103446.128421244
103571.686427601
103313.575578284
103381.736730495
103350.813261664
103327.448937584
103455.188695456
103444.818471286
103432.143692742
103440.605251282
103457.558041101
103347.964869146
103535.90341599
103347.857439682
103459.82201462
103522.051818828
103348.43424259
103302.92620452
103537.817593865
103412.661638348
103353.476946858
103254.994827149
103484.298091834
103385.245473556
103490.938624664
103387.663972648
103339.248550254
103378.331239765
103538.76636497
103461.89647444
103407.947950197
103406.952509231
103772.600793878
103525.304675277
103534.289473604
103454.191592828
103391.870418738
103457.352303386
103452.250131624
103402.506325815
103430.40853965
103465.116615546
103489.897656146
103420.889713528
103471.879219272
103377.761136481
103349.45158704
103501.700234501
103389.938649448
103505.369493733
103403.786682815
103459.287877846
103536.153694729
103439.031399117
103425.16819222
103350.154976831
103474.797679093
103361.782809494
103455.184016004
103612.341471806
103602.959731392
103372.463484245
103512.589772497
103656.554277897
103364.359708543
103259.809396427
103432.646205925
103488.011891258
103451.288209797
103388.680787055
103462.76068
103435.958496317
103392.472421749
103519.669864669
103540.563024039
103310.421371865
103479.927113245
103398.153191915
103462.486783562
103493.838809449
103407.908996491
103612.109933216
103385.836445875
103493.464750091
103447.63182608
103545.813630203
103282.216830296
103391.213719827
103370.014494176
103379.532588133
103491.461983576
103507.178476907
103493.747379967
103508.516201349
103637.281985127
103553.160249315
103554.065456316
103343.430669085
103589.644387129
103387.127102726
103532.539632518
103187.321883374
103494.674048152
103447.788459656
103307.63992387
103514.413275759
103392.715436913
103448.872247553
103450.450090441
103455.145791683
103309.734932293
103555.703372425
103407.141241284
103583.149749999
103485.501628451
103429.762226307
103432.095237055
103349.836059571
103568.846120628
103362.024772835
103450.661143013
103371.957257555
103258.515824153
103240.191441776
103518.021378091
103576.607922912
103478.829227597
103450.526477737
103282.520032356
103566.18999333
103369.071394546
103455.247009809
103478.612371551
103459.092248248
103256.399948603
103554.658236847
103616.179050738
103441.015445556
103237.698958376
103463.414284497
103264.646076204
103333.4744364
103474.716103054
103430.331668012
103418.663345276
103564.067264371
103202.368445403
103368.467636175
103352.823913135
103334.838624675
103491.494580323
103365.972947598
103355.002039498
103478.985478776
103493.52025675
103282.828734756
103385.599962332
103493.168901376
103466.77181351
103422.525450875
103273.489683423
103574.373521928
103421.929325444
103258.612993653
103542.285299917
103528.569361214
103357.852521448
103502.339871778
103394.929319677
103386.501718239
103380.3528464
103401.593289492
103561.735009686
103224.03440914
103460.30604303
103334.142877123
103421.636652116
103498.169551227
103377.854791885
103285.524438367
103474.467604769
103591.760336505
103361.511471697
103333.871799056
103333.588002384
103456.723385721
103564.275485133
103523.951559864
103475.55554118
103137.551105381
103461.206402688
103355.294569031
103461.949723447
103460.845977245
103353.646602983
103373.011408326
103574.382785945
103250.741259999
103529.846049665
103538.17451482
103467.123898482
103296.716165004
103386.870487593
103406.159612432
103490.399307024
103284.858852512
103485.223354473
103314.115723028
103533.895090162
103326.881549909
103525.941555877
103446.304003629
103514.538941944
103419.59163187
103432.731004914
103333.469205566
103358.869230445
103508.416079579
103376.475565819
103365.070099772
103511.573799606
103458.687492364
103368.046112753
103382.087032463
103464.398170316
103474.322880908
103430.219174397
103250.513458027
103386.91642286
103490.475688615
103364.376494869
103277.800732714
103387.942575057
103457.792513874
103288.301142529
103530.265428044
103435.272887061
103464.213164607
103352.974626698
103528.675316224
103482.513450598
103444.164817338
103572.325480975
103561.917573095
103479.764809949
103277.243704385
103369.511588182
103439.791763634
103412.809140029
103453.054813123
103431.081613698
103446.399424695
103370.583503966
103251.708273875
103619.875567389
103327.47578546
103484.581867559
103294.290084018
103350.471071897
103578.309906305
103725.075628147
103379.68708713
103503.538380058
103386.71082059
103420.295780309
103473.615892775
103389.383818701
103391.104827153
103414.758437036
103588.664011917
103375.982835208
103696.98636132
103391.346445315
103433.649895065
103486.194203837
103492.22350112
103437.683687474
103404.993456688
103503.024795017
103476.255136971
103322.616088909
103596.527197587
103534.327336641
103614.978566755
103428.570200182
103496.954544665
103311.742230424
