103851.051234197
104843.81333562
104298.949243076
104395.638652436
104755.446311764
104607.071399562
104961.597120279
104432.195367293
104281.280518412
104436.204885977
104729.663834638
104460.376363749
104850.98878854
104562.802488963
104354.465493546
104277.476707836
104192.079216362
104341.040163356
104137.39684105
104696.296390975
104580.420222116
104624.49902681
104587.146337053
104809.670684431
104649.700325017
104152.889306821
104268.832583885
104294.59705737
104234.69528091
104904.556163001
104694.197982469
104069.371287636
104380.388697218
104488.360096893
104325.991937882
104289.587666008
104024.556958775
104497.189563415
104245.517016397
104640.012230985
103967.198221759
104683.520848763
104463.978557121
104922.886927158
104898.98002263
104501.223818196
104313.486172395
104216.087355079
104949.666488251
104815.81044814
104340.523039572
104417.867835168
104119.070769339
104168.91106882
104384.931429317
104588.456863175
104194.670097608
104429.692595984
104874.277571264
104557.773361949
104230.568000159
104059.213781159
104511.221437188
104900.799846498
104888.741319795
104516.328628287
104220.945261943
104617.236126574
104233.448341513
104708.808880297
104545.252722447
104677.037206347
104481.959234747
104739.831556855
104861.808209718
104755.011782153
104061.146383631
104217.553160344
104119.924772346
104030.312995052
104227.499214872
104309.749174893
104291.154634988
104644.571471896
104207.399086535
104283.908841973
104371.616321385
104817.42829338
104466.003444209
104581.975854074
104408.719820093
104507.985797958
104419.86298898
104405.433426721
104494.200622595
103987.913149714
104803.219860408
103837.151938425
104264.341655813
104750.591581864
104367.351250982
104142.367764909
104382.417161725
104697.439489203
104257.352154012
104411.87298533
104981.460030461
104990.813630777
104604.8149311
104215.997919889
104134.04679186
104466.011215383
104725.758198765
104788.338527941
104443.207520035
104495.088917792
103893.054299452
104446.573676397
104754.824146582
104986.620082945
104663.513719647
104481.886873145
104414.889273438
104478.661997543
105113.146464844
104505.840413502
104528.547662322
104564.995724126
104659.994000141
104604.524347845
104735.577181384
104360.50939179
104550.109586385
104556.173039582
104691.624006589
104849.556299133
104539.581540838
104202.97210302
104475.183200343
104459.380586549
104637.225896066
104580.264581686
104341.10264042
104792.139963236
104113.513625267
104533.451461361
104627.175565758
104188.885533723
104388.029353555
104273.197033422
104364.559710881
104778.280109559
104367.379483849
104671.504510925
104179.248692982
104408.042255403
104968.949079917
104608.184063111
104270.342700532
104000.628079464
104567.939765312
104763.570451728
104457.458317511
104196.849823109
104822.576889844
104927.310249595
104528.387675147
104002.441533928
104424.350818347
104569.950228219
104313.230261882
105074.788624934
104401.574997734
104693.146807107
104258.400503296
104411.703387456
104591.105603802
104463.03619894
103997.454509421
104254.30541486
104633.326574829
104678.320761597
104592.75338275
104583.832635608
104221.103409258
104176.057609877
104468.990080078
104783.967890133
104909.26114369
104690.548509563
104461.686507772
104608.148443607
104122.706232326
104321.413240354
104297.798964913
104753.935638872
104263.513676459
104130.626814585
104461.141288713
104575.022648307
104384.014591802
104399.224992197
104488.982286112
104539.079337354
104160.350331535
104272.363564685
104310.490609324
104180.62383252
104549.553323384
104815.586646857
104441.138475866
104648.299240097
104105.95827153
104364.027690028
104646.668891972
104134.299037451
104322.438189849
104133.67746891
104608.741297931
104327.569386148
104485.346100585
104341.216223333
104679.523532368
104487.059481917
104485.786285022
104212.13534923
104547.672540151
104758.620065571
104667.158359464
104852.598061802
104866.401866973
104201.103850014
104328.355601133
104282.569465675
104799.910024054
104433.931382008
104287.883675517
104901.363026617
104232.511487189
104559.704790496
104082.905311758
104754.736442664
104586.338551755
104670.085803892
104828.829334578
104601.726163833
104502.269801151
104450.428282677
104531.988933665
104152.19368657
104624.34163195
104475.336507165
104159.001198128
104377.862020404
104705.610927462
104684.189789558
104556.975298847
104271.161539352
104669.449299917
104628.613353558
104344.87377034
104028.892512368
104513.2553279
104340.068332559
104821.979777623
104655.239316714
104681.889754477
104300.694891599
104359.097752327
104032.256821239
104298.529746072
104523.624836271
104443.340958927
104606.741794763
104478.063049696
104707.808402923
104362.609089967
104954.761718165
104491.053012031
104623.532967785
104676.702347697
104436.806291814
104472.024136028
104746.364835385
103853.556006156
104780.176796415
104381.792100074
104554.682227156
104251.016959865
104806.884220761
104588.158849132
104926.998035715
104409.877407943
104840.388544356
104761.503529812
104449.746990473
104141.31144347
104724.408775709
105004.419104593
104594.243031617
104546.30018689
103999.176240273
104376.298530017
104657.589129417
104607.371660218
104626.749035322
104962.737797394
104571.771693088
104617.97951432
104083.307528942
104265.912469505
104157.182675359
104215.226012738
104329.160327002
104607.735450859
104696.835428347
104354.058673327
105013.748329241
104475.776472478
104550.528276554
104675.089247144
104275.501460013
104378.371065691
103992.28443694
104327.913346363
104238.887460789
104455.513445432
104620.185553138
104737.72906586
104351.518105496
104368.044490596
104065.704876406
104271.655569066
104811.403493116
104167.369582154
104719.58489174
104190.19252648
104622.195633356
104493.73177595
104465.70416159
104712.875924493
104497.017379954
104477.066130803
104525.509571693
104442.103556691
104005.762593979
104635.099791916
104147.503913154
104242.798290311
104319.486830911
104542.446085765
105060.48428332
104372.519599182
104193.74010541
104684.743477674
104455.992264242
104324.287178372
104480.02551334
104241.454644282
104446.123691574
104316.68659883
104297.398260157
104882.269387529
104876.487675225
103759.481652186
104075.648737691
104677.353820078
104403.71112654
104477.196898708
104343.709946752
104374.619034441
104505.844583222
104212.389687993
104652.727692006
104596.715384571
104378.886725136
104844.927111925
104818.464523029
104464.781538782
104468.643803825
104507.829803428
104389.459422189
104502.953144119
104450.086704715
104612.991181851
104623.52722785
104193.139994344
104117.149833773
104481.306459732
104397.610029104
104433.669880703
104944.895882267
104561.807455645
104594.509062023
104439.075099408
104555.729815635
104674.233430756
104626.361713763
104678.272150885
104381.634475249
104701.771617593
104523.093913042
104353.497531139
104096.423201504
104870.408548247
104692.984148153
104640.478932918
104570.779955661
104450.892482103
104223.123112781
104482.533223778
104543.534028776
104821.060047682
104601.400985981
104691.112023467
104641.474681248
104706.950069737
104474.56971878
105174.158612008
104357.403385042
104043.527576793
104413.760551218
104886.387555583
104731.682119555
104647.168558611
104684.90676387
104258.446068809
104419.248401907
104714.121456842
104513.765327357
104351.566150041
104048.688334766
104405.473859197
104854.099646954
104722.352808826
104643.143505083
104399.160364783
104782.757737508
104423.864343624
104570.154983937
104385.190614065
104273.582956023
104276.386573221
104363.598803417
104454.063399731
104519.78335824
104332.481983297
104568.981623368
104523.958397856
104841.918977062
104237.881456636
104061.720083164
104431.053896668
104516.866296886
104690.112933975
104283.653457658
104272.592703306
104420.014089627
104293.911362356
104541.497854371
104767.514938355
104165.581040713
104497.665952463
104781.509661606
104042.550760217
104322.481693804
104543.791056058
104786.103183733
104429.623586937
104887.622084271
104172.946005441
104703.305337017
104616.970298774
104439.003012512
104279.02751648
104460.239499457
104494.662721437
103818.236682503
104769.091436292
104789.405085084
104608.534378623
104685.714737136
104425.283487986
104402.630336781
104857.667855996
104770.901065183
104304.273804304
104404.137487834
104106.328357658
104655.656040734
104636.056794888
104444.829655591
104358.406011824
104946.414004742
104052.82172711
104400.744053074
104287.149895837
104586.543399146
104471.191944459
104553.688661864
104601.626155796
104545.844251547
104762.618597485
104163.684694397
104270.123988623
104803.308892612
104487.362151487
105135.449401613
104188.170607986
104220.468008728
103999.622406393
104165.427834925
104508.630024545
104920.599298721
104182.765900155
104427.907489013
103958.424231269
104638.804818488
104994.609748215
104651.164912812
104460.21570101
104872.213406208
104635.409850203
104691.601113443
104275.85729808
104172.596645467
104742.836628551
104664.79921824
104329.670461327
104341.414334566
104428.494320988
104754.221302802
104507.60899716
104328.934229581
104593.447929071
104928.325371673
104637.626558287
104294.397193011
104438.446693518
104632.86337155
104547.127461672
104131.73299358
104479.729960508
104424.67777044
104562.423382328
104673.0267449
104918.812225198
104732.865901125
104764.117774909
104651.118950532
104744.671573116
104569.294725767
103922.924788745
104734.837431002
104553.184794639
104357.052789204
104795.48508045
104118.409045346
104600.247654712
104268.202869549
104208.748091321
104415.091846877
104893.930046124
104313.683835665
104260.914286002
104401.210939647
104053.168538492
104624.862027017
104800.438344483
104436.303331093
104925.423958855
104782.790268084
104088.941200252
104443.781500909
104304.168369529
104515.197173635
104653.680390821
104468.587467985
104788.230892228
104552.887110001
104497.022535455
104097.306920521
104357.597963627
104771.955057881
104219.845699341
104723.510724216
104813.085442587
104459.979651021
104297.789002756
104435.673027822
104524.526945818
104498.098495928
104617.349835718
104487.70055854
104495.626178768
104539.363443618
104581.943491222
104197.022535276
104629.85613234
103870.202579017
104170.408708857
104515.483713797
104198.644292816
104322.712000213
104623.25113333
104350.141230396
104562.922778315
104356.796347752
104577.004960988
104714.790125477
104663.060750606
104613.54925688
104211.450520883
104461.264160077
104231.950997051
104467.619662272
104596.570233364
104525.956975298
103949.273929044
104543.787114107
104629.089622822
104656.440409886
104656.698550981
104679.242928463
104232.33366934
104270.013401541
104134.698562649
104366.446728635
104397.132268294
104438.768313104
104510.072786756
104278.624371482
104958.393553733
104768.451944088
104705.650791546
104257.180398049
104440.28485291
103971.036038892
104261.293329747
104753.907110119
104415.373053178
104732.649830381
104838.791356316
104482.765359833
104801.772825268
104231.26196018
104787.854551008
103966.596815919
104583.307099787
104576.076878074
104430.245883752
104380.250722623
104826.424578638
104483.597760859
104726.419892209
104126.547181681
105105.713083869
104559.109083651
103968.386571086
104263.111758087
104122.681274956
104739.947184076
103987.397016263
104644.373183261
105055.715377949
104892.531341385
104370.602085545
104648.082200052
104438.563876675
104588.559088882
104450.355927885
104725.109434486
104537.684955734
104574.232572769
104832.947431331
104224.013650831
104209.843976573
104476.871530179
104620.700143483
104502.459552081
104476.895923926
104667.091749113
104256.219310592
104076.31024791
104609.473436618
104473.516716015
104351.139935955
104763.54699734
104722.065934442
104807.6896408
104227.872292906
104663.503135635
104982.435781708
104709.182209549
103933.463843797
104626.641950449
104566.328707911
104569.342551911
104469.973094512
104644.347319639
104512.896892138
104314.041038649
104569.86645514
104324.249502613
104943.631345275
104701.138501608
104541.584032992
104379.202515846
104894.098465975
104295.081510059
104414.343026761
104837.566124989
104800.973577619
104346.420994906
104591.278539783
104808.464881813
104723.943455358
104683.213818701
104888.609921846
104461.377168367
104917.706585968
104352.30925178
104139.69727396
104579.422366296
104569.758013651
104932.622443436
104166.858363187
104372.836483367
104162.317154814
104748.057362233
104721.960007454
104821.472622134
104530.171617638
104465.549504563
104432.842315623
104549.530166383
104484.967181094
104646.352304306
104332.829943032
104374.246924937
104545.661016303
104786.113038395
104768.859926186
104643.99561138
104062.763911489
104414.093070746
104822.114263954
104737.024297924
104620.06022661
104462.834171687
104009.554701925
104495.395421055
104834.252573637
104049.722584243
104549.473123132
104413.121166402
104311.2005709
104106.962094592
104295.794578934
104391.807880444
104262.944756026
104412.085704783
104489.727722129
104316.556258827
104751.206878436
104533.835724455
104570.224633187
104133.248289933
104300.65378304
104659.614249587
104610.576573123
105004.609197531
104732.510447993
104647.039443786
104436.342064298
104509.432334799
104756.20970166
104339.290449527
104143.27517669
104304.389092173
104339.41979889
104519.930285108
104398.085477056
104858.045017847
104610.623505176
104784.401173102
104670.216865212
104121.167161786
104640.450748173
104941.070126393
104736.608451607
104349.121910605
104224.969147067
104370.490314267
104490.161831248
104227.323076666
104913.666200722
104841.33458706
104370.353387066
104593.322470067
104653.846638105
104698.759487603
104544.989909079
104492.932017127
104193.906193176
104887.435317285
104431.376071315
104202.429308877
104298.87067034
104340.132733404
104276.23858805
104380.130436569
104347.075616309
104291.455977028
104061.167224545
104354.892534264
104453.835122924
105035.37956411
104266.805149727
104781.69461349
104465.504086312
104207.693138435
104479.478374774
104603.492753339
104319.203509196
104679.101927282
104534.663726768
104880.041430675
104563.872610096
104400.77120678
103960.424227329
104835.661219349
104459.203858213
104757.645106702
104531.952770419
104024.291849593
104343.649061117
104672.76270398
104299.125715263
104849.106872891
104555.639990727
104340.843495922
104300.218941702
104717.893014752
104614.24087726
104382.49261653
104323.251181352
104785.839563035
104489.341053699
104521.030513426
104301.655493943
104705.555825493
104366.051747566
104720.520764612
104431.056028343
104322.911305084
104591.557269671
104555.934552226
104187.850019417
104619.47061835
104645.430778648
104713.687827683
104529.557466085
104307.509741092
104696.344150564
104581.444873755
104385.506556388
104306.39660106
104624.724640936
104525.656606105
104882.169630418
104218.154141553
104628.032972602
104619.288766776
104293.81918246
104350.617669373
104407.547802693
104901.759060518
104669.926473265
104121.068210348
104497.418131898
104335.534211358
104530.455011752
105050.686905609
104201.275461932
104035.857078598
104139.058379446
104814.706373345
104525.990197536
104500.253326307
104597.505577502
104537.03168898
104413.861195186
104403.966940929
104759.2701373
104602.721473238
104142.755565552
104434.450184706
104401.244355599
104504.756935551
104805.774443602
104450.679406356
104468.126663786
104665.569904884
104296.032510943
104851.106149947
104568.254144905
104817.426533141
104226.398788199
104306.230390486
104399.92068465
104663.200986229
104592.36818359
104734.278742037
104692.81579418
104408.828623453
104373.881796551
104577.269303121
104375.329221397
104325.623650056
104505.714865118
104747.632661583
104232.073504222
104644.290463044
104127.589339502
104755.421162548
104340.698720895
104740.476823764
104874.593490133
104554.513754877
104430.197865051
104771.542236906
104525.901172832
104316.565162578
104722.368885664
104430.917693625
104239.647067525
104787.601302412
104118.735008307
104293.09561816
104439.494119458
104905.910926635
104639.054212675
104685.206992385
104903.020798169
105003.143773379
104147.430211675
104216.20431543
104839.671019086
104988.556536185
104485.543510904
104589.968342127
104896.972377942
104402.610143685
104801.122924888
104119.327711142
104951.175319553
104803.108365614
104609.213452253
104498.213482545
105005.282639935
104698.408318197
104756.102099054
104095.967563769
104036.538435663
104259.450064966
104964.412717631
104562.3912888
104783.981496468
104250.617866665
104264.826727133
104789.605536902
104293.232947907
104150.068658836
104711.44642488
104685.64338523
104308.233871719
104708.100095925
104368.873862061
104173.910004493
104241.330099513
104786.086529209
104531.8013213
104566.332340664
103989.941485898
104679.899308759
104293.477159402
104558.353671821
104897.119504005
104408.737208339
104735.677877024
104357.093736925
104329.220723808
104426.215992832
104502.257976119
104512.964500183
104677.67023827
104335.337233313
104517.106986964
104249.47557536
