103414.533612025
103427.87045391
103368.704012711
103159.614670544
103465.771643883
103305.718795189
103219.584621488
103298.386415567
103284.081607513
103444.421261213
103292.668072979
103120.577158757
103591.838948547
103391.059740859
103392.174126539
103462.103282769
103393.044562004
103464.049061091
103374.027290391
103334.457390039
103266.608570944
103494.562462517
103302.741688807
103332.68309375
103398.014971893
103205.907848283
103391.133897055
103269.914430858
103408.905579054
103333.385176956
103468.850039655
103382.112920091
103453.178749627
103392.392780756
103384.186869549
103364.235776183
103315.680167589
103312.329250214
103342.225111541
103421.923796915
103449.926703009
103320.571646639
103346.947289926
103413.100537124
103393.2417963
103156.863504845
103330.552917265
103471.132443178
103421.562526631
103457.023452988
103344.14492495
103487.593786899
103350.687776651
103382.50596144
103473.449636833
103381.524947548
103391.665072653
103271.239072349
103383.20410021
103431.80393236
103292.631071389
103399.696120822
103427.283397762
103298.104187119
103415.732332307
103416.565888243
103331.833637892
103363.382170416
103384.179480198
103477.161359169
103360.03656789
103337.489142248
103340.500898486
103314.227508878
103278.108070767
103534.114700204
103479.725921886
103228.851089092
103362.010869596
103406.213526649
103437.04115762
103568.153233565
103423.430679133
103429.183660038
103402.104340847
103341.307991334
103393.971080624
103387.504270054
103342.460920808
103226.524056149
103487.566963109
103560.333129783
103326.373212538
103438.744927622
103276.34793966
103422.361238429
103491.450129348
103218.389593445
103291.475679572
103499.942354781
103326.3673939
103431.408810142
103215.331973642
103439.822388681
103304.681765794
103504.303358335
103407.572703497
103316.455829576
103446.463590016
103347.546058889
103460.579378284
103350.458136847
103400.778194784
103414.926048002
103350.250434631
103371.222097818
103389.813241889
103202.226818039
103419.851984311
103341.303550554
103439.854548009
103480.297206363
103402.882424481
103422.025651569
103256.033828442
103393.774773939
103465.006722341
103582.956025311
103557.533714771
103404.599264852
103407.311353673
103572.466685476
103505.837541772
103447.511218914
103392.23710194
103265.087924114
103434.415891825
103371.756331673
103662.965122996
103429.690962991
103406.686698323
103399.33298046
103438.228691069
103381.034363285
103390.844943126
103483.353933788
103455.445098664
103301.183138245
103416.303524403
103546.108160538
103325.619856809
103385.698916428
103342.186069677
103449.194779409
103425.955579133
103432.853028153
103305.168355309
103361.655680294
103372.919966068
103388.472990742
103475.718982531
103359.415025313
103276.527226894
103458.354356506
103393.215325494
103550.820863966
103352.870528736
103347.257415647
103204.042740211
103382.080099672
103400.871365404
103294.504233991
103518.705835588
103313.559062555
103328.099658638
103544.183479911
103395.882923173
103415.499310842
103437.383712962
103426.033180441
103302.033828856
103600.331825575
103494.355651825
103306.025003398
103536.783686432
103379.27887829
103243.187191767
103293.600229651
103550.544979974
103420.810334045
103418.941831011
103372.610912244
103431.882205946
103404.203986221
103357.400892508
103369.06535698
103240.517004465
103298.837338673
103368.640284076
103401.388766747
103443.359344837
103456.863958421
103413.057484462
103508.685782346
103413.985876603
103548.995374643
103481.79676295
103362.59589948
103505.564318841
103193.035164926
103380.756149974
103269.717742901
103386.487042799
103418.52998933
103342.389013019
103536.325048013
103342.927477789
103446.378369779
103446.654385266
103476.226070637
103451.331038617
103274.038374589
103276.58646803
103217.638385175
103563.537486435
103467.145238733
103297.056939285
103328.594481524
103337.747024226
103428.10996193
103513.074668126
103363.661820288
103408.659411818
103462.469342376
103396.21187955
103427.255039106
103531.477531585
103276.807689185
103456.77627741
103336.667815765
103340.183465347
103374.03078195
103459.912154883
103232.839867591
103454.767648364
103331.389368397
103298.089402993
103549.924412448
103436.257543249
103522.429819926
103306.185801866
103368.70397199
103263.704079911
103456.413722629
103444.572138534
103211.675386085
103575.379551668
103358.764399988
103166.854488505
103345.593661141
103330.576753482
103411.754846325
103447.565334903
103441.879967921
103215.856072377
103456.642400843
103457.042303256
103703.532016466
103331.556931957
103420.5001896
103441.759238684
103368.210742093
103389.889141472
103480.376820184
103490.362993032
103234.549070447
103314.416537273
103274.571839865
103122.372479304
103297.860516621
103233.546577154
103451.309480656
103464.066079491
103439.676202539
103146.285070544
103294.582778466
103443.515909327
103306.907739873
103362.417036458
103511.322448708
103407.365376273
103413.778770331
103483.349076367
103110.523463928
103374.525937623
103394.886322332
103358.688439308
103255.670887851
103404.305142859
103596.063427355
103237.75487967
103362.640240789
103366.190547953
103414.762023504
103399.992648328
103509.111286553
103325.074187246
103436.851666876
103425.837456998
103413.470185393
103407.935606991
103533.919468649
103467.820286079
103378.775959918
103273.27803565
103399.579670936
103316.78872444
103429.499138808
103389.54446677
103403.276362908
103444.254163323
103376.929373369
103416.846538188
103325.559504544
103392.900035766
103399.27583822
103294.359720002
103309.967127891
103469.745034897
103546.634886019
103359.593780862
103493.514788415
103300.298803965
103247.137510721
103331.206633182
103180.788137215
103301.654383755
103496.311107826
103472.417597963
103427.058715858
103399.302870013
103444.625822514
103354.736130178
103286.897033198
103593.763839244
103461.651876182
103454.758819647
103414.729248282
103340.063476105
103331.649903477
103480.236815576
103412.751818668
103451.51981832
103219.650443079
103436.722515752
103451.693312633
103462.081122554
103459.120125546
103316.912527811
103336.086930028
103433.8581014
103377.39352368
103423.574245331
103394.80924767
103220.009597511
103435.857928381
103440.240520209
103295.427732544
103472.882492406
103479.625308113
103376.826410414
103489.554024301
103308.18532418
103287.73052107
103528.920549504
103379.67399664
103304.678009527
103438.447056688
103418.17731761
103350.319670841
103439.533894711
103383.479704816
103474.536668234
103187.527781476
103429.857809108
103499.530538697
103417.912375268
103503.366716427
103413.935072635
103388.026394364
103213.053888391
103490.862566871
103372.882780375
103342.157926607
103477.794326296
103498.402255132
103286.389317459
103355.532989682
103387.49641649
103320.493101693
103370.865414217
103528.12358472
103426.0171923
103222.089940076
103472.246793347
103248.635539109
103468.013739154
103513.471792198
103418.525170339
103331.619642804
103327.328778803
103405.809018954
103473.919015711
103156.180141002
103488.375321236
103387.837126301
103634.813700591
103479.834781301
103474.774660176
103415.147931533
103324.401666945
103454.95120066
103320.477692003
103490.371651659
103179.88778643
103497.104370076
103382.203022074
103489.448683445
103433.157892012
103368.161208765
103188.935559424
103354.733766652
103172.88248227
103407.542617448
103391.923965542
103449.668603582
103433.129946721
103459.003611192
103422.626442238
103475.825241201
103503.958884446
103475.260705812
103294.58657607
103432.543402619
103306.103630027
103284.45719758
103455.049262879
103418.754600152
103488.108304842
103377.675056124
103608.038429238
103375.205065396
103391.831296133
103452.517146236
103399.847219256
103448.900726371
103601.875057868
103291.862576999
103366.233067707
103317.521060794
103421.601298437
103336.112221624
103293.068367945
103451.580345287
103299.726888537
103126.270884702
103409.159923892
103420.129087912
103352.346971604
103214.943290814
103322.635920744
103404.261548381
103335.425886676
103430.230806496
103402.623048742
103302.152012508
103405.527632334
103193.434797649
103272.165515439
103403.519220418
103372.764346758
103319.84591301
103487.043781135
103297.730504724
103389.794383465
103382.351583661
103379.829991673
103328.927159079
103344.463406218
103517.524074613
103342.691997801
103352.009307447
103208.397685503
103432.644074624
103136.571296401
103469.061546123
103273.728746489
103360.551760779
103463.244821831
103322.879193025
103401.871271892
103363.895707716
103418.256423521
103187.242167984
103475.227344565
103343.100327339
103368.46902869
103371.982275561
103469.345670052
103418.555629567
103224.518419527
103309.550136126
103404.42637887
103243.400707874
103481.2960069
103332.956024593
103388.419476112
103400.087439863
103413.280592333
103406.182462803
103431.469859098
103448.219912786
103332.71736982
103481.535520502
103147.084886061
103438.823725819
103351.600050643
103308.727480903
103482.146082806
103432.641549899
103402.987305178
103265.555567932
103410.987084683
103350.849837713
103428.281005113
103238.719372705
103431.560333184
103452.684475796
103451.153330928
103195.696464937
103402.458508578
103390.747193349
103299.911797476
103414.151159601
103572.094274807
103372.21013056
103336.684003454
103232.711853551
103447.346314135
103430.367500222
103397.30070442
103271.271733192
103449.812502082
103462.806068433
103415.866521563
103470.471140291
103292.241101155
103254.925376191
103337.413932978
103405.655007915
103545.477950756
103520.105553095
103448.217355963
103331.63478333
103367.132428212
103448.47426593
103370.041272563
103427.831863533
103511.374157665
103375.861282857
103349.293904656
103448.519550445
103502.383922226
103393.726522827
103353.04706346
103369.475741731
103325.060019939
103354.827444434
103530.157075561
103387.591501234
103436.147482372
103434.057948103
103429.509574388
103445.801735307
103376.834945565
103344.47590195
103303.703464153
103228.133487784
103384.030934912
103425.958097031
103476.913313188
103340.672690177
103488.706207203
103353.55787046
103483.244529247
103468.596188968
103208.276998349
103383.69726015
103430.536010586
103367.7754388
103318.750811951
103331.592562429
103381.237263841
103410.865001147
103439.382144241
103562.312376576
103388.103334611
103545.428190906
103284.218799999
103368.571735742
103347.748674321
103369.822812979
103243.683333555
103466.83520859
103441.688507068
103365.166478681
103500.948759857
103442.251979634
103454.328669521
103353.321420801
103450.979877887
103402.957423546
103240.257055112
103500.270882485
103421.290692312
103533.027172973
103404.296093875
103317.218467444
103229.571361888
103353.972408488
103435.265710323
103414.678640409
103370.339460701
103429.473544043
103170.441518227
103419.838287527
103427.992814837
103328.538484394
103383.817865593
103348.400551086
103326.010145979
103314.954543211
103476.381775551
103558.190241908
103305.844325937
103420.009156456
103303.478745857
103459.116038408
103427.049046936
103320.768394344
103536.950879129
103366.575178737
103464.792551182
103323.516932146
103437.45063287
103277.383188134
103382.243319845
103275.031033595
103418.134634461
103285.581144798
103350.726131487
103217.473751713
103400.548922244
103442.95430315
103329.820262632
103340.026915147
103402.839118859
103456.952401048
103381.158753449
103286.944428781
103405.878568804
103370.974613444
103530.115539898
103301.452611824
103373.77412923
103421.16652265
103288.424926736
103376.976771563
103282.449292249
103226.774666522
103394.567797777
103325.856426783
103285.391799626
103487.32498119
103221.590769658
103415.440217565
103387.320210146
103444.467245752
103393.022129972
103270.298363646
103392.126107921
103450.682076573
103422.623721893
103434.889299622
103458.425459254
103337.756354339
103422.259042189
103506.098092919
103167.271336808
103509.346304829
103518.906051292
103465.948544389
103216.480263954
103415.720569236
103388.796176079
103220.910098569
103381.524259907
103440.059094653
103369.776662958
103402.7801483
103347.443075531
103567.782579528
103364.986600386
103306.727118009
103458.066991642
103504.575409639
103385.318783903
103387.439979149
103450.179634272
103405.020911706
103434.512478858
103272.104486159
103383.860367306
103457.986803068
103199.414310304
103360.372685156
103373.787211925
103322.684470527
103270.723185853
103476.03340093
103326.412354648
103393.995400299
103443.07725197
103313.15397934
103444.099821506
103448.863630056
103509.676311214
103332.202086229
103301.345494418
103445.681477725
103549.501859063
103525.356251551
103398.511432294
103404.75210103
103277.979402919
103450.835736576
103258.924445367
103355.001358436
103431.273525273
103303.687929484
103391.361214871
103110.656047925
103382.806630206
103450.694197292
103424.101985973
103399.384614729
103366.967845966
103429.90398562
103377.334930261
103139.641741586
103450.376333537
103388.061018552
103462.774294686
103295.124857372
103523.210054277
103357.046261344
103442.15378969
103441.989464638
103387.564295779
103361.211501181
103370.104503689
103420.407951692
103482.043575455
103396.102862812
103314.266394986
103383.180958412
103445.44274221
103413.791609389
103377.460016149
103319.251741462
103532.091074257
103441.543304535
103486.926580476
103374.335989445
103353.67972474
103293.323465587
103409.659723145
103408.386798554
103377.539438195
103401.288067846
103336.556487919
103393.555593027
103365.064760905
103639.946018
103400.245993363
103418.56923684
103332.596917502
103446.413895096
103496.37035024
103464.225667236
103301.307087191
103312.785355378
103312.600110276
103466.044534993
103455.56394718
103329.8366694
103351.296259733
103325.795132706
103426.534610262
103340.896447331
103257.078174988
103462.891522225
103390.456296212
103489.573092048
103258.528624328
103235.606706881
103432.607336761
103299.654785174
103477.123498529
103476.109882265
103240.825214013
103318.104862927
103311.184353361
103290.196932898
103377.708774473
103587.878469929
103296.326878046
103322.083800096
103339.223939146
103380.357967948
103382.004264469
103538.89330435
103340.258512904
103465.921988716
103351.427890328
103455.685600662
103293.281750586
103312.944110113
103273.661837101
103478.90290794
103391.085157877
103304.091463416
103473.532034616
103314.242971381
103422.448166184
103223.513211391
103364.322506417
103130.864849523
103519.740669325
103411.41938378
103354.40084804
103490.413244604
103458.283603404
103290.72189684
103248.295091161
103386.180766471
103448.870923564
103331.518500102
103439.522910361
103435.189104424
103295.183022222
103388.305103117
103513.976875606
103441.510036028
103385.412187306
103458.369345288
103358.119288818
103249.025128541
103455.797248239
103449.247926249
103520.454037279
103385.937860902
103552.330717093
103301.306575861
103300.63429574
103350.720787356
103240.05304981
103442.156635002
103437.12407022
103376.085131057
103507.213558299
103467.619031269
103344.12551369
103099.239105611
103511.083041252
103428.23945489
103428.891831388
103401.435978621
103579.725606925
103353.930343433
103323.452485069
103435.644928546
103286.48834117
103451.692967559
103321.561288949
103343.134394886
103401.044586484
103412.272660277
103391.530043259
103449.922894955
103380.505755173
103403.065332511
103540.385611996
103392.233550068
103254.980229493
103538.485393804
103447.295352936
103420.549945247
103398.228688207
103314.46508346
103266.139940761
103372.187851201
103246.128925728
103256.430379553
103380.218223801
103229.450289583
103402.90335966
103515.917831091
103336.249423905
103421.960083292
103165.599769043
103335.959633663
103580.332240026
103400.536072926
103343.639262369
103438.426343274
103454.739155371
103369.890103569
103376.030291237
103502.936923543
103353.627107229
103376.338621678
103485.600475109
103465.133330589
103413.163581945
103474.882433935
103338.795807691
103433.701087647
103353.290801714
103459.98842448
103397.154897267
103156.109855772
103448.043477771
103305.942718695
103232.37881823
103117.268818257
103452.723983737
103425.49380149
103375.014566357
103393.812172405
103339.748257725
103435.384040874
103465.330176468
103340.144825132
103305.224789643
103407.613630291
103366.348073125
103529.829312818
103312.166976224
103345.754653296
103248.307242784
103430.848181452
103405.036234217
103379.01115158
103281.820007678
103536.445832687
103429.406326638
103406.681495977
103418.865845671
103413.949668347
103359.140842574
103605.232905562
103441.610672484
103453.084606787
103332.495543638
103400.981351945
103315.153732729
103348.823305059
103390.706253182
103390.609428528
103384.270478528
103343.858336905
103319.635493725
103464.473507078
103372.173471445
103392.40796441
103304.591567948
103417.25980969
103507.647360017
103351.648981536
103438.034406627
103400.780361319
103386.384230597
103489.429824499
103357.943145717
103100.345701417
103519.410736646
103528.683696865
103355.672086806
103392.192563484
