103413.629172979
103454.379398018
103475.666436077
103416.431181307
103470.679571624
103414.583382168
103411.221937585
103405.144327343
103448.888340509
103441.534442373
103444.704807344
103399.010461453
103407.056687755
103426.916660273
103543.333037712
103456.464182077
103385.837050793
103426.815891396
103432.086928126
103437.968448007
103441.764128217
103462.190052683
103474.287303274
103423.643610431
103400.655435471
103475.071573514
103460.903490337
103609.98207244
103407.480028037
103612.865929358
103407.407986666
103458.930225264
103446.003295068
103432.061704924
103401.161473243
103406.417193746
103433.892029953
103425.507792052
103563.791599721
103426.079106224
103448.000706149
103354.036696458
103434.1928931
103397.451994054
103550.744988815
103440.633671513
103416.736142103
103425.10495525
103451.564053205
103647.420868538
103437.668439928
103583.935821916
103344.411912041
103427.820557617
103441.295384337
103428.775134392
103411.252836791
103429.811943213
103583.611990389
103468.523223189
103515.695596619
103455.915696372
103575.272121912
103433.651755386
103408.16126058
103439.605123065
103503.554542986
103433.434301439
103459.466876168
103405.655875976
103458.046034588
103430.193095569
103442.261550282
103467.593555162
103420.164408301
103438.460356162
103472.556588288
103415.087707785
103437.226468066
103428.653695019
103407.957517574
103399.652341185
103401.563201718
103385.539813934
103390.524679288
103399.262238237
103479.388189428
103577.237246487
103454.270372783
103458.514042175
103542.412990176
103368.88774701
103392.051616031
103480.000190387
103504.950943222
103385.954646096
103570.252904497
103449.600132536
103548.909447757
103482.588194249
103392.260165344
103433.917701842
103417.210826219
103429.670879911
103459.216914702
103487.761849345
103384.403666525
103430.498446254
103448.277939256
103545.654905687
103481.849732656
103452.04774337
103427.476066941
103381.564618644
103422.112095869
103424.27046802
103403.119479994
103442.300853282
103420.965753143
103441.722351671
103466.203841362
103572.391931307
103404.279565536
103415.829943433
103409.7096317
103438.255656372
103500.916665471
103418.497374663
103427.099273463
103441.807141462
103492.711347828
103425.96792057
103395.197768605
103413.783820519
103613.828231141
103444.50560608
103375.359849624
103434.198985383
103548.629616664
103443.404678098
103435.16476448
103468.209814715
103482.72848303
103434.898117257
103484.12512999
103426.198046095
103448.177970421
103491.736618406
103441.33356236
103445.958972653
103435.915264047
103438.129138007
103391.334611557
103436.061091644
103424.290405354
103354.588053587
103443.868770454
103473.852596303
103499.488550599
103480.335017034
103410.458960249
103465.100677386
103463.299002003
103430.251051796
103412.676333354
103555.511800033
103406.544053863
103377.616206105
103401.563283866
103440.877360853
103439.414327517
103470.315820354
103426.352736706
103447.981817059
103452.869875345
103449.467555345
103409.096536101
103433.262547074
103393.627346713
103385.861906211
103423.798359024
103448.156087312
103429.648744619
103447.333377947
103434.155875101
103410.690224334
103453.257413052
103466.833045035
103464.240930788
103426.147418719
103444.549472681
103520.101151826
103389.774991479
103459.868417525
103446.729986419
103596.060698598
103430.367918871
103415.363750976
103458.034679482
103459.773626007
103363.872378843
103437.76631107
103594.321261629
103439.592459721
103433.261291256
103418.784886019
103424.026237606
103426.207204283
103460.136974913
103440.602642779
103484.256889619
103573.312548892
103449.367452427
103481.489810543
103441.161458974
103519.757846924
103396.494510502
103566.309351405
103600.942733945
103448.380933776
103480.525986932
103413.877373327
103434.293100755
103440.410722519
103431.293470335
103419.084174584
103440.249469732
103465.501945744
103415.753723298
103402.440050804
103421.031342103
103374.339373845
103439.338237932
103468.021084753
103476.363720002
103448.722574378
103429.858556189
103465.801034295
103477.367042333
103397.36525708
103441.849008455
103380.938047402
103492.495369707
103449.654219908
103448.971433726
103475.359825099
103467.673682118
103579.618694684
103426.924834394
103455.39044879
103417.901915217
103487.529024673
103437.938323647
103434.610818067
103425.644439095
103595.624132421
103463.649972939
103442.832156676
103448.554232627
103452.560138897
103424.720358835
103393.424571576
103565.550819058
103403.565640227
103443.978104469
103597.648739467
103453.550018898
103474.296156088
103435.16506404
103382.632284643
103524.747527319
103540.142371539
103405.853100254
103416.486830692
103370.381882778
103398.401467813
103442.687217758
103434.548758182
103493.999700436
103395.12097866
103582.782754217
103392.418153685
103548.537072916
103435.730220366
103435.905349181
103417.942003334
103431.569547612
103411.371896493
103420.217575101
103423.481524836
103430.209792822
103422.516621134
103437.221137769
103439.920558466
103407.272058301
103592.976573333
103419.851912125
103446.498483111
103419.491756005
103382.497923944
103435.40237841
103436.595511232
103370.078042999
103441.075969753
103451.002846946
103415.232835353
103462.83140764
103394.291787115
103445.412035752
103446.143751464
103470.281379263
103434.990559496
103467.373134325
103459.324178677
103477.565196264
103604.26088305
103381.032311898
103370.343712082
103535.436457268
103422.590756529
103448.458055531
103426.614981608
103471.759302263
103427.712832205
103482.927512701
103470.461677839
103419.33440185
103425.92129924
103405.454958034
103434.61643347
103426.154563506
103532.754732577
103478.265002288
103470.105920257
103361.568683794
103453.749793116
103444.380531022
103427.830232835
103586.631559262
103427.646852192
103420.132608813
103410.997597893
103405.103044969
103593.479142783
103485.734166292
103382.206963359
103586.261234912
103467.960782797
103472.796609977
103420.554058781
103587.934216295
103457.9147258
103409.916449518
103446.050467018
103527.072902674
103499.171592133
103543.575767837
103451.214517833
103406.858515178
103415.781892117
103421.375526402
103428.111490169
103462.001264084
103430.52158305
103447.079282598
103402.054722998
103395.906644423
103505.203096538
103409.47470172
103439.898965797
103395.36016843
103411.262503728
103364.508834771
103418.797404581
103424.720488811
103386.154047463
103445.942846804
103390.46611865
103595.357627531
103381.41600397
103412.10214409
103438.158861646
103423.79437844
103477.801700717
103418.025966761
103584.746618761
103556.752114943
103405.729044751
103433.731541313
103524.410955764
103452.25558931
103431.113951374
103375.08127804
103524.457725224
103389.632867419
103478.316339123
103432.3466593
103469.156066054
103401.076293087
103523.787001447
103456.006669445
103593.029217264
103447.988504517
103417.043127995
103460.701781164
103434.814986067
103517.468081117
103556.355504823
103589.725111673
103423.854459311
103480.512760285
103420.537542584
103519.241555254
103427.689189318
103566.595931448
103432.434775645
103504.099892506
103404.60168179
103448.631654059
103441.000655936
103587.79619304
103507.375250714
103398.219223837
103461.580161648
103447.604720133
103473.029381577
103464.539204573
103442.415401652
103460.961217131
103488.002302888
103435.954118015
103547.886225664
103429.445058711
103474.71320517
103424.645967327
103409.036789564
103468.481207792
103401.60707877
103441.362357756
103464.841601655
103380.965682105
103430.062729305
103448.223672077
103411.460406312
103444.038612283
103466.554361866
103410.970819818
103449.734172271
103464.153599147
103410.66373257
103394.129159465
103442.147217444
103411.592817636
103434.981905504
103414.606116736
103481.390679076
103411.526391083
103451.126168911
103437.985077419
103608.716447293
103453.337455384
103422.75231282
103421.167178065
103396.962511053
103392.926328878
103580.852997547
103396.574579761
103425.997237642
103561.015529457
103383.178667919
103402.400554919
103435.026118438
103548.331790285
103413.886412578
103450.257200582
103449.54005574
103436.037259583
103455.659219534
103411.766972225
103421.486817593
103451.572932872
103413.683977796
103408.591388653
103435.811866925
103480.529779182
103466.262958689
103431.720449707
103428.58671403
103486.008321211
103441.433330534
103434.083906261
103555.510087428
103426.136206385
103473.192234878
103410.408637098
103423.752318965
103411.088242797
103416.822567146
103412.410619222
103436.456820778
103382.641668517
103388.176840299
103385.513073035
103480.931159921
103440.491707778
103396.660890907
103400.515643433
103430.818611872
103424.978933696
103450.841148988
103385.107339392
103444.597055689
103407.029967186
103454.373117568
103428.58845103
103502.456768611
103557.037153863
103437.296251198
103372.196973719
103425.234897171
103565.600237492
103578.288137679
103437.222103169
103426.073433856
103519.393117634
103445.181586033
103395.397039295
103444.470506227
103429.332420322
103452.639041171
103488.234673554
103402.362870199
103441.96168768
103397.713084112
103541.62262472
103421.198040432
103451.369278688
103467.220469202
103448.519315799
103422.757521822
103442.527140942
103410.6713238
103430.407770877
103385.827090015
103421.117503465
103419.05557509
103431.612344974
103395.323188578
103393.133815005
103435.51996195
103432.535848815
103398.82457322
103424.038023049
103435.354626458
103392.738269138
103473.797684183
103447.59393928
103468.415377293
103434.346043314
103443.486444279
103481.740696486
103399.532547621
103564.870288552
103554.349292218
103410.650301402
103441.787184986
103379.742613071
103421.615164805
103535.853893702
103474.745293788
103413.484931974
103405.224870383
103425.039507898
103449.952200361
103483.523804229
103386.27685629
103441.176487649
103447.213865163
103422.062410848
103459.003748563
103461.533823573
103388.54436419
103445.552475948
103445.265905916
103416.330250727
103475.552277952
103415.528511372
103474.771548874
103434.881861936
103408.358106307
103401.439986247
103423.392070359
103459.960035512
103388.401442074
103456.039185938
103517.024691673
103468.88550102
103431.164809533
103435.709280814
103425.176154849
103417.860565169
103430.9310409
103379.945336367
103402.754693851
103423.274326049
103445.917125418
103548.908619649
103545.067665264
103472.696053208
103448.538769043
103400.805687573
103432.265686245
103446.599288414
103410.097421791
103627.639411338
103436.947709731
103433.060383357
103409.191525338
103416.309725064
103438.597284523
103410.266234828
103433.385521896
103405.068576541
103405.171186104
103420.411532997
103405.229196208
103431.555658637
103436.680117829
103442.703005131
103415.307031187
103431.166122823
103430.969763006
103430.768756951
103429.449025768
103516.443285905
103430.330685259
103449.590503243
103437.788948895
103437.039454241
103412.926622605
103398.056435271
103561.948277996
103444.823863963
103468.273812683
103550.463109141
103461.068488939
103416.716992534
103415.053682714
103467.790110198
103407.096383863
103614.939989682
103428.939726804
103569.473829586
103444.004248382
103430.056816123
103402.444502785
103379.666000212
103400.099290307
103387.053540679
103422.881089532
103569.924078847
103458.42604111
103457.14670772
103552.475892447
103452.60653325
103425.663261143
103430.310133984
103449.495069611
103459.817231676
103401.626073907
103449.322334954
103436.133153072
103410.526791721
103423.822167463
103420.534831944
103405.675339128
103386.298151041
103460.612496411
103422.016574082
103398.060476593
103404.765279236
103444.107170235
103414.466296302
103357.874544353
103462.602580644
103525.650163681
103429.055062392
103439.537881489
103441.077150884
103430.582075015
103426.382922367
103424.673793459
103382.381770567
103397.473153538
103459.368912093
103407.05058296
103406.847990797
103390.771312115
103401.183489072
103396.649236672
103439.436895634
103442.427712086
103425.86164107
103411.217466027
103532.392026381
103465.016738894
103466.546349879
103444.222422283
103401.657814028
103490.424550436
103485.67523373
103501.499020494
103438.82921223
103437.494037052
103454.953028689
103471.819903955
103429.02655171
103444.618373956
103410.889874066
103463.384808761
103425.180073728
103471.818731096
103459.824196887
103468.010428169
103412.959901238
103463.00852094
103552.335026544
103540.562395879
103478.855026948
103419.178136539
103416.573373927
103381.772915176
103400.343226399
103402.062851223
103459.586962294
103441.132954403
103454.985887434
103405.527259385
103503.447908178
103460.489425564
103427.204857522
103570.452088651
103431.851074689
103432.253704476
103444.263483195
103455.846746921
103550.464970557
103435.142154405
103499.658899192
103380.82557747
103454.416397827
103436.25731337
103439.513678548
103472.226903662
103561.198580646
103437.224449461
103466.781347159
103538.656027751
103485.302012456
103421.520749797
103419.361017676
103409.84583378
103438.131856047
103545.833645713
103424.110550868
103428.184712861
103503.802349446
103420.824613384
103560.801735241
103389.788980705
103463.24801055
103410.663421722
103601.489672103
103407.112884805
103417.12315849
103404.108490432
103426.142287862
103549.436856555
103499.939309288
103420.173598628
103432.126624724
103419.97001475
103483.113428533
103599.176846881
103456.134938883
103433.049371729
103466.32968249
103542.753617213
103454.022571233
103443.245708623
103431.715741843
103431.888040258
103425.891454622
103432.744528747
103454.185097762
103464.213427893
103420.132007418
103423.751851384
103418.933741482
103425.786387011
103446.182979584
103464.283485614
103473.409144657
103447.93715444
103391.203431713
103596.91170336
103391.225439679
103384.76093343
103446.568109708
103466.842295372
103441.329624707
103439.703927329
103471.200281296
103402.28497641
103582.178576718
103473.713926498
103467.106930843
103448.719849279
103410.376969359
103432.698464839
103458.430786103
103417.224534824
103382.096641797
103453.433489098
103409.085950223
103414.924992217
103416.863169823
103390.492480073
103465.447626462
103544.300297443
103425.956626745
103403.046311886
103423.588316433
103376.510786516
103479.934227466
103440.946987754
103436.987224611
103453.990994834
103416.027053537
103442.990927991
103437.52316933
103400.49154934
103402.709974086
103449.077331392
103474.429043589
103443.850460835
103589.971205156
103438.20064474
103432.233571774
103479.594344358
103429.597968819
103451.815077832
103576.929430687
103461.045923962
103434.569787826
103432.458731051
103417.376746995
103412.260076125
103431.967095102
103436.913715888
103478.283095134
103473.537573826
103401.420101776
103443.954885891
103441.784078961
103445.529454689
103461.680246022
103447.948974803
103467.411993486
103429.218195882
103424.337773069
103488.138726328
103444.644519744
103452.652551152
103410.810609901
103526.253814344
103366.763279616
103520.163280084
103574.075926822
103435.592817769
103418.690576676
103522.130655049
103456.302655748
103409.585524879
103420.816330128
103588.348003253
103379.619829997
103523.925599281
103422.208933504
103416.825250707
103422.242407584
103452.353534736
103569.739544358
103573.251226904
103422.740138913
103425.550663863
103405.755605748
103499.626141122
103486.279249685
103419.67548103
103517.819170296
103447.770555169
103497.327645402
103411.866307579
103427.581829553
103444.912274627
103413.201742616
103446.191238509
103391.28749639
103454.011193759
103447.72004282
103560.310264358
103495.662389102
103429.204698125
103454.147686657
103428.525266751
103467.379890896
103440.188326612
103444.838794812
103512.550719024
103462.068385996
103443.500698533
103534.440330081
103421.760243743
103416.528915298
103426.571094684
103435.658656384
103431.546134886
103442.607414283
103420.202281463
103498.459303985
103459.750002209
103463.206624075
103431.647558826
103424.84226364
103524.575898841
103459.169215423
103406.957299336
103432.199403786
103424.048176439
103428.675359254
103426.498910853
103578.757546242
103487.759292295
103581.727572725
103420.139144277
103417.397761199
103441.916817761
103449.475255443
103598.813517274
103413.103225163
103567.042675386
103471.508971946
103426.653991723
103435.576115649
103428.826301717
103411.339863687
103424.755602621
103444.044070261
103471.67854993
103619.220507721
103443.897701522
103467.904203726
103441.195597025
103408.787213806
103483.244367087
103551.190685297
103447.336156794
103401.845870658
103455.402383088
103429.769974669
103446.52294737
103419.831656419
103422.602510679
103465.806825163
103591.210742003
103447.553811231
103377.129774365
103410.979598901
103412.670804724
103459.000954242
103449.33261619
103439.967173469
103424.002381963
103446.579170715
103448.164028761
103430.9742362
103387.776002566
103581.790981929
103376.215525631
103424.635370706
103419.445958338
103482.735330096
103559.851911985
103523.692309442
103566.423109413
103456.448213141
103402.729360273
103448.326582834
103460.376740163
