103682.943437586
103740.385504541
103530.948560935
103700.587094806
103520.786415671
103661.798698265
103653.89567322
103853.876983821
103596.044661623
103726.303889337
103593.580894819
103885.397472222
103856.231152967
103623.387166415
103666.751529691
103798.193844931
104010.914244294
103608.739310346
103653.768549826
103942.841917114
103705.637678908
103420.2499801
103458.365444703
103536.365574007
103852.502524257
103847.558820072
103485.467427345
103538.292281887
103760.39381606
103911.440364106
103636.643287286
103467.60890578
103590.141138787
103457.675936205
103635.411408586
103568.37827874
103675.775898041
103794.621806459
103649.515586732
103838.315219411
103842.618752511
103727.560820068
103339.541218838
103718.960325526
103749.613149799
103748.011812983
103613.319806746
103495.758927993
103753.870217727
103555.694149895
103791.627278321
103751.203129418
103613.344408262
103640.447658401
104008.789095746
103654.590385489
103735.917876881
103749.534778791
103681.307778712
103706.666223868
103758.751836588
103689.476935139
103351.568150209
104010.086260304
103603.834728579
103617.355157841
103736.882025017
103456.56438003
103614.848684014
103589.993115629
103750.829828296
103658.878265903
103532.573310738
103774.59198528
103656.109825302
103510.313756529
103355.259533047
103737.85038788
103616.092183945
103617.913098348
103562.687972745
103449.462467573
103663.667067917
103650.229856052
103765.339591199
103564.735254858
103509.415789651
103593.820917831
103790.441422362
103620.705969459
103603.872387245
103873.250795298
103654.018490472
103526.805040293
103630.294951699
103643.543568513
103541.0905758
103499.69856028
103849.5956694
103816.821787615
103213.634888551
103915.464860982
103715.598989138
103682.000472129
103729.676661242
103708.043162412
103507.987759236
103752.723242881
103801.511462712
103711.264790823
103390.334978532
103541.727292741
103653.95127446
103585.309355854
103761.838036854
103628.232043503
103818.823785002
103565.488935793
103609.529991405
103665.948154075
103807.399377521
103653.137872049
103747.721988351
103676.116201127
103811.719257324
103811.44706543
103698.108527516
103511.182684822
103771.770878968
103463.680665145
103668.426303562
103660.570335975
103653.250333449
103536.990993046
103886.380371394
103453.031432539
103623.643285807
103804.802509014
103509.41447846
103822.036638491
103591.986614212
103765.023396026
103705.291199367
103754.399187344
103760.294051574
103734.916311535
103597.692075297
103656.545142406
103677.947046886
103488.258931475
103672.298995268
103640.307101359
103628.473982806
103834.319455058
103741.876564035
103653.302605479
103546.026848795
103942.189016071
103659.026263143
103763.841854235
103745.961980039
103528.333123056
103642.823574663
103695.577332247
103646.384833467
103563.975719425
103631.691494242
103488.201593978
103972.45733395
103780.956391708
103878.773910355
103797.393156205
103796.55248
103805.15826678
103628.953324608
103784.923936913
103637.570445786
103655.321355159
103619.006455381
103776.223308379
103713.316102363
103557.299135695
103462.714508576
103538.171879776
103723.109037168
103728.009734504
103731.688833349
103715.82922997
103705.918947547
103701.853762323
103605.336358168
103738.982411411
103663.245021131
103917.93469594
103752.511046324
103457.575764575
103742.177266079
103576.773345431
103699.510233143
103644.828713048
103509.255958727
103470.860300426
103686.610014946
103505.422823684
103731.517451792
103535.156053543
103716.950262295
103593.903559913
103592.906414304
103613.417240239
103832.223302396
103643.962256471
103752.707451113
103628.56211707
103572.625646627
103593.420161407
103835.562440316
103954.062411862
103871.566224313
103441.965302449
103938.426731075
103715.058485998
103588.965454812
103576.260098111
103902.217999498
103367.896901505
103769.76897574
103552.644061093
103643.140160916
103560.727076735
103823.284216954
103557.460642205
103524.598542132
103662.100266608
103682.25082041
103888.104306709
103481.03572839
103515.833053702
103777.470530451
103936.257185903
103540.089887692
103734.485242593
103915.424361495
103783.48747288
103658.885354326
103571.504015968
103807.565246229
103579.784711034
103744.706631271
103821.606463966
103673.221908808
103583.885228061
103895.097094147
103559.044027019
103543.81408116
103483.185891442
103687.650822773
103541.437115782
103804.022443081
103725.655462886
103721.044267443
103420.755987822
103664.559268225
103702.147150972
103687.943874864
103733.703651197
103694.773777012
103886.034990802
103882.433260141
103900.037080604
103621.684294154
103803.54991252
103670.390418751
103643.558188461
103583.434138604
103437.208339817
103737.731684384
103701.87754035
103515.565576514
103849.687680472
103775.320250484
103660.178131944
103616.210666096
103596.516174469
103459.894049168
103827.455887435
103644.860765164
103527.601046136
103823.004571211
103622.484403598
103610.674692371
103630.40580431
103813.534699462
103371.008331357
103803.375065221
103723.529661562
103910.769107184
103675.683790154
103563.613235392
103585.62039226
103548.931160829
103697.881443804
103561.646288111
103497.378295278
103569.472164469
103428.886272222
103557.211023396
103429.568250273
103666.891050227
103682.657224435
103903.920926752
103795.681418791
103378.194047915
103413.977345679
103811.248599455
103850.565607184
103705.97340684
103647.49345462
103557.597052133
103802.490704428
103779.588271619
103937.156566075
103480.865145028
103409.874628477
103784.300893954
103729.233087155
103473.588058067
103472.059534058
103245.732196918
103744.666441463
103354.588148372
103702.861607064
103766.810767459
103907.646726878
103475.243113517
103363.441460224
103669.347624521
103709.400192104
103880.944079785
103787.1937035
103556.252635896
103454.890314104
103705.077011946
103792.556623924
103593.916725399
103652.445758221
103652.358064084
103462.32663885
103792.624636206
103825.560045323
103722.514233449
103733.727831018
103546.114582078
103473.977435963
103407.319373791
103777.314094115
103574.246436371
103512.770371248
103663.77788295
103758.117658139
103733.891649145
103446.193982412
103373.245684076
103821.609206482
103978.023274634
103797.991535998
103540.754213172
103662.741409298
103638.906453973
103875.366652565
103870.346981574
104056.144589282
103593.48100839
103649.667293767
103766.760561926
103731.353181454
103851.108087418
103779.433552318
103778.283333792
103747.30572981
103593.712953911
103604.395874506
103589.946681685
103798.901466964
103865.372121626
103824.248068974
103589.088041121
103605.105205024
103520.438903107
103419.623263464
103741.189651086
103779.052718273
103735.94221835
103941.422645238
103477.202993131
103745.423701023
103578.562856542
103877.62080797
103877.505321359
103496.621402854
103563.352748639
103737.1064961
103972.053736514
103744.347952429
103674.243663319
103841.164461146
103604.725615747
103664.422310171
103532.232996741
103529.729334222
103581.607905099
103713.983792728
103852.312287476
103717.465921251
103595.648205631
103832.653184736
103531.204719039
103724.923601911
103782.161768653
103720.112681261
103648.326567904
103949.091667814
103562.707711474
103727.330873416
103497.919844783
103701.148994754
103750.231707361
103642.582250593
103752.863056407
103394.468810075
103686.365799267
103705.871625135
103736.337938801
103596.626509763
103713.733586206
103693.704530313
103901.922915893
103535.905898377
103841.038177577
103687.501101482
103506.962276344
103471.099882178
103514.83783143
103535.719820056
103520.489740742
103550.08378411
103732.658844158
103619.974794598
103573.173411198
103890.1441472
103662.616273668
103580.592552333
103569.354899061
103703.14373216
103681.949025556
103591.091046547
103811.502115582
103584.62388674
103854.4742339
103557.763613707
103871.547470427
103561.874532858
103743.35080604
103638.507827401
103849.647282148
103954.972577592
103653.092057573
103880.743892504
103689.016180291
103629.702606266
103719.815417007
103492.189011798
103614.018569259
103518.10589089
103675.581420489
103645.823276346
103747.084804401
103778.095665418
103646.885366402
103549.499494978
103845.31619444
103714.902850011
103531.959988979
103793.882577309
103818.301701307
103846.833581489
103731.201461364
103582.555040682
103664.515270997
103699.137281846
103696.921913626
103613.087591454
103707.054965755
103534.496227768
103850.584769826
103658.590497926
103698.687236008
103639.83917429
103856.987615211
103721.582282412
103526.816602763
103768.489155103
103463.292715421
103531.196312782
103624.505477331
103732.861472817
103658.495020416
103779.363358157
103830.194862373
103706.889409536
103586.966242107
103809.531601923
103718.685647592
103625.937079448
103623.996288731
103559.47036822
103645.45892497
103493.745855338
103755.322535703
103613.866065215
103608.207685131
103493.699135706
103560.150070825
103529.178457341
103682.330702556
103653.552014506
103678.884992828
103646.643001242
103703.469399211
103400.530584553
103478.166108451
103443.156536424
103671.118747771
103900.446017487
103624.021691751
103717.165286026
103735.6263546
103775.228532239
103787.026646224
103603.626797915
103619.265233651
103564.042308622
103541.006170941
103840.584545794
103638.151851427
103574.677969995
103879.26873301
103559.644600035
103492.549433253
103607.276633582
103826.437094742
103620.224808104
103783.97019351
103440.717127121
103612.074713687
103645.959872489
103765.008773304
103678.511412568
103724.476533173
103242.369750797
103775.561660294
103624.064557758
103645.235737321
103910.131419523
103405.004413339
103618.093444941
103842.984335598
103441.578212584
103593.901584397
103878.089845363
103730.508400418
103745.157489452
103551.708167815
103627.302612151
103492.931987836
103750.630699804
103883.280154898
103601.150919195
103694.491349574
103583.900700744
103703.467932382
103852.565055157
103347.615504849
103595.123777741
103735.923350074
103779.321795144
103660.530002138
103468.708197741
103691.543632554
103710.478692586
103322.584338311
103608.823151801
103711.963477866
103546.846810746
103636.729205853
103738.311148661
103619.933167985
103894.16090901
103837.535690639
103748.985960738
103609.91037358
103709.882709757
103989.439467752
103622.954175871
103752.578447468
103608.362578497
103717.570842058
104077.520615881
103873.752903305
103594.029514144
103923.701919599
103490.728202261
103504.498650869
103600.598754793
103636.800714281
103579.610527131
103875.603416291
103720.388200268
103856.542940402
103662.217912462
103452.61584467
103643.113389123
103957.499685126
103633.51680912
103612.781798921
103804.810380198
103493.243837925
103527.393316314
103796.484003744
103785.074357662
103939.259932366
103765.52909464
103745.379280624
103541.972711906
103526.393598133
103874.191335057
103725.877090432
103626.272231551
103724.732662833
103635.733437622
103578.349534944
103897.290723537
103760.057585312
103380.136987585
103738.11277679
103555.545624733
103537.566831473
103789.854839787
103801.607078127
103641.658219846
103591.22888717
103534.616425723
103597.67428956
103496.115149237
103673.940176631
103705.133579098
103890.080037651
103759.995728378
103746.111336038
103614.799163291
103533.835209004
103884.967012703
103386.457128884
103593.743355239
103583.437427523
103478.224042094
103850.965476855
103958.640970342
103633.74556234
103398.197851625
103987.928625529
103497.178099434
103874.987863443
103574.678220316
103947.885895399
103758.404408753
103637.296051855
103788.520804591
103675.277790412
103760.75912812
103470.86896238
103906.216253512
103555.78042549
103475.109087408
103503.953966306
103602.981535214
103834.296415616
103548.837201346
103878.275194298
103453.70411684
103549.405641626
103519.036137729
103924.19369189
103451.076347994
103833.643350414
103608.671132092
103752.386672074
103992.81332731
103664.548338111
103773.781362578
103862.946848106
103694.285817353
103657.542399042
103701.356301276
103652.050346309
103805.748898578
103816.375100349
103707.597553385
103626.090074696
103454.241890115
103712.204501929
103657.922727092
103663.88807018
103592.886608083
103845.81302631
103746.487824016
103626.02048439
103543.579699889
103742.400075673
103405.31320377
103617.118455746
103658.695360375
103685.164091145
103519.356691446
103724.843302272
103487.417232104
103438.29576358
103590.038184885
103691.267751822
103706.545318662
103690.130824716
103741.275429402
103654.093821502
104108.025761553
103555.494883025
103565.903259766
103592.910925463
103552.648455444
103535.617059245
103754.386211413
103856.708198886
103455.426602754
103574.919018673
103444.470639895
103775.822573779
103735.641777523
103711.917949189
103963.193504657
103701.715802404
103605.198733678
103431.91390854
103528.512834367
103742.683310269
103695.447286244
103985.794748608
103692.87949971
103810.972703765
103512.479446198
103648.915213755
103671.233579657
103676.018921628
103716.419782134
103516.672942979
103557.382831024
103554.099364682
103565.320119905
103873.250211382
103535.736936922
103601.147303209
103807.707809814
103922.139199628
103470.305607015
103617.528802229
104104.228391512
103739.978944031
103671.85734408
103792.915305827
103722.173260632
103841.135783448
103922.584529756
103699.378095736
103845.309284474
103646.752822219
103559.901090256
103730.206460041
103643.428598557
103795.612800135
103490.079364359
103688.590483225
103556.592641054
103814.520529229
103759.146765014
103719.149631161
103448.465047882
103518.407874478
103680.159891081
103798.242317436
103386.780250072
103610.82422559
103609.915832659
103603.575527711
103699.788774183
103757.849579905
103704.037637968
103847.880818624
103716.867746948
103845.099889294
103824.266258843
103652.717027706
103688.536955301
103785.961264691
103839.124735052
103893.525215255
103702.97200319
103621.609048921
103735.635954164
103608.779298586
103485.033710012
103970.646472707
103665.936181397
103691.93269873
103539.319886237
103722.52566392
103595.940750294
103534.921338615
104007.031341256
103297.647798104
103515.531822085
103634.2634312
103688.6600772
103561.342119642
103762.556652767
103612.597135925
103559.343986653
103520.406658853
103583.03453147
103378.511953436
103661.74069055
103596.595978182
103680.48122564
103735.575176951
103736.614070143
103663.337885783
103437.114798488
103435.511371655
103531.584699441
103686.22141982
103474.21543255
103599.226320944
103692.520913354
103540.962991689
103825.036465207
103573.514544711
103770.803256754
103616.765032027
103580.558756004
103743.767275578
103531.893160036
103518.579930779
103523.228680099
103569.835702566
103628.695738709
103503.691993996
103691.278078774
103721.102723192
103573.646498109
103592.523589734
103701.241469817
103569.810371891
103639.888828392
103758.835862386
103496.537056807
103704.179789163
103720.535280465
103587.010108649
103766.044986533
103706.590769281
103426.63593661
103716.022605785
103766.042595794
103891.206745425
103743.996608942
103651.504281441
103600.327134085
103555.393732187
103605.747203267
103747.262958981
103818.761178088
103515.80977709
103749.60190259
103717.337642172
103572.592962297
103696.239155735
103600.603271218
103381.011306377
103820.602812093
103793.990003972
103783.166453658
103630.315520272
103422.392658533
103646.122066212
103592.920600852
103623.360048155
103912.179923712
103558.877333964
103844.345181708
103638.290709816
103509.797831549
103834.256860074
103483.496977513
103678.071557007
103648.965092259
103476.516024774
103682.867426136
103703.705112943
103737.4663288
103713.091147855
103794.533389795
103528.298617398
103689.978705944
103622.325708888
103605.543440808
103414.929535441
103836.534248315
103864.481760871
103757.899102691
103599.612271522
103535.896329998
103699.793372625
103698.844391466
103659.355920669
103760.377433015
103652.295986713
103559.573221031
103715.760252193
103550.660737466
103583.991943865
103847.029208189
103713.655507198
103650.253012074
103602.606854739
103631.82688532
103678.484350608
103726.268921165
103782.466677199
103561.425223177
103523.97154836
103723.079082195
103605.466660585
103477.205496496
103538.760537571
103695.587842439
103807.454070586
103572.113571777
103820.773012709
103741.336055473
103914.29719113
103640.91744186
103578.234953265
103479.733016822
103687.775001546
103819.985787083
103981.132784798
103535.141881465
103903.378953047
103679.878702317
103439.592168849
103893.894439368
103578.009299716
103850.151343793
103716.277231721
103824.715560905
103403.732034163
103629.495572633
103623.563974586
103645.314039945
103652.270389029
103598.428124593
103878.053055591
103966.600575344
103619.033076078
103486.087121036
103722.867061654
103431.40606045
103728.479312836
103727.510042359
103840.163870951
103725.25347984
103728.064109603
103851.516854188
103540.67290351
103715.60711307
103395.010476084
103670.586628999
103712.707635928
103515.314803448
103719.378274612
103727.941908433
103572.76102231
103567.154603104
