36530.5785079951
36518.8597982185
36516.6437806073
36535.2516492601
36518.1102368459
36525.2622411096
36525.4692076208
36535.2727959005
36525.2209740865
36492.499318138
36513.3898968668
36526.8690659351
36539.9843180194
36535.8033883906
36532.4173332365
36533.29023832
36528.4726392968
36531.8209703194
36518.8515149862
36553.062207165
36526.0295526315
36551.1506261446
36516.1414913172
36510.9618110378
36543.0975588595
36547.3378851005
36540.3753882219
36523.3184837333
36521.9107186981
36521.5677551296
36547.4148588002
36526.7712973071
36533.5877580014
36519.0634201227
36525.5988722528
36539.2501293063
36527.6792608383
36542.5940293996
36514.8803377653
36519.2439060157
36535.1693280678
36523.5795161333
36503.2595977611
36526.3959090338
36531.6421162153
36510.8166208797
36511.085828186
36529.233067515
36540.1204717288
36527.4772011881
36530.8308200311
36539.7651710245
36533.5934418597
36531.0384401671
36509.6724683937
36541.3874898366
36535.0185641421
36522.8042787246
36531.1227430012
36547.1967452328
36523.9708642131
36534.5427866481
36531.501543785
36522.0069061538
36527.8097589157
36524.5699970227
36558.5236753751
36529.0513731089
36543.1674967819
36504.1001758022
36526.8789989969
36521.9423707798
36521.696190611
36511.5120677304
36526.1969336052
36549.335960944
36513.7074936695
36520.7612023833
36550.6772507805
36517.226320414
36527.9914418074
36523.4516963421
36535.6973238647
36514.6039441123
36539.7709071393
36520.9825570903
36524.8087864542
36530.3027713103
36520.7894855115
36515.1008311514
36521.443370843
36541.5964729231
36514.6325624392
36524.6409899919
36509.3203872093
36525.7692025507
36553.3848616112
36525.5708887365
36512.9960233976
36515.8033155975
36521.9092397823
36524.1846357036
36527.3650418968
36528.2191770128
36526.977653509
36534.1822606611
36539.3810524174
36518.5693197983
36526.748894939
36534.424684235
36545.1110180075
36529.2214069101
36529.9431523144
36530.4052782081
36516.5620128103
36526.2460742882
36509.6783001003
36518.0345341589
36524.8024645332
36517.4954347091
36532.1903223573
36539.9646237226
36513.7198567617
36545.6167008428
36524.9349608398
36547.4505288767
36527.0373680607
36545.1433012522
36543.9492834958
36521.114379502
36518.3803927903
36547.0965388704
36534.473700903
36528.5636086554
36535.9583771961
36522.8006823993
36531.9827746211
36549.8853255675
36537.3653036146
36504.2896670347
36519.7660246539
36528.5615888731
36525.9115243747
36508.3733608372
36545.4208633453
36535.1651676626
36512.5974396199
36548.2528633965
36530.2880881359
36515.4572921193
36527.140898768
36524.3673915974
36525.6357495638
36548.9863029857
36512.0175165357
36523.8703960978
36517.9725273887
36529.3740973238
36524.7301038429
36520.6164431534
36545.2985742336
36538.156869836
36540.2343776781
36526.8115074391
36545.783801985
36512.177978858
36535.3949534589
36537.3513484077
36526.8589403227
36513.3626805517
36532.9206858931
36520.8294474201
36528.8920956486
36540.7319903416
36505.844379269
36545.3931534162
36537.9377845651
36547.2824322002
36537.7316543533
36548.6785701501
36526.499199417
36526.6560521914
36521.8185365319
36530.8523528771
36532.7827381347
36533.185169834
36519.6748903653
36524.8175011842
36513.6859363728
36542.3133627815
36513.534551467
36535.0777720718
36530.9947045245
36513.8727538086
36541.3241409125
36532.5527973237
36534.6570411818
36556.6402759951
36526.0920508411
36526.7159121439
36534.3815204375
36526.4964296437
36520.9799447844
36545.6994348253
36524.8224867365
36537.5766521928
36534.2789481063
36511.1845390847
36552.9580635879
36513.0056430411
36534.5552308151
36526.522910844
36526.1980923487
36535.9547669985
36538.0562950622
36519.7515519147
36524.6253840021
36533.6846504226
36521.980256455
36522.3266195562
36542.6027194237
36541.1835781926
36529.5963856336
36527.0505481604
36521.2767957376
36525.6555968848
36529.8164178938
36511.6956975111
36518.3748578637
36518.4463908255
36533.5054814251
36534.2764164234
36524.5309316339
36529.1271272831
36523.4948559149
36525.5194013711
36520.4477789044
36516.222685656
36538.0234520298
36528.4949744551
36535.356279117
36541.2357041092
36515.7346544062
36552.2633302825
36512.0993793678
36557.7633557055
36529.6462295106
36541.0366815879
36530.7326732839
36519.1376618665
36524.2174159842
36527.6866987829
36517.195699935
36508.9482961276
36523.259267167
36516.8415701252
36532.4127001016
36531.6633710615
36530.6656745252
36525.1113549649
36533.5609036187
36520.0478886127
36548.8452027443
36534.4099561977
36537.0063682578
36531.7135193621
36539.5186712058
36520.6106473884
36529.709015598
36530.4625875639
36543.3168894659
36530.397868578
36554.9250052924
36541.3156684966
36534.8558361759
36523.8365135319
36537.8826323281
36537.4072781425
36538.8329162154
36521.8435533087
36545.9867509319
36515.9390935257
36558.077791028
36523.8722869797
36530.0559522024
36520.473416288
36544.1276969943
36531.8611986075
36517.6193196132
36526.7086674149
36542.8495415936
36538.4922939444
36528.3420107295
36531.990928555
36533.4123866041
36525.6957909194
36532.1554719857
36532.0191573941
36533.8317255634
36551.65670699
36523.5374177905
36539.6123400791
36513.5355960585
36541.5145655317
36526.7654375552
36548.7247814499
36518.0531922116
36531.8846436427
36537.1015183754
36538.464905384
36551.8265650974
36533.6338594252
36521.6818417204
36538.6239354063
36544.352042654
36527.7768874474
36528.0885379752
36532.9534479027
36517.8298791666
36532.8259469018
36521.7340908113
36520.2929088891
36537.8281489322
36520.3256045695
36523.3905710437
36527.6131425536
36527.8492881494
36532.7701054031
36544.7530306508
36522.7825965039
36517.950698833
36501.12331591
36525.7745143501
36524.4788517261
36524.805706488
36523.6185826973
36525.7264092731
36528.364398152
36526.6623788063
36531.9147275922
36533.4712319877
36536.612184452
36531.9420792858
36535.6537087449
36508.397163278
36520.985792281
36521.7317870144
36537.3152177597
36525.8621173224
36541.3771159157
36537.8182688236
36519.209106674
36528.0383580908
36528.1101653842
36532.5246274501
36527.6499544326
36512.6079322571
36519.0299378441
36524.4822114466
36530.2482065776
36524.3375729332
36523.3511520873
36531.3119733049
36550.2091273639
36550.8975785687
36533.1347452234
36530.6934385854
36524.5370598149
36523.0522437498
36524.1781019812
36538.1974379986
36543.4263718805
36518.5819351023
36504.0697759104
36526.01670104
36532.8521109211
36522.3206622
36517.5261523417
36530.5049278923
36530.6931486298
36526.5259607233
36528.6928203659
36543.5594311311
36530.0857066384
36516.7136451858
36548.2549137667
36538.8837367324
36517.473350074
36525.3499926631
36533.8123868796
36530.1121496838
36514.3026483327
36537.7972011585
36519.7662830793
36526.1477492742
36544.9408076094
36523.9558425133
36546.4177600315
36522.3905438964
36527.5526513465
36539.8195825185
36543.8622638929
36540.0987120973
36523.3557216585
36525.9988068777
36542.2968725728
36510.5323665671
36544.4810677075
36530.3379212314
36515.8074347071
36529.9576640664
36532.099293984
36537.6468502774
36522.7446086764
36522.9051190649
36524.4380415796
36523.6284228285
36529.5473667164
36532.2637148122
36534.6116039109
36557.2796809398
36524.9162337256
36523.5708326385
36535.0776106583
36533.2020475763
36521.6441712067
36521.2137335396
36519.2550715207
36516.207496534
36528.7036812583
36523.5124367631
36523.2104350444
36528.9871330159
36521.7539099304
36503.7496166412
36527.5922475217
36531.326931314
36527.4257420707
36517.4759127557
36527.8645260419
36534.3824597219
36523.3265325149
36532.7705095152
36534.8839898122
36529.5239775313
36540.7036549292
36537.2594303942
36522.5782559072
36530.4104105046
36535.4139179179
36510.2012546753
36518.1887981943
36525.4275713144
36530.446883083
36530.1118454419
36551.676264616
36541.4662744496
36521.7395167622
36532.1968947207
36539.4880936183
36545.7249414772
36527.7841627752
36552.6819915399
36528.4724061541
36506.8665649778
36540.6043708282
36509.6279867387
36530.2321969144
36533.5198106996
36531.2167832544
36525.5296912619
36512.6969404262
36513.0967139718
36534.3081794464
36526.5751154528
36532.3532400015
36523.6048058266
36502.4492638254
36524.994784439
36517.9687816865
36519.8749853303
36532.7439140297
36521.9023046337
36540.1124851866
36511.526520266
36530.1103959283
36522.751805592
36522.7223009974
36527.7057210089
36545.6076574083
36517.6922006157
36520.1811673535
36540.7050664351
36532.9475928183
36534.1490885683
36547.6561426514
36519.8140469311
36531.8168692199
36524.4406734336
36531.1911316225
36524.7395713617
36539.0903881735
36522.0306420698
36525.0427183069
36506.659753832
36539.6676486757
36541.3354550596
36539.6426543084
36528.2572235039
36511.828550826
36529.9322168973
36561.4611458935
36520.9521854031
36520.5193222716
36519.7678343897
36527.1277828646
36537.0042573369
36518.1240476507
36522.5300449628
36515.4577097231
36546.2287322965
36533.6332503872
36538.6490878572
36525.9654377652
36511.436388011
36531.5805452028
36548.9093560606
36526.3293373288
36535.3097523067
36520.8631324196
36509.8144845006
36529.7673306648
36560.6403004352
36537.393654371
36519.5886456783
36518.8502107908
36533.1525862037
36531.1577826375
36528.8453113083
36531.0018157636
36548.0486460199
36535.8080285139
36529.0272947404
36534.5048270002
36527.9226802878
36527.9753686345
36527.5206058381
36537.0421825583
36530.9475470245
36512.452012033
36531.0055215863
36511.8728738559
36534.6326052997
36530.004035504
36535.8589427545
36536.681917208
36515.504284952
36561.7567508332
36517.2257776327
36530.55946468
36501.2493413947
36534.2745476455
36523.5531452379
36537.0438183289
36530.2966653952
36534.4234974608
36538.8042227677
36524.9960641189
36541.5013437605
36526.3684295389
36519.9494389369
36541.5685409085
36547.9185132553
36531.5894739678
36535.3392620577
36525.4778946447
36541.2729703377
36547.8339216009
36543.4316519874
36536.8051303841
36533.5043573203
36532.7579152304
36538.2339852973
36536.6508568301
36518.9714410905
36532.3862438528
36544.0394980293
36544.9819322261
36537.7937932738
36522.3112419033
36530.8310237349
36549.1039716616
36532.1658031499
36515.5809472148
36542.16306475
36529.8500196663
36523.4529829743
36536.4425487213
36531.7208011716
36531.9337823719
36536.8822798079
36523.7461910607
36539.3327467533
36516.0290014586
36510.4739322315
36534.7484524416
36512.6902981505
36521.7370764031
36516.869666306
36523.3011737768
36548.1111861756
36522.0260635082
36539.6770533846
36528.6956687947
36504.1694745392
36531.304651043
36540.2766804683
36505.5860021594
36542.3234749108
36519.4524712393
36530.1855834101
36542.0331688356
36547.2815454462
36530.1790725082
36534.5791938245
36527.8648861607
36525.5572322194
36522.6667974564
36543.9275147971
36512.5881293038
36527.8290936782
36540.2988231993
36542.3934741519
36513.9507507913
36506.0097555055
36532.0971251747
36525.4633115301
36546.8483569651
36539.2905428185
36535.6517577257
36517.2362104783
36540.1371447878
36551.3705808713
36525.7879589374
36523.4699624545
36544.2282042214
36541.9343320063
36513.7230923488
36515.2680366939
36542.8966720787
36545.331891547
36554.0443249374
36533.758290435
36537.0297939371
36531.5697399743
36523.246235676
36509.7768654161
36536.5820975295
36520.7395674795
36533.7183404899
36530.6789033018
36507.8250603086
36521.2176375812
36535.4211833062
36534.134687799
36542.7934734768
36532.5955556867
36506.0774101342
36524.4411811475
36536.825204785
36538.0285749364
36532.1438924264
36534.6530540894
36529.752638789
36511.7690865838
36531.754926421
36538.1547245774
36529.0515686848
36532.0604598473
36520.1804632797
36521.0753144716
36541.2594762203
36525.7853839302
36555.7657652786
36519.1820251037
36521.4832972971
36547.2491759967
36529.2826902875
36526.0717888254
36536.9194508589
36508.3972632873
36535.860743745
36528.216259902
36528.0149736332
36516.9619169922
36534.0001314404
36552.3049523422
36523.8485486483
36550.0081443643
36537.1241516692
36542.9576439806
36539.8981177756
36517.7082015435
36529.0945601146
36529.2496440874
36536.1883742902
36522.9115373474
36529.5811723809
36519.6687205168
36543.4685444789
36513.6497012278
36535.8662443784
36533.4574927462
36532.995199935
36538.7707954557
36523.8629948749
36538.6952049963
36521.7306546044
36537.2689549921
36519.0716247506
36515.4548313346
36537.4722515224
36544.9817232079
36517.3735033998
36533.5663252939
36516.763065482
36522.3052282517
36536.8818623916
36537.2127885086
36533.938711383
36515.6612677574
36529.6952258397
36528.1000581813
36531.9677190369
36518.9789275629
36528.8280404848
36524.287779321
36545.1138419562
36547.8050704915
36516.8071751479
36548.5651748755
36529.6228257246
36528.8989760368
36527.0374056344
36524.8441120641
36526.7262617442
36542.6272393505
36518.2224246387
36516.3872815863
36540.1149600721
36525.5536316991
36527.5023411745
36534.6128580632
36524.6477043965
36534.9066788412
36538.5031062282
36536.0020107639
36503.8940504107
36528.4680228016
36525.5605957509
36535.3922690519
36522.4810803519
36522.9833857833
36536.2116586704
36511.5662323336
36539.3593462792
36534.2892246006
36552.5095595295
36533.9220869998
36539.417442018
36533.5025232124
36528.4016172992
36536.8217979646
36535.559052256
36524.2159606464
36523.9160661598
36521.2344228522
36532.724587454
36523.9939050508
36520.6931929985
36542.4278775076
36560.7322378855
36510.7398115747
36534.4846990226
36519.6472279411
36538.1818183768
36530.0289331486
36517.5887732311
36528.3884160668
36503.2225351338
36534.1381422386
36534.2682407245
36544.4126179109
36543.2049638024
36534.65434163
36518.4950549272
36517.8416254398
36517.9476282313
36510.8671538065
36529.1400316598
36529.406083804
36529.4768283241
36526.2497765822
36526.3894701381
36533.6119182674
36539.1984404692
36527.797639777
36519.531927184
36530.2450328943
36527.6590929649
36540.9598570538
36540.5469479229
36536.2625099083
36528.5827577141
36537.1855516163
36532.0009503249
36526.5358341861
36510.0816760655
36525.6803243601
36520.9502371336
36517.2772986779
36521.6658227522
36517.5025296623
36534.7836419717
36539.3356548738
36541.0483597811
36529.8376284309
36534.3421989739
36530.5694868522
36517.3289098874
36524.8879220218
36540.2920934944
36550.7436696949
36541.905324096
36520.5726336697
36526.170410931
36541.1855442033
36511.9253400238
36536.2155368736
36536.2492969392
36533.9156918604
36536.508756526
36525.622723271
36536.1079495354
36534.1394738588
36531.5374032265
36538.9928926643
36513.6359297306
36538.0446516104
36533.1054826431
36526.8621849071
36542.2683018518
36539.7545039368
36512.6123432523
36521.9850427523
36526.235870225
36535.9447790546
36525.610757367
36506.8833362431
36538.6500733801
36533.0133617551
36535.4465225207
36519.0234246977
36526.489937253
36539.2342452419
36533.7390076899
36531.4889220175
36516.3449721151
36515.0980960271
36534.2048773102
36524.6843302184
36539.2742312032
36520.7268597574
36529.3482477602
36546.8216962304
36537.3578366086
36517.0093548158
36547.1024357256
36531.3749846993
36532.8855839788
36517.3046137049
36537.3915525367
36559.4587959663
36519.218640267
36525.5558598737
36525.02483903
36529.8589722736
36529.7807990915
36532.3228988615
36519.0985410672
36537.2325126697
36536.7362125974
36531.0055587412
36522.7749031149
36524.9065956963
36526.2119758347
36531.9474817068
36533.2969018868
36517.6209828285
36526.8877628129
36538.9570349143
36528.5767782648
36516.0081150186
36531.0736249921
36539.6958286982
36530.0285938954
36519.6331807836
36528.177025463
36537.6342140552
36528.1333622154
36529.2305481948
36528.7490946156
36524.332598922
36537.8466087953
36543.1528448385
36519.5188689116
36541.3487903582
36539.3551217856
36532.6663133563
36524.9425194726
36523.1977313377
36553.848880298
36527.1561767593
36520.9254201986
36516.7780321384
36540.6797877692
36536.1817431351
36521.5679458619
36523.9330029043
36524.0221867845
36540.3213778865
36530.7158061739
36521.5103307614
36530.5133756415
36521.9298948023
36539.3748309356
36530.4294223494
36552.2946848458
36543.9328045019
36529.0683342561
36528.6566893629
36531.9909029371
36537.7579428831
36517.4384722393
36513.3200649186
36542.9815801584
36535.5482496251
36535.5151628508
36525.3350820929
36532.493326766
36543.8184779063
36538.4633220086
36524.0001058983
36535.8453664284
36529.6479220178
36540.4643853438
36531.4282141245
36513.4053256154
36535.0558952242
36525.0222550801
36529.5338875417
36507.3094744343
36532.5750315336
36553.6659740638
36518.6686743893
36526.1596320125
36512.1140746117
36545.5789651557
36520.2070160581
36541.8011192891
36519.4998264
36536.8204431722
36531.9815261261
36521.3251696956
36518.0038663889
36528.9621527588
36528.0239040613
36531.9824786534
36531.7822098628
36518.9945396675
36539.4367464568
36543.0851964268
36541.5390057177
36535.4742468365
36534.0945693497
36538.1320094654
36530.9135512114
36526.4382124899
36517.8702645847
36540.3356906033
36521.5861978494
36527.2224096668
36545.7489219626
36530.0050182864
36529.3355465472
36515.3897518701
36529.5315525532
36527.9465287041
36530.6123928806
36497.7545646566
