36500.51530572
36484.7670809815
36541.0559259511
36514.4447722328
36525.5938217119
36502.6727183237
36513.3188086812
36496.7311275597
36519.257278883
36503.13456526
36497.7067091834
36537.6455888773
36507.1964759308
36510.9751791687
36483.1312757296
36522.0528342253
36545.8233535794
36586.4643449325
36515.6742203476
36544.5514655047
36538.6818678381
36520.6172542536
36505.8960525985
36481.9607582781
36527.7843190232
36527.7134970238
36514.9621893063
36545.8404778886
36538.5843516652
36517.3685530913
36557.2704256827
36521.9721064708
36519.4386710926
36542.9933535242
36533.0430846222
36512.9410856145
36536.8796353653
36524.9755014448
36517.5394383048
36518.1129892866
36544.0558268915
36507.6863818028
36481.7030040371
36518.5467087499
36547.2485568471
36493.4455824166
36527.2856002883
36534.9587947969
36539.4678477473
36502.1398237398
36533.9027076494
36533.4476945037
36516.3124922726
36590.4550505227
36491.8245331174
36522.9233083534
36502.623393967
36501.5837328373
36515.682056646
36528.4425612081
36522.6479593353
36513.6734970068
36535.2353561604
36496.3711704301
36496.5240464987
36539.4320341857
36495.743861887
36493.1343797586
36494.0168624768
36555.7588737545
36547.3210709441
36547.4870309758
36544.5142450926
36548.6497760829
36533.5258844138
36519.798919394
36534.7181069991
36522.0975129338
36513.0773465478
36558.4516953096
36503.725423277
36530.7075083905
36495.7335957774
36499.1574650569
36514.6149640717
36497.4303758232
36526.9789262257
36537.8399160009
36526.9001719838
36512.8300507805
36542.5412065906
36521.5222498127
36521.6259484361
36532.8810395153
36515.1537016995
36556.1683885783
36524.9015189621
36493.851194168
36484.4936550861
36496.7326645803
36540.5650373294
36508.8580547816
36500.0087475985
36539.5199317824
36512.8333912876
36475.4682086808
36488.4242724748
36523.6146381407
36565.6729063881
36560.2990172225
36539.4824518428
36492.1897185557
36537.4982458699
36515.7584953058
36518.789427842
36530.5439420788
36478.720751909
36526.6934926567
36542.7905349684
36524.5772874712
36545.8037504483
36494.9051527257
36484.7834444718
36532.1705301546
36510.6348431016
36536.4826944731
36518.1954331253
36502.3935112524
36522.8179475682
36479.2317372645
36491.0644589203
36539.4121953696
36532.4700353221
36545.1033808641
36557.2699596591
36542.9636630852
36532.2180420205
36536.2274386684
36496.0832977886
36521.5151237448
36525.0393844919
36512.4478356245
36491.3708086351
36504.5254971728
36505.5381659
36501.2772951942
36536.2772181965
36495.3943441528
36521.2016311705
36555.1443380756
36494.334196218
36496.3320193548
36524.4777918476
36529.8930474311
36532.6157946898
36528.0331272025
36523.9829464278
36528.7525556857
36539.8941260379
36500.0557991551
36532.2477331885
36520.5914414241
36521.6646295593
36534.165270149
36512.0323949847
36510.0756845098
36518.3246485477
36493.3627537982
36517.429849846
36515.164891157
36548.7160615357
36526.5897024909
36484.3392498759
36509.3314824027
36520.459067449
36496.6283850027
36515.2706710202
36501.2415610735
36542.63213988
36510.2439937005
36575.4985273069
36514.0983687005
36552.7819823547
36527.859873438
36540.5461916864
36523.5892740772
36511.8939265527
36512.1452705497
36567.5835391898
36514.194559698
36515.4703732883
36494.5941533606
36541.3852470358
36501.0216991138
36489.925112324
36479.431051039
36558.6441916179
36467.5720868917
36510.2049103286
36500.6275544143
36523.9136336615
36501.3025386904
36535.9753130213
36543.6023229945
36527.5370304357
36514.9667483754
36511.6042839264
36518.4227332266
36570.5190672794
36519.2394317724
36543.9454006673
36524.9185949856
36517.6410921318
36514.5052109797
36522.3645939253
36556.7036352944
36527.020333352
36514.353278301
36478.1245203234
36509.7153983336
36524.9883251851
36549.270399512
36490.6417023437
36478.4952109997
36516.3035445182
36502.3833366614
36510.1732357687
36575.7488545729
36502.9094461834
36513.0977357172
36508.5050744883
36506.8789535048
36518.7136818701
36539.5862667031
36511.086650647
36512.7782160832
36486.9617600915
36580.5992686554
36504.7452582286
36518.0226833186
36531.388350589
36502.0323980517
36493.1562606457
36539.1301940888
36480.3411550784
36538.5688244972
36536.9722449069
36519.1010597072
36511.6183016672
36552.3649155067
36494.0702541656
36532.0879788947
36545.6115002287
36559.2920073058
36502.0439353948
36528.926456483
36514.3814809298
36520.3169283909
36526.750653546
36471.5427644564
36509.0353290691
36496.4196878889
36508.0983952445
36520.1314237382
36534.5021616895
36539.9997301019
36530.4475000944
36519.1756848109
36501.2408197954
36547.2631850649
36556.8150234363
36529.915350212
36545.7632625955
36525.1914440651
36555.8678284727
36525.5603729319
36516.1129403539
36515.68567407
36539.3622970874
36502.0286619102
36505.9140888081
36540.2938096511
36471.1272539319
36527.3986967033
36527.1556983622
36529.7777793027
36537.3633222235
36503.658206849
36499.5486908708
36542.1864082501
36502.6403133717
36509.8341451002
36548.2325085182
36489.1194728215
36553.2674114056
36526.5887259276
36531.0842783683
36503.3710756645
36506.8539091896
36520.8787558738
36501.9074029588
36513.6514478094
36517.8981432682
36519.5344970015
36476.5824145466
36537.578593055
36530.1902637462
36559.5193098112
36538.5595279817
36542.752125958
36499.0553588829
36518.3313261202
36474.4184899143
36527.9503552769
36504.4104813665
36525.5719267114
36507.5855992777
36468.7038305006
36531.8808808541
36557.6688983049
36527.748453073
36523.0461887048
36499.0381464784
36539.8607880686
36540.3088504727
36505.9719954777
36491.6826912638
36486.9256246938
36510.9739669419
36498.0047859715
36496.6724075998
36535.4814389029
36512.0766627866
36557.4117263092
36507.1962299841
36464.5741440062
36507.4831989963
36513.8917792387
36501.0006456362
36533.8181629164
36519.1861179054
36531.8653446835
36517.4824567008
36482.4169114019
36504.9953309085
36528.9529625007
36556.909943963
36530.547521913
36476.1157032084
36533.0536269064
36564.4218346128
36520.6062302266
36523.7005802014
36547.2078104539
36531.393118821
36507.934466729
36531.0512640044
36532.7844125523
36509.0149293378
36556.9840026637
36500.6201404176
36525.2444494486
36522.3449422015
36515.7341261925
36521.2388560525
36519.6725514608
36532.5697966532
36526.4539898517
36522.750908834
36531.4224565015
36516.5596168234
36520.4922778677
36560.5252374486
36475.3592092484
36527.980868718
36488.2451164346
36524.9354354195
36489.7009438499
36547.2542897029
36526.8972415941
36488.267205959
36525.3213750545
36484.2041538052
36526.3280725242
36521.4550066693
36501.9863702887
36503.9453107622
36517.3294743873
36524.6574456834
36495.2502694074
36536.0346581206
36539.3332325047
36510.2681813229
36518.5598446357
36443.6296692672
36540.8301329765
36517.2416879527
36520.322034198
36513.1665739682
36514.7813325457
36519.817455523
36520.9680963212
36506.2775465065
36531.8880599577
36511.4430698892
36555.8106153052
36542.1685277428
36514.6177325186
36536.2514614827
36521.8490699974
36499.0076295643
36511.4308392679
36518.8542491189
36518.1443281736
36529.6517860761
36530.5534142162
36527.8804901095
36547.2029556143
36504.4333518927
36545.0894590637
36526.6435376279
36511.1469855813
36505.8822318152
36549.1203763527
36540.94418555
36485.1950250047
36535.40979301
36513.4232214274
36485.3750886751
36499.2081990356
36558.4093665387
36522.2477479836
36529.070329953
36493.9915026405
36517.8130051012
36530.2536019354
36547.7535713635
36517.0735333018
36505.1520877587
36544.958796603
36518.9513290845
36518.3136384824
36511.0871019301
36521.9247282696
36535.4916517132
36501.0272243336
36549.6155248281
36504.0509135878
36509.5731601625
36507.9581177673
36475.2336990111
36507.332096834
36541.5569797582
36528.9140178146
36562.3681254975
36511.5434537936
36526.4194488374
36535.5601580547
36495.6798755278
36501.8506240552
36510.1861415504
36525.2375181559
36533.4056318521
36503.0348242684
36488.6850811694
36505.6227702385
36527.8589349356
36576.2581644638
36542.6588325604
36513.054474011
36516.0235481358
36522.8021739551
36550.1759733451
36513.5651844766
36520.3878170202
36496.2850209855
36531.7126798219
36507.1103536968
36546.9952319945
36499.3119655926
36494.4680645088
36532.533208561
36533.6283972474
36549.1051831431
36510.885782231
36509.2661387319
36526.4959016536
36504.7126046309
36529.6048208424
36510.4587768917
36525.6366678084
36487.1177386289
36518.232402544
36507.3960756967
36523.8117078424
36494.6831092587
36487.3875366755
36477.415380507
36495.3615023367
36517.4093617404
36474.341427714
36504.1263108986
36485.5839023897
36543.9983003007
36512.7010581348
36530.3665136261
36493.7326197026
36502.4206999654
36502.338011673
36514.6175451458
36490.3047185785
36505.1724638383
36523.1292368298
36539.3818690147
36535.1663839785
36505.5599053979
36531.3860394283
36530.7760876254
36529.7222524385
36514.8897311081
36514.5719503843
36496.3454714153
36487.6808644376
36512.4733421547
36505.6967127537
36497.6724905657
36524.7499991709
36540.4752575139
36463.8806212925
36520.4944486243
36514.6865543451
36531.4178832707
36501.5724417148
36496.1209869265
36538.7852459926
36518.9929024842
36524.7991745372
36529.2942204196
36493.7692992269
36516.7782496089
36513.3204321167
36480.1824597624
36532.3457814467
36535.8513486222
36539.363696113
36516.9912216299
36518.8179663378
36512.0640779851
36484.1042057938
36519.6427501503
36543.5911750887
36530.5424269234
36516.2963360546
36519.707969472
36523.3418617376
36530.7397923784
36519.8623302173
36547.9125209155
36527.4406805609
36481.2788021079
36520.2114899719
36537.2504693028
36536.7799540912
36500.9772226663
36501.9214720567
36518.3079500033
36517.4015181552
36478.1169611214
36533.8167892873
36512.0824514106
36570.9850490416
36538.6834625174
36507.864292504
36510.1122701639
36491.1478557209
36492.3166175357
36527.8183358
36506.4170362314
36471.5705659357
36529.2717529722
36529.0035070647
36525.1714472369
36535.3574771052
36529.1377413688
36514.4258213993
36541.9704465539
36535.5404841047
36513.4600001144
36508.2648567192
36525.646845811
36523.6986379546
36495.5578544141
36509.7103971706
36512.2876827156
36514.3687382213
36510.0032103687
36472.0755046864
36501.5347984784
36500.4547877205
36509.3704131915
36499.7397497749
36497.7109229967
36514.3637287181
36496.2844162409
36517.5943291927
36538.2331942337
36500.8865609577
36522.8806213556
36555.0326644166
36507.4198205516
36522.7179120508
36506.3262735484
36490.0799772031
36521.8362176262
36514.1067238535
36512.887447384
36521.719254578
36490.3076595624
36535.612913245
36549.5753992175
36519.8344437513
36533.3577365724
36531.1194017298
36502.6352001331
36533.1478160607
36534.5561080796
36512.2846299262
36548.5298740521
36508.8084902318
36473.6183392275
36518.3818003055
36542.3083181341
36511.9769212784
36536.8540813314
36519.5137821652
36548.3030908461
36515.5839525786
36547.8077258628
36493.8772484155
36531.5481804583
36522.2321610089
36536.4440082928
36518.6774891653
36539.0938695916
36494.3501558281
36488.9560529344
36531.2772100047
36514.3072089787
36515.5619909743
36522.1828729957
36482.6502224636
36534.8650579238
36516.7654850132
36500.2755045527
36515.5087955974
36506.1472515621
36534.9679348204
36535.0493738081
36490.0212566791
36515.1821274341
36533.7186040666
36530.672975594
36501.6943306393
36518.7283551121
36507.3344412782
36523.0713164309
36542.8866447798
36487.5063683322
36553.4434770851
36532.9402365872
36517.4072296721
36525.4269986654
36520.1578313703
36532.3238184917
36490.4130540735
36545.7847969619
36497.7293603213
36482.9377413883
36522.5418958656
36529.6148860403
36528.1856661815
36493.9306010602
36516.2657003669
36506.1702227588
36502.7250199166
36489.1221926687
36490.4737380709
36519.696494182
36513.9549641242
36551.9428546902
36516.5843913053
36550.5594996557
36509.4346348677
36519.226016384
36511.1414151972
36510.7745388361
36516.6737743959
36507.1354727677
36500.1195701138
36571.0369105536
36520.4539115326
36484.8739583175
36499.9739403191
36519.4292456278
36508.1853021558
36547.5511502602
36538.9419415198
36525.5570880357
36515.8012692022
36486.1859695925
36536.1618131921
36497.9524246355
36531.8765873313
36520.6238301404
36530.7570884675
36557.8617942354
36527.0367862767
36507.6725154064
36484.7678813306
36548.8773458989
36517.6414289582
36516.0930506248
36525.9707983884
36529.7683621697
36531.8983247704
36494.4203485935
36538.1821292486
36530.7615671221
36510.2692111217
36483.366696786
36534.9931220095
36508.368525559
36529.1051643747
36501.4357529502
36517.9032092563
36512.3083356375
36506.6610791145
36507.2331392113
36491.303925124
36519.8552584588
36521.5451842912
36515.6307922446
36509.3480489347
36515.2035192345
36504.7685751223
36543.7629240614
36513.0471421895
36528.6547112176
36492.1875536903
36508.4911425079
36499.0433947111
36531.6125967767
36491.8778864067
36548.4651387239
36533.4728019086
36489.3524192595
36573.8194086204
36516.7519873681
36504.3033748352
36504.9819574806
36519.3373569159
36532.9042013271
36524.6021274895
36488.4301161795
36528.8514452811
36534.0195788894
36529.7870632482
36526.0128082748
36534.544793124
36489.5477944054
36490.4728918149
36512.0132793834
36518.0844231366
36528.4151849147
36517.1206811678
36495.6877865665
36525.6278938342
36496.1689263451
36496.4214570756
36531.5416929161
36519.4560854679
36548.329701159
36525.1077399464
36546.3757852675
36528.008088243
36527.4094512795
36562.8910943468
36537.7814053
36533.5422598031
36508.0735170031
36523.4780415449
36509.7015382255
36516.8507124594
36532.4282708635
36528.7165627282
36478.9190614801
36511.9493065068
36520.76073701
36529.5523200496
36532.6958999972
36491.5351572518
36512.1127295138
36507.5961264904
36504.2957861389
36475.8962291353
36522.6860740947
36516.3250118851
36520.9046542127
36508.1267089828
36530.9217177651
36505.5142510403
36497.5910638998
36531.797671461
36493.1676479164
36515.089482547
36500.79719361
36527.7431157809
36535.8489980068
36513.0290422366
36522.0795893869
36488.9286942568
36502.4604525249
36520.2373086802
36532.6381244467
36504.2455594024
36493.8155501639
36504.5950257087
36497.4826132259
36481.7425816618
36494.3271139104
36516.4631283076
36527.4031456891
36534.3646730563
36511.9467199329
36524.8814898963
36527.6218465026
36533.7186522534
36512.652761308
36517.583396023
36470.8778667407
36529.7974658692
36502.5535801137
36523.4107622115
36527.9756614716
36519.7803348644
36528.6792680182
36532.9787068673
36487.5783376543
36522.7232727098
36509.8000316949
36528.1364417709
36548.674401757
36509.6886889927
36550.9102586601
36514.547735758
36521.0598883854
36495.6196883769
36499.6283255637
36517.8671059671
36499.1173241884
36514.0221337395
36521.7123558243
36526.0521543812
36483.791310139
36528.9866099065
36491.2551746146
36540.0506166527
36509.8398555236
36526.8513416424
36509.0079301382
36517.6343176227
36514.2528782958
36522.975432264
36513.6209380853
36512.5589822135
36501.819155675
36486.4363315709
36534.7107225458
36549.5010251505
36548.8470303354
36505.3653823648
36541.0720188149
36528.7232112178
36524.7180617186
36500.9250208808
36483.1147711868
36505.3385278938
36515.6135468053
36527.9297674418
36500.9330206091
36507.754753487
36577.9494044908
36514.3779633346
36560.7694785463
36509.8271194053
36566.1578194027
36484.5030332409
36513.9652980689
36530.4269399531
36482.1683151583
36510.4082400116
36504.8005629775
36516.1987940734
36525.8958382231
36496.675672508
36504.7985870798
36505.9807602103
36545.2133694476
36542.2871025983
36532.8794284625
36526.3039957606
36520.0025338653
36526.2003933594
36518.5121078869
36482.7306940574
36530.1009801103
36514.7208690379
36501.1589786834
36499.4962130777
36484.4262644752
36500.2454802838
36529.7108711346
36503.8769171859
36525.824223557
36483.3822167829
36519.7985281767
36514.4553816754
36530.5190604871
36479.3540160576
36545.7574377193
36527.5334408402
36525.4194943666
36516.4064098496
36524.1821648881
36515.4832612794
36516.1617037536
36504.438905045
36505.9914698795
36524.8148589137
36504.0957513282
36571.6952799772
36527.3188675196
36504.2974117205
36545.4838220279
36522.3755278793
36482.6441480413
36543.0971650858
36532.4843459345
36523.8841141229
36534.2800355867
36521.8320095585
36581.1801549202
36488.2693617342
36519.0681061935
36520.3468144001
36476.8630252611
36526.7140141011
36524.786848688
36572.1485095401
36521.2287156654
36508.2418662899
36504.4932542166
36536.4499896994
36499.3661644082
36505.2274000895
36486.0058256445
36492.6734526866
36510.2747516193
36511.8018374257
36552.0527996221
36513.1489509195
36538.1203355373
36508.5878440161
36487.7793520713
36494.5063326581
36510.4977510951
36511.5673378322
36528.8864883252
36513.9210088859
36508.160206893
36528.4204148099
36560.4700790949
36514.7231784499
36516.8800402285
36539.99626911
36520.502657098
36497.8330019664
36517.2655865747
36488.5733136977
36475.0437837604
36513.2163209909
36520.1085408068
36512.5277474653
36507.5889573813
36500.5765120539
36497.2843135134
36540.633522305
36519.4746529383
36537.6787881537
36542.6981029234
