36522.4960564034
36597.4067998409
36550.103801446
36613.7964307721
36554.1698337588
36525.0944449524
36597.9313893392
36546.0904075626
36567.2000758556
36593.8354868291
36577.4580834073
36651.0389035618
36625.8121643095
36606.2018031123
36552.0642067764
36591.8225745599
36670.8865215773
36584.3593332801
36592.152924276
36613.4510480582
36499.9643515194
36579.3253304838
36621.3830947111
36583.2466250457
36601.0937019149
36587.9680716775
36527.5258958269
36559.1437669165
36631.1444026117
36602.6939558799
36608.0544239507
36612.7172755199
36641.7585438267
36597.8539973182
36582.7039150869
36620.6095546037
36575.5427876549
36571.8504596089
36643.4176775655
36591.8810936848
36619.7397936356
36555.9905361514
36651.1083780773
36549.0150091237
36575.1331257406
36545.1610435824
36684.1180893428
36634.098685038
36634.5803148389
36514.3350334486
36669.9432714407
36612.7315639981
36585.8455945035
36591.4752625146
36629.445720304
36696.9300050067
36713.0404650113
36611.2250860469
36498.413847337
36591.0772982084
36579.591551528
36575.4322344629
36613.287849876
36582.7952320504
36620.6579692228
36553.6684324837
36590.0102889352
36575.339577428
36643.9832641122
36626.3769341139
36577.2511939635
36591.8930964025
36523.652622301
36553.5635428948
36628.3261584912
36570.1632273698
36594.9900659824
36558.6479883455
36576.1239993842
36623.18683711
36599.1235353678
36653.891383561
36624.668116323
36600.786951485
36570.6636342433
36642.9353940639
36515.5987305185
36594.0533117486
36666.0975019747
36499.653837207
36634.8802206375
36592.7442769829
36579.2490457869
36642.6052745777
36577.5979745211
36677.6167062101
36542.8161637905
36606.470006199
36628.0950489758
36626.3306857853
36597.8573270847
36577.3678439553
36501.4774544312
36633.5443520058
36593.6664480848
36604.7375596744
36587.9189826461
36665.7955406232
36627.0844998464
36594.7880444323
36612.9330878545
36644.1785379975
36604.7374013045
36599.8464405832
36610.3377848255
36611.3027872982
36584.0317275807
36592.5550358406
36553.07046369
36556.6329684682
36585.0858338178
36648.5297347876
36561.139898116
36602.9133020223
36615.1588055101
36640.1563792879
36618.7657637412
36532.7964833034
36575.0525285193
36629.5676219371
36596.4795477265
36579.1228671688
36591.5841471184
36617.793004296
36599.0334381929
36632.4917593383
36587.6178322337
36605.3508436306
36659.8551630908
36477.4170776028
36555.4665577808
36558.876744618
36623.0246211399
36585.1035131636
36578.341496499
36634.3868640237
36608.5952387183
36621.632051517
36622.7233867931
36578.492436222
36522.7899030903
36552.4531543696
36616.2648632948
36600.6883977722
36573.124274913
36551.2077301974
36603.1141444886
36627.6086037818
36602.1724573782
36560.7218109915
36617.9083747988
36595.6837945758
36604.0444028242
36553.0697238198
36575.0438194822
36618.1522684895
36558.0314509503
36606.5495435627
36533.271337845
36549.4906560207
36572.5209968834
36612.7277645797
36644.9431811792
36590.4852254974
36622.2380814134
36617.3554604312
36527.8399712191
36639.8854728717
36583.0719875545
36638.9146366542
36629.8234644534
36596.4277362215
36575.8669606309
36585.416670361
36642.6617125041
36538.6718379146
36656.2458432948
36528.6499611003
36623.5010819806
36619.7467743455
36579.9835099737
36578.8255438027
36652.8102142138
36573.1285670751
36622.36265369
36599.421685055
36599.7653686865
36594.904004579
36506.364872604
36617.3860444442
36638.2275315051
36591.9344267703
36605.0360508759
36580.8082303531
36609.5365353577
36599.8509113495
36604.3465433487
36582.9713207941
36605.7090087532
36567.963373093
36594.7088215531
36570.6645040283
36602.529684735
36586.4294577956
36655.6881229453
36644.3236660545
36636.4468738914
36586.6509295377
36662.4821377688
36524.2119073037
36627.94376879
36644.7901065735
36576.7325212279
36605.0953396677
36589.3170124375
36598.9699931567
36585.7214159924
36585.0545141823
36618.1056923386
36537.33445045
36576.035666828
36593.1396669589
36582.4808470155
36537.7130591515
36532.0576718854
36605.7434877955
36584.409864246
36617.1286681671
36621.8498622798
36598.1480100436
36561.4123007009
36547.6078147005
36624.5402808965
36593.6348547661
36668.2623683492
36608.7451581776
36587.9796451327
36563.9999004513
36639.2067431584
36509.8019007848
36641.0770738502
36609.6728498048
36516.98516093
36602.2902133883
36601.2204004842
36641.1525252367
36655.8395280688
36568.8442687639
36561.3741485947
36566.8094150946
36623.8183501984
36582.5422247413
36564.9975187737
36580.4636199126
36556.9987840812
36613.1324883346
36580.9526671558
36608.8971133369
36598.1554673313
36585.9138430735
36505.7405474856
36620.9021388065
36629.9218815235
36685.2990143317
36583.2981466739
36615.8058718969
36606.118560208
36576.689949605
36568.0748413567
36680.6254268881
36647.7502472147
36593.2203931392
36612.0389580802
36554.8423070725
36546.8139679268
36552.1472188172
36662.3124247962
36627.8165997131
36578.4821803091
36652.0775826856
36621.2898974784
36680.5359921312
36552.045718833
36585.4161000083
36564.824455685
36621.9336631433
36638.0016765142
36585.291189916
36606.2802006957
36616.42573275
36613.6160867645
36601.4428234367
36569.5609284638
36635.6136842252
36616.0594940028
36553.7163554362
36630.6445505369
36562.6293938028
36593.071294041
36643.7826075053
36558.6201679995
36565.1683785529
36639.5635003654
36620.4123988795
36610.4007013503
36640.1943456247
36589.6264838158
36577.994413772
36550.4556168093
36639.4193953872
36678.1303994566
36594.8540436732
36606.6736432274
36637.1508516397
36612.333951485
36540.194681451
36608.1172253197
36626.7646390843
36587.989713605
36664.0730818584
36627.564605295
36619.4357635457
36585.1968090057
36641.5445543152
36624.6810521164
36593.4828291509
36602.0756492526
36619.5099855377
36652.3015206027
36575.0703669745
36585.7588427529
36680.2189531064
36579.2514318162
36630.575205878
36562.2632883221
36600.5970501034
36581.9162974041
36553.6544384945
36578.4680745514
36602.9302371862
36602.4848728709
36676.6859335392
36587.3052416908
36572.2255927012
36598.130385674
36563.0251913167
36542.3840599864
36625.5512773733
36527.1455453551
36560.6459726934
36581.5251363058
36614.5038691086
36589.5405720271
36512.6273363303
36622.1522214045
36618.9534659884
36659.9875594551
36528.9964742424
36620.5305579943
36544.7696703216
36603.7201861213
36673.748904545
36647.1696517574
36618.0537437367
36564.2412466021
36604.1189996308
36537.0228695973
36573.3744638212
36588.7309827577
36578.4846162412
36634.8917168375
36573.8550488449
36639.0820600043
36626.6942326586
36513.9387651522
36650.978941716
36554.8272012045
36590.3214060973
36538.1937491217
36608.2819404253
36616.5990513463
36645.0472030286
36562.681636557
36654.357246218
36562.8613861213
36612.7860582046
36519.0931990659
36532.3774108413
36579.4549350977
36652.5435396146
36613.6534241081
36605.9022283708
36563.1229170601
36629.9008419369
36635.8701429087
36520.0722276771
36549.1564835317
36642.1672096045
36637.2546008772
36642.2336876884
36573.2119825029
36517.1774887759
36557.1516378971
36590.394670376
36554.0915336259
36613.1684287427
36582.5834126605
36568.439078189
36579.8731087067
36656.9453178974
36616.4383175498
36580.6025894618
36595.7074506226
36598.0563182627
36604.6565407886
36458.3372230745
36564.0777500071
36597.967693535
36569.4208968441
36584.013687054
36582.0246974353
36628.7860156869
36673.8126967341
36607.0845360225
36603.967368984
36640.3689986051
36514.9645829436
36622.7582436124
36561.5071914331
36666.2239823947
36559.2647218932
36612.6266754233
36531.842896786
36581.9610269487
36594.631218216
36469.0129352608
36588.8886551594
36593.4774656779
36621.8330768638
36521.8907421736
36615.4110389119
36666.3369736635
36609.6634273755
36564.6464727437
36526.7937221801
36607.646983381
36616.9038271216
36563.4603067592
36593.3633898398
36526.9551669568
36598.1659142071
36602.5981029408
36652.8127434773
36627.6423167683
36691.7629220174
36582.2607113177
36635.4924999327
36519.6827318971
36590.8785305792
36510.2124283854
36620.6984320432
36535.9458942473
36513.3158559281
36657.4693482706
36540.1120453082
36625.9366761043
36563.8062588148
36600.3581774593
36616.6901025393
36603.3488621507
36621.5795571674
36626.0042078232
36622.7066703498
36640.809176506
36619.4967183999
36574.4943620687
36610.8882358864
36564.8548286148
36554.1464520017
36670.0714483605
36600.0232368323
36601.7084249746
36618.7390163982
36615.6122600236
36671.1815967854
36559.225709386
36617.7736459558
36622.3954252838
36642.8375638588
36578.8988976525
36555.5745332914
36573.6615827851
36619.6246211112
36573.2129415084
36616.0185419918
36581.6516512537
36595.0836004945
36600.9376603905
36544.7636824809
36667.5646855162
36571.6315019423
36610.3617692428
36594.5221060604
36562.9130755522
36635.461259048
36530.7258874275
36542.1906852507
36625.572212879
36585.5957721713
36573.124479767
36561.935067261
36635.6048074862
36611.5325817487
36605.2500441693
36656.0166745444
36610.0698597702
36603.982087779
36532.0466543286
36633.8224863567
36612.4432150796
36615.8325930986
36507.8713026334
36599.2554744704
36616.682148028
36662.3204620139
36601.4727153383
36562.0410124021
36596.4135324613
36591.0731400847
36591.8274359386
36513.7070702211
36637.6142832507
36641.1443321926
36596.6914482792
36664.1627122455
36579.880773414
36684.3976547987
36536.5312128892
36650.6021057352
36598.4731518384
36618.7868361875
36558.6921885055
36572.6757845332
36658.3572379785
36590.6007549841
36535.5128984345
36574.0325982187
36522.8449552944
36632.1791781817
36567.5546107096
36589.798548277
36632.6589853618
36620.7471485813
36606.4812960493
36602.5692457737
36636.1354459837
36548.3925180786
36526.6433273694
36574.986056698
36589.851109398
36522.4011803781
36593.9133665899
36589.0521278019
36627.4922569464
36559.0572664195
36597.8162580141
36630.0224523775
36580.2047885958
36642.3434357015
36545.1793186169
36650.7098451927
36639.001331572
36535.0759887978
36585.9777964354
36626.1620767321
36562.518986477
36560.0791639776
36660.7457537655
36669.2351902881
36565.4193635564
36524.1205732745
36578.6629055634
36630.306513262
36650.2298932868
36679.7348824332
36640.7300027011
36554.3051451556
36632.8461103731
36587.3594749207
36644.1495172294
36629.6148200858
36585.1658960858
36606.4875305659
36605.7379524809
36572.6067951528
36621.921368058
36630.2386141907
36589.8418891208
36625.5805509047
36579.637284881
36551.7781199237
36604.8423812802
36557.7977402453
36607.0721868599
36577.6543526902
36570.8705031862
36526.1502251103
36587.5902182891
36648.0490591696
36612.5460684019
36564.8716512902
36668.0582381323
36561.3825174743
36633.6692130357
36568.932753847
36572.5354788298
36540.4130517088
36588.744561223
36546.3645105816
36564.6332698556
36583.9635519008
36623.2283211907
36660.3606583447
36555.8855493079
36609.5752801075
36557.9542875752
36590.7474571358
36595.851631287
36573.8459540737
36627.375234173
36592.0793839434
36615.6147205873
36634.1907100231
36577.8408488092
36629.1509989166
36567.0404256303
36577.9498289515
36584.3966165172
36574.5424174828
36629.2879165709
36596.6748233406
36548.5822159926
36587.5641337225
36613.372656829
36639.0604591234
36615.9460011644
36627.5575215937
36589.0796855869
36621.3203564986
36562.7973480345
36589.1837251544
36611.2614886796
36560.0593109889
36640.402245206
36625.3148410757
36606.8787448926
36532.2093056781
36591.6350880216
36581.8052837139
36621.6414247975
36588.4585884704
36559.1744660651
36582.8305393191
36599.798281322
36611.709686655
36596.8272042736
36641.3740342159
36608.1392797819
36604.4267777897
36614.9095132347
36559.6782648931
36561.1564072325
36658.4168164808
36606.9086824402
36614.1945471391
36646.4891759352
36633.9616017265
36626.9023186233
36623.0593638045
36560.1843969165
36592.0934800462
36591.9049473195
36542.6674932318
36599.0708888245
36626.9572501568
36591.34046555
36624.1624090919
36571.4693706073
36578.7337764004
36549.6923031409
36561.0595125279
36579.686211315
36566.7073185156
36669.5607554162
36598.865919008
36585.1615835438
36611.4111764334
36599.6663594699
36559.3282907713
36655.3240944296
36554.99793926
36569.054850756
36587.6456654367
36587.3025137412
36593.3647920496
36682.1688332591
36635.122462952
36630.5239258115
36637.3303931371
36573.1484677875
36593.5116404352
36633.9922574949
36710.2580376999
36473.4125729451
36605.7724310194
36587.3486646535
36549.9305807112
36550.5220792007
36595.4866654223
36603.9230572451
36628.5897213922
36617.8962766857
36665.963025857
36566.9608570435
36588.393187492
36533.9884292193
36553.567592675
36560.2988815394
36574.2886775124
36636.8524122086
36590.9643821956
36620.2991620805
36639.9573255814
36556.1013155935
36646.7736709781
36552.7332198761
36643.0101478655
36591.1661244956
36637.1187360304
36521.6612612805
36607.2556003801
36635.3381942083
36567.4951019042
36598.668390519
36611.3397912588
36624.1684678074
36605.9124355366
36630.6311308085
36627.5628262999
36592.9429740513
36641.5388112451
36552.9953151846
36635.3762019802
36590.5791517217
36563.0387370737
36660.1146702603
36629.8524945758
36570.3566369099
36604.6249957605
36645.5753304681
36539.1414637413
36576.5456625959
36566.24464864
36606.6069335157
36616.8663019166
36642.237167872
36603.2004666147
36567.8160158039
36639.5177741291
36650.6286621533
36567.3347421429
36600.5834495762
36598.0036367444
36564.341697527
36634.1485004187
36578.0578201222
36564.9821444812
36602.9316744805
36661.8857203092
36595.9134458285
36630.6713005123
36577.0490988703
36564.2446529082
36601.4478337888
36616.0652889033
36606.3840532215
36548.2588682559
36532.6503991866
36585.2552328433
36634.4467379407
36658.8698224679
36655.9549986979
36594.2527999182
36505.4588253391
36645.5089689217
36599.1890798276
36580.6219976038
36561.255227809
36628.6153907068
36620.0725055134
36581.4504941542
36612.4192236577
36528.7959019852
36584.0405530145
36636.3350345793
36571.9768171691
36598.5303317388
36586.3428734852
36621.4665933482
36626.9862104684
36568.3209086465
36528.7336264835
36614.034058041
36587.5484099047
36551.2674419931
36607.3576922509
36578.8415229661
36519.2249222813
36586.5771158797
36558.9474740261
36593.712336841
36617.388675041
36601.3315359832
36619.9422334035
36532.6968576368
36610.1702662864
36643.1841027563
36628.942479289
36566.8813662085
36551.981841262
36602.5192971051
36655.0428949049
36587.0726865001
36630.5244712144
36541.9929210072
36682.4764985374
36657.3119269123
36635.5674052236
36607.2495366942
36615.6736204474
36619.538726583
36560.253384677
36598.1817617921
36668.8949478808
36633.9844312035
36611.6190619844
36532.8185305802
36630.3318039412
36568.7036507182
36503.9179242855
36575.7903361674
36585.4596620135
36541.3126530915
36630.6180936913
36602.6625356584
36606.7555051855
36665.8780421438
36497.8724352486
36570.9681294089
36568.1572669594
36514.5605883208
36625.8035160674
36562.2824182398
36575.4542366818
36608.2218121178
36593.6379267958
36596.7694398303
36579.2716199425
36677.7762855727
36610.5062373429
36564.5287584767
36563.755590817
36642.4021260273
36573.9641276379
36643.1453864257
36566.6814920262
36619.0289800696
36633.7907674964
36622.5040463088
36619.0025208544
36586.7497799892
36590.5962131182
36619.8853577461
36603.999066319
36610.6095378135
36574.6424419643
36588.9795559998
36639.7168958994
36601.1604142214
36597.571058687
36573.1143492135
36541.6471795566
36563.5562833756
36615.4753312383
36547.5023879823
36511.2835954776
36616.6551140002
36618.3332697404
36535.2525436984
36581.1150444493
36593.7874092595
36545.3477971746
36658.3249226392
36568.4880660113
36558.9749504689
36559.9037195038
36602.9447147126
36591.0798277809
36645.4785072163
36686.5329434637
36549.2075072495
36718.4372988693
36513.096418389
36629.3354661581
36621.2822855854
36626.3791884557
36600.3089519208
36579.5133353117
36542.3205283028
36568.9197344543
36615.0179061691
36572.1247667947
36581.3173269891
36622.3459916165
36552.6180942326
36581.7513167845
36559.9370558766
36579.4087224265
36566.8052667911
36589.5673541422
36562.3622975729
36601.3138746699
36592.5504454159
36634.1845251586
36620.2668945808
36598.0398545116
36614.8604855223
36612.8438735486
36586.6264585817
36604.661460013
36644.2255573897
36562.8396785711
36597.5118035776
36516.992042923
36600.9876728292
36591.1887056819
36607.0454602751
36614.0609429701
36576.9852094095
36630.8349534104
36626.1705746717
36647.3498590228
36615.0875306112
36573.833434734
36571.3713669316
36674.6377371021
36530.396660959
36564.0368339428
36611.5318000087
36649.5759328791
36622.7162478357
36579.0461726416
36609.4114446018
36556.4979039972
36535.6357535905
36594.6077018076
36601.2555950752
36584.598277756
36645.3536863763
36606.2515131094
36646.4491009834
36569.8038197513
36666.6149617233
36605.4835386638
36596.6151203116
36589.4252919988
36590.8763901608
36591.3437384117
36577.8507923624
36591.1649841689
36613.8717947628
36572.2809927676
36542.8880372091
36566.3198485594
36590.0542295531
36613.9545265917
36559.3491123596
36565.0657632522
36563.1322231669
36613.8312145593
