36712.5740301672
36645.6691762078
36855.5120760912
36631.6441115088
36707.1936609871
36788.3723049395
36751.3136676662
36734.840004995
36760.1631467264
36778.2287908943
36725.2851882471
36713.0274185076
36719.2508946904
36779.8999889443
36795.8111744049
36704.3697047255
36727.9652530288
36719.7554274141
36651.9517587276
36766.9495683465
36666.4317701315
36735.1513962713
36762.1602736013
36675.8383422076
36737.5425073495
36737.8467737408
36749.640322153
36705.5086771559
36751.2216808529
36623.7918836451
36716.1845603997
36734.6269620089
36790.5262728317
36698.5659232959
36753.3914959501
36719.1220489958
36720.4656811352
36701.181279447
36783.0172948269
36723.0046383113
36731.5493163641
36789.7744324427
36776.5285403832
36790.880657857
36694.7336656533
36767.3063952631
36692.6475354246
36846.8210902981
36768.8923317884
36764.5448133856
36769.2878319571
36755.3755427293
36790.3965409411
36797.9559423054
36808.9007843822
36662.0663849056
36691.6769741897
36694.6033347873
36754.6077778696
36759.2005345998
36697.9528831086
36885.4919247813
36669.3173611754
36793.0415180592
36692.8960096315
36685.3494118945
36687.079630982
36717.2878053145
36710.6902706015
36623.7934858003
36724.4709927877
36776.1063403674
36727.736574851
36681.1918458185
36741.6847742451
36686.8229526164
36677.9380029272
36716.1317605762
36789.876973123
36703.0291128776
36686.0614262094
36731.7438854366
36765.4719301387
36789.6833434295
36750.9291792092
36830.3733060801
36774.4016744597
36771.6730385306
36640.519998171
36737.1429366406
36712.2398580808
36743.5293341262
36655.8629350649
36727.8682071116
36792.1619959993
36761.9904703248
36782.1002955751
36738.3645684975
36702.6902712602
36805.9821186344
36743.5492422354
36803.1935412103
36735.1811424887
36790.1806165672
36624.8666378502
36698.6555398193
36755.9598342848
36714.7925305402
36754.3404755024
36767.1704072403
36810.5026336162
36819.7696555462
36679.2576515652
36664.2507869544
36770.0885862958
36714.2799298381
36764.6762584324
36742.7028731766
36820.2845658803
36647.7905925878
36706.7487981126
36688.8355692749
36803.7689194777
36840.256451301
36666.6035394516
36704.1033635335
36774.8878900421
36730.5113892397
36708.0492425679
36743.9034328523
36712.8759570153
36754.5028328674
36754.0934000518
36759.6678556881
36713.6320254297
36728.009683832
36809.8604901769
36772.5396084056
36690.0014224178
36702.953979465
36778.3508970566
36751.4734930204
36824.8102231083
36779.5234276167
36790.0059542683
36705.383102325
36702.3693428672
36697.5562924868
36773.8927790146
36780.2793891127
36704.4852977183
36687.3874329716
36751.5814527624
36725.6070663038
36772.6396353466
36790.6129429923
36781.0440271675
36759.0956040126
36681.51292952
36729.4414972109
36771.1409195053
36734.1487892565
36787.0821759873
36671.965069757
36754.5960554899
36701.9076139726
36702.231404457
36751.6080074017
36707.8330505479
36742.590401616
36828.5489175697
36682.8584125288
36734.9505407621
36726.4780806019
36691.0867760826
36697.8130646583
36728.4921792087
36723.573770904
36829.2033674771
36766.844718185
36753.0817176965
36678.7231026356
36761.7953292384
36747.4498058751
36662.6913870976
36669.2797151667
36761.3749210908
36674.6620918963
36694.4516117753
36688.4144196734
36754.6082946006
36744.2340503817
36831.3175065215
36703.1200115639
36793.2827091945
36715.787057636
36715.68595411
36712.7818231873
36716.1663835538
36882.6611863492
36758.3633693832
36828.0418226047
36781.7837955795
36725.7032583326
36746.582363774
36769.7095024797
36827.0008791333
36749.5572213505
36715.5082205736
36787.7018006677
36758.8637056351
36644.2068503091
36815.7336523399
36742.0809489857
36735.715657536
36747.1466295327
36690.199437208
36811.3772603352
36737.3794390524
36685.1808158438
36735.3455472542
36679.4153988896
36699.4292586678
36818.3644606238
36756.1748860751
36734.197515237
36781.4238327717
36657.6872843135
36688.5037029319
36715.64335235
36794.0116206679
36762.9378009781
36811.7491947704
36747.8216449069
36701.1843650667
36847.350302248
36767.6108858808
36744.7898871729
36702.6194342686
36772.0463762689
36707.675674865
36755.4522508173
36694.9176695527
36650.4040473011
36731.8011935961
36812.7891849629
36809.9666144871
36739.4065538116
36688.3246768278
36814.4362274302
36733.9679001419
36735.1003031043
36771.7672181237
36835.7284121887
36695.1065816716
36693.5628371437
36741.7278137399
36688.9153622361
36812.5570636449
36680.9684816606
36748.0957137734
36794.2519942461
36713.9010587733
36785.1998603933
36764.3614581405
36686.9638927602
36726.4071113354
36760.7527357692
36721.674740197
36877.3185464763
36791.923762822
36740.3167926485
36748.5763872228
36804.0603083647
36709.9038112323
36703.503388111
36637.0044370025
36774.3385865829
36818.2868257696
36720.9571461439
36763.8766493876
36732.1642584292
36767.0060360952
36765.2940659284
36665.596795856
36704.2830189288
36756.5761965863
36694.4853296541
36624.3125486027
36761.6817204755
36797.8455469444
36787.8369891381
36778.1890567266
36820.1603567438
36784.9227431293
36776.2927172384
36682.1156297273
36712.8975086032
36665.3781914953
36683.092285492
36789.6442666871
36822.7225623285
36738.9564092224
36808.4782825336
36766.4117733063
36776.1896416839
36737.8219940309
36749.3941532996
36779.360460277
36833.1648055133
36766.9802406605
36710.2049733986
36752.3726272837
36744.2211292917
36759.6234157693
36744.4027548475
36817.0680706483
36745.7507305035
36697.9020121072
36665.0385162452
36815.1456296457
36761.1032147553
36738.6923831875
36696.6544146554
36717.8399191921
36776.1458664683
36787.3078682165
36735.6454685991
36721.0156004297
36733.1810824226
36808.9903324157
36751.4612662579
36850.250528323
36713.1671961712
36812.3606892381
36791.0467809781
36714.9175882044
36750.5082411333
36789.8606059357
36802.9024415035
36774.1769041618
36755.4066488467
36714.5640210663
36701.7865460621
36745.4898798622
36704.4253103899
36800.7850066178
36674.2969508545
36809.6858112663
36660.1627824473
36751.8759809041
36716.1001069914
36786.6883652358
36742.0366620473
36660.416005141
36750.0626446858
36818.7115846183
36715.4818095117
36694.5546977191
36719.0650490799
36799.0102939845
36751.277859511
36791.1505450243
36804.0917171916
36640.9630413281
36740.4558030531
36805.9006799056
36688.9556631932
36738.5933908204
36689.9857452236
36811.300030278
36649.8102575537
36847.6755813139
36657.1169185987
36717.0579818135
36813.2015752748
36732.8852732544
36698.5211241247
36650.6757539139
36738.979595353
36798.6975697738
36731.3987171885
36792.8790359567
36830.1583380284
36793.103655729
36746.8392325059
36675.9263887714
36801.4733300943
36754.3177365086
36711.4012261731
36825.3831522905
36824.0416048777
36676.6597601611
36760.1230272234
36723.9596956339
36730.1831703216
36746.3035411072
36895.2690547353
36754.1803026413
36717.3858613628
36688.1427370209
36719.7512065726
36762.7392838662
36712.4218646085
36739.4597244016
36750.017370934
36717.1593460393
36689.7252013052
36680.6991667288
36746.265998652
36694.7103020772
36744.0690680496
36803.2404838378
36780.5056360144
36744.0820359425
36788.1580445427
36703.5990838614
36732.7255569081
36795.02046536
36750.9233221642
36750.375540635
36749.2491690101
36736.0802278216
36745.9895129247
36726.8583745248
36715.2444521071
36792.3703941988
36826.4503284937
36655.9338348978
36764.3846889674
36781.8414908694
36664.3461395493
36700.0042315085
36764.8906245216
36762.367496932
36653.876592851
36687.8821269771
36726.988504462
36742.4464372701
36677.3414282271
36877.2429681491
36789.4862669456
36764.47628831
36768.4991608253
36802.6958088894
36686.2404355611
36759.7200536508
36729.5079566704
36731.047966749
36819.2074765804
36811.4262662391
36715.862782153
36775.132846174
36755.4864856536
36788.1917029034
36753.8375503742
36672.106237515
36763.6222164431
36775.5455313772
36698.7098505349
36726.7033354816
36813.1812741295
36856.3264566428
36770.7350930365
36758.4934289049
36732.2368834698
36798.7598859727
36721.7366887668
36680.9667138739
36791.5621235703
36817.8670938436
36719.8378800185
36704.7473062272
36778.1251446163
36686.7570961169
36733.5027433845
36770.8523014532
36752.9466830068
36780.1188312374
36784.2654997466
36744.8991769752
36784.5240518969
36650.8482891078
36631.2890577304
36711.89162294
36817.8824814757
36716.4674832378
36703.193985926
36750.8944485763
36613.489051937
36699.6575145478
36722.7064121439
36742.8457508851
36796.1139165365
36812.6703602664
36800.2561414606
36750.0549971647
36866.7403582241
36757.797035174
36684.0035976325
36696.6318357736
36669.0520084359
36693.7934698497
36704.9400756291
36783.0320534834
36749.9762061074
36758.3425248193
36679.1978656975
36678.2725767152
36722.1814556757
36804.2520641759
36836.6572681727
36691.5255046374
36827.011134155
36766.5966901424
36869.4990014864
36736.2123634728
36849.0947545021
36765.1808852935
36807.037564857
36706.1171765855
36700.7683557925
36798.1820060777
36730.8758082487
36839.2603801535
36756.211604454
36687.4801795951
36784.4157794089
36774.9381222437
36653.3065741166
36745.997749889
36767.1884720191
36686.4305978504
36805.8466911035
36705.3575591027
36698.3721052322
36673.5597062672
36725.3607996436
36747.744015184
36734.3590023258
36737.5305978714
36692.277846766
36688.8721347911
36755.7273995878
36794.3027482634
36725.2198682111
36708.7771411785
36717.1660489614
36760.3167332804
36823.0851574171
36773.0832464964
36795.8851540727
36654.3788008599
36699.7869332764
36678.2637729213
36762.4675509084
36687.643788983
36719.7622211866
36845.6852505334
36782.8566857335
36782.4050285807
36760.8222510855
36680.6639922259
36720.3906010447
36704.52657106
36764.9804392235
36773.2080020378
36775.7497842258
36696.7533682683
36813.970975253
36707.8504904886
36700.0228587523
36759.7149071331
36671.1789925178
36649.0725870136
36804.9158262733
36746.8382797728
36821.3198834073
36820.4627680033
36744.4318806685
36745.634432228
36712.4218084808
36739.8631125763
36775.0368781823
36829.3433350247
36748.4830504497
36689.4023519222
36711.9657306631
36746.7999347185
36778.4400981235
36789.0307486075
36776.9905118636
36748.185928533
36730.0315881228
36741.9616706927
36716.7409377107
36782.3457294992
36697.9730088772
36819.4919098859
36767.0042759604
36814.1233419487
36705.8120125315
36714.0676349434
36712.0057269589
36690.484067069
36712.3166326936
36757.5747129766
36695.383531436
36779.1158676135
36747.3763873845
36661.8627223759
36772.2568434345
36792.6763642271
36853.6185595313
36707.4919152922
36798.6304557824
36711.6004591297
36705.2846151218
36668.2744695328
36763.3306712222
36721.6844472903
36805.8348412532
36710.4393285615
36719.9119887233
36702.1596147605
36741.4095651989
36751.6574282378
36692.6853865885
36858.5958182031
36806.3813258002
36687.4523600184
36667.6665649795
36763.9811848549
36784.6340324113
36746.8407673476
36714.9463322709
36773.6655351031
36750.3992046799
36691.7652607151
36737.8294564154
36685.2328292641
36717.1587110007
36792.3842389433
36745.2435660773
36773.3122181377
36806.816942772
36731.0724370228
36838.0241166425
36668.2357420386
36652.9816432806
36670.0368354865
36706.8526187585
36772.1299433256
36734.3468389529
36827.5232969583
36797.0606429587
36853.1819166957
36680.8731927085
36726.2361756672
36695.6871588743
36769.2680360537
36793.1526447543
36758.5989677644
36721.7184052073
36760.1971085707
36904.0493202229
36714.8193580235
36787.2569489181
36568.3644600752
36832.6782580735
36780.3595035379
36720.3251718963
36822.2515799483
36736.197444308
36760.4018288428
36760.1075329718
36714.0413128756
36692.0556092385
36681.8506195015
36739.6770832424
36755.074710484
36713.8451388575
36667.2474925991
36705.3508263792
36664.4336122613
36815.4702985596
36682.2113065016
36814.9923743772
36786.9938361747
36731.8117661147
36796.0694968326
36749.7820322194
36736.0918954417
36768.188590993
36698.7972841266
36817.9392425365
36738.7435736483
36735.1622210172
36661.1983159681
36774.9424358327
36710.4295586432
36752.5633346269
36687.4406398711
36769.0129756853
36711.0746380885
36797.0282820383
36782.5023190411
36801.9943028998
36723.8282416979
36707.4725633557
36764.2775114634
36726.5624945918
36716.3463921874
36703.8007230755
36808.6382463568
36705.9323580693
36726.8841659978
36733.9967928105
36798.8093872961
36696.3854262712
36775.0642711999
36716.635910177
36630.6448511461
36738.5914414875
36800.5156220647
36733.1128284312
36757.2773967731
36769.747536641
36830.0701541399
36722.7666620454
36793.1652584111
36745.8316029178
36689.2523345042
36693.9353232883
36772.2286367074
36691.8595647314
36728.2041954312
36684.5715751349
36737.5592900207
36667.9279664167
36870.0762342673
36776.7681955423
36748.534451069
36814.5115760607
36702.1060784625
36727.3403497142
36734.9006241171
36695.0928712467
36673.5513570879
36736.4254827528
36760.115554155
36733.6122201925
36716.5577817925
36773.1275827814
36782.4918312518
36699.1249791306
36713.3232283446
36673.8411933372
36801.6018994352
36728.0387498559
36799.2202270062
36759.5314481429
36828.3171509224
36752.236066127
36727.9936255228
36794.1520353704
36845.0344032132
36731.1838044761
36672.0936011559
36721.9871415623
36794.2460316992
36682.2585064134
36691.2976689317
36613.4364992348
36625.8940343832
36874.7502375805
36708.3757139886
36684.8734450116
36772.3397042019
36838.1117119308
36749.5745740764
36747.8773665132
36763.76217498
36779.2018439694
36722.9768751425
36693.1265791904
36693.2152237866
36778.7880976123
36825.5132688163
36749.6781350513
36742.8119516333
36723.6424800486
36762.7827318259
36743.6034872861
36789.5148208207
36724.7396351181
36685.8089156917
36808.5293180157
36666.356242379
36737.3790134298
36679.4716680287
36781.6876765352
36757.5230513916
36713.5035739907
36789.3060757693
36697.998116494
36779.1774937793
36760.6845753225
36690.218261609
36756.8400758719
36727.118205598
36745.5180526621
36813.1148879227
36759.1083271847
36732.4705039857
36832.377601872
36650.7328058876
36613.7146832278
36835.6998653356
36791.0011502482
36768.3667986878
36814.225565222
36798.3649024941
36727.582956906
36745.8832799281
36734.3513108154
36688.4682454017
36702.1757380286
36708.9972968381
36771.7220683316
36802.7657615593
36783.3054237323
36762.7878463564
36723.6416764039
36639.9765328229
36799.5896432848
36716.9956696864
36686.9665660081
36779.8221800292
36670.3933054504
36807.1625693502
36708.759118959
36775.3658655989
36842.2630491125
36729.6124154899
36630.6730594174
36753.4255732596
36735.8531825321
36770.8385143621
36615.660303
36757.3294406734
36773.4753014176
36708.2249100008
36745.6313892333
36755.0230971917
36712.5958094071
36818.2273398754
36808.0346071562
36734.270478095
36717.0606054014
36742.8978445023
36737.0473194052
36704.4098275715
36780.7003104575
36770.8730718223
36834.5077186571
36710.8028552098
36690.7741880075
36681.3839017189
36741.5010602956
36675.3574200048
36779.7851527747
36739.3463409267
36857.4929741214
36825.9610804367
36684.1390153165
36770.0649237589
36836.463037606
36717.4659150569
36759.7500252829
36702.9508165968
36757.3874891256
36753.1711996453
36694.0299033463
36766.0417240661
36697.1003462518
36809.2905866402
36785.7197187159
36664.9332851088
36699.791228608
36693.3097614623
36811.9430675985
36743.7566471378
36829.9793966288
36745.1577667856
36754.5673090639
36716.7657750643
36749.5964143315
36823.7790970172
36770.0415278542
36735.2708984631
36700.4254745339
36724.668692529
36665.6282101003
36775.5062967203
36697.999979027
36784.9828938655
36708.5727621174
36707.4248921327
36768.5312636355
36784.097254105
36736.9680619264
36745.0805993411
36803.2622406781
36709.2652050419
36721.709979175
36769.8416877666
36671.6983746263
36791.446198215
36788.5065176554
36697.0980939001
36852.9618950348
36757.0047739451
36757.1648369512
36713.6768306294
36725.8332034753
36805.2370335359
36729.5836447498
36772.362114996
36740.2931229999
36716.6006518913
36789.3017843908
36802.0788925886
36805.6301472906
36824.8716168696
36628.5220662529
36687.5612260047
36812.3549056091
36809.342951027
36715.5122730009
36685.9442121844
36774.1869350137
36854.1043359261
36794.8607594536
36777.9156730121
36759.1461359261
36761.5579626129
36637.2005114372
36836.1831644798
36697.4512771258
36812.1706085685
36800.1678558187
36599.0246394672
36818.0099095138
36739.585144799
36811.6179461469
36666.2939924497
36759.0694643339
36776.2240933049
36730.6490474018
36756.3153341175
36758.4457427019
36687.2643144826
36750.5516735401
36716.306225126
36780.1499713492
36708.1069680701
36795.9103338212
36838.6271877371
36694.4443129728
36631.7870097304
36723.4144928791
36636.1859544864
36700.1598808698
36713.0448737233
36858.3378073163
36670.0630201524
36732.4756469731
36713.7858895087
36741.2266814546
36729.5024803194
36785.9528356774
36779.8462499519
36824.1254912625
36651.8984736888
36773.6032835888
36764.407874665
36700.5718235789
36746.3389664244
36699.1267857688
36777.1664390743
36729.2179818349
36792.0910760171
36737.5600298467
36722.6264814432
36768.6060728757
36742.4909201332
36686.6725321947
36728.5900463665
36794.2209567678
