36500.7454408986
36469.6604038856
36502.2087587281
36513.2542628496
36508.2222845418
36439.3990305213
36490.7099123812
36473.4397329294
36486.9894129684
36531.0311521616
36489.8096387974
36518.453764279
36506.7919609864
36473.9254941269
36525.7338762756
36510.8330374834
36524.0890753875
36494.2947087168
36516.9089901071
36480.8814977559
36505.1134415908
36501.6763150103
36471.2456451158
36543.4051874934
36519.2535486428
36490.0674967237
36504.3390474956
36521.3319678068
36523.2047182301
36512.0390234248
36529.8942996567
36490.4941325976
36515.1911426895
36486.2252437479
36522.3679343443
36534.1321386519
36450.8363120382
36502.9225674235
36522.9762997539
36512.4290270386
36521.666295735
36579.8336855331
36470.9771181986
36582.3501091759
36513.5035719488
36473.7603243754
36466.4434264908
36547.4939094296
36486.8598782065
36456.1621600022
36500.3369423014
36493.0933568807
36463.6053193687
36495.6165482909
36516.8766738903
36504.9097857334
36467.960618993
36526.939348392
36558.3943413776
36498.7508327134
36491.0290362522
36499.4735320758
36506.8995430889
36510.146262898
36494.1793882457
36486.3195036809
36472.9620430566
36489.8062201417
36515.1908407074
36496.7455035609
36474.781392007
36529.8830582964
36540.3752693324
36471.1401947823
36482.2339454729
36513.3355809816
36523.4161737319
36569.090249755
36485.8108340592
36486.6695545635
36490.5034786037
36541.4776254868
36491.1348711794
36485.5039361653
36525.4679745814
36523.2007724027
36486.3518345725
36525.5548326149
36466.0704557016
36475.5238367997
36481.8981903462
36496.6961890134
36537.1940582656
36534.8232096055
36487.8495645146
36507.060803958
36516.4482469543
36491.1557371771
36500.297198864
36531.8587647811
36495.5869743244
36475.0750875091
36501.842174676
36526.1700543232
36483.8056305766
36493.6226612302
36475.67260973
36471.8979233116
36503.078067932
36498.5266874818
36541.1715773096
36495.7110903822
36505.8269646058
36515.4976479954
36532.0389342235
36483.80910115
36490.2739375625
36509.0930740057
36504.2057220724
36493.4327275893
36455.5381526446
36568.1129212043
36519.9613682642
36498.2904102536
36495.5079103691
36528.2804228009
36506.4222251052
36490.3941260641
36486.6868379162
36518.4370898396
36457.2415780293
36463.2369823881
36532.2256268025
36513.6809887323
36524.1580966634
36524.3898622112
36500.8683160312
36504.4545042235
36500.6995632066
36516.0439336278
36498.9760880848
36472.5576695919
36522.6943648189
36552.565253455
36560.9723992114
36511.3836552253
36507.8342288806
36513.0309667427
36555.0545444649
36491.1788437683
36524.8215221192
36498.8169660054
36462.9948580973
36507.4997024701
36509.2148160833
36482.853114915
36470.9129437903
36546.3670514224
36443.0613919018
36508.9049870854
36482.6343712873
36466.7947624875
36494.2618210868
36536.1149743098
36507.5610730423
36476.6768548771
36508.1644882004
36496.9031081777
36503.9918230186
36473.110910572
36508.8318269831
36536.2543932225
36494.2734894695
36497.6615365535
36533.236524977
36481.2351669626
36474.4709150818
36543.5409500987
36480.2670221313
36474.9476666547
36504.9453944177
36518.6819475867
36495.1097988397
36533.6768078711
36537.7131346126
36532.351804309
36528.2782329163
36521.6277841645
36499.5510507671
36519.6129635222
36539.9114436782
36540.4387182605
36470.1831053156
36509.2827970253
36486.4457053681
36508.4485347856
36530.5261772523
36492.650685208
36539.6513505955
36464.4887025718
36532.807743609
36513.9976334535
36501.8155193117
36500.4689515603
36497.6189197635
36530.1861756208
36474.533560624
36535.4888151579
36493.1697009908
36496.447071759
36524.5403664396
36518.0702912099
36489.724709889
36531.8279647686
36516.1021901894
36476.8686699953
36520.4633435136
36516.2627766535
36526.0250067111
36510.5882754563
36538.4459779427
36514.4656709546
36475.6795908652
36479.1882800563
36478.9791504062
36441.8387773324
36490.8891187589
36514.4445469808
36545.0525167719
36546.9085244988
36495.6600974503
36486.3971651146
36487.5854873578
36541.3435253129
36493.3411418565
36489.8133372743
36548.4787094041
36500.753020578
36495.4449889461
36531.9259343283
36470.9705339366
36481.3572031063
36506.9213186967
36516.2031141266
36509.5199942193
36452.4739497937
36467.4611740358
36487.5533324722
36496.9927833906
36533.4927306242
36502.9872176783
36474.7194236054
36481.0160278124
36525.5164068147
36486.7027329777
36511.0555628502
36510.9217554043
36521.2982651787
36516.5976320972
36498.3836660552
36479.5937774711
36522.6742477928
36491.1891380784
36560.2758033956
36473.920498659
36503.0819177108
36522.3802407647
36490.256184991
36508.0903825321
36498.3538216309
36527.233801569
36506.2559970251
36510.7214350492
36519.606626901
36482.130176699
36538.9983691507
36482.7473191603
36518.503813778
36527.2887997539
36507.4837446094
36528.0654103055
36530.5836217304
36485.6142317389
36527.473242935
36492.9606749114
36501.8919694132
36474.7630988645
36483.14443636
36478.7128057558
36475.3981764854
36522.9807305014
36472.984338389
36519.1312359278
36488.2290580639
36503.4955801538
36494.8539479858
36501.5268086128
36497.7037640737
36503.911685504
36480.8554522377
36495.7441435502
36490.2168560868
36504.3098781629
36546.030285566
36539.2568715428
36498.374371395
36510.4535040238
36515.8322558285
36470.3874478474
36476.6985311243
36490.8463548952
36499.7695749515
36541.6663467679
36474.7274318899
36531.988775245
36472.6941430855
36560.5316937828
36556.0238562968
36552.1692218187
36531.7002664355
36530.7544969997
36493.578027672
36538.2451534031
36494.3810841925
36496.4392060602
36466.4496673889
36480.7371605642
36482.8660931432
36543.4036848
36467.5346813196
36488.0305399795
36514.8262693243
36475.6934465346
36490.6087240127
36524.5540357225
36513.6087370412
36477.2796234113
36503.2963664821
36502.4523250778
36512.4084398711
36476.5040396175
36519.6120955722
36489.7489398822
36502.6266455294
36470.9611687392
36514.1051886622
36525.0106345302
36493.567024027
36524.5472746691
36503.2378520972
36492.9448824226
36547.0483080862
36521.4395073564
36488.9817679345
36540.2445391056
36512.3120019453
36474.9817275624
36537.0639500632
36555.8851639159
36496.1367081447
36472.8201566868
36489.1858309407
36473.9532281846
36517.7172522802
36477.7872713144
36474.1457662497
36496.2588675119
36511.1037218982
36477.0152954604
36509.0538223722
36518.3160887291
36552.4640475532
36534.3420925826
36588.6684169142
36531.7443714372
36534.67867066
36472.415286445
36497.4080108757
36501.3405287703
36514.1411721739
36512.6912670955
36449.498172519
36520.2428090727
36542.3906224547
36529.906973444
36589.228962194
36445.0250810479
36504.555826059
36512.6614824507
36502.6348566182
36550.8489399449
36511.0389142513
36540.2866385844
36495.5123145068
36485.9422165311
36463.744626639
36544.314828404
36469.8412265272
36502.4671772897
36482.3417703391
36493.8611689606
36487.8416144853
36533.5907128155
36525.3771834651
36442.6777136489
36490.6055519267
36460.5441199199
36536.0885909768
36505.0741951681
36444.8285041785
36466.3521689633
36541.4361317744
36477.1135029405
36492.4931518323
36486.3516210722
36499.4930344884
36507.3194322676
36478.5298896976
36498.1172521789
36531.2968057025
36525.8896241527
36590.159606403
36497.8005011219
36516.9358402676
36530.9349960126
36492.3736506038
36537.0720099597
36519.2263941523
36511.4989351743
36532.9356043157
36498.6570501787
36510.5298703258
36477.2319954332
36525.1499877733
36549.2078197226
36548.3331897303
36533.0669147007
36545.5400651516
36497.712829975
36538.3627108305
36526.7956204061
36478.7771817246
36547.9987956192
36542.6404351431
36476.7811692266
36534.2492212134
36525.4096045525
36529.8231358458
36518.5613592883
36468.8055661106
36488.7947891265
36499.4144428445
36512.8858778787
36491.8489527607
36504.5476224877
36475.6186763658
36495.9021298035
36500.8369180206
36483.4010283911
36502.7856761255
36539.634564756
36504.0684951852
36456.0068718518
36523.7306446638
36524.5185283356
36523.4009860667
36518.8006281839
36528.8798723276
36508.82532467
36480.5612980166
36508.5025299997
36488.0578577315
36534.8778874738
36527.6312948447
36457.8035750457
36497.6594270202
36499.2568674676
36493.8264715725
36483.4565580459
36499.5300591141
36476.0017416252
36496.6466793198
36543.8407054422
36549.2620729832
36554.8421311572
36555.2375936926
36503.0732096362
36478.1614948212
36528.4387016756
36520.6679912008
36526.0833008875
36495.2564982975
36535.9784551536
36566.6018326342
36512.8100280698
36441.9472850519
36458.6118600248
36457.8414677644
36460.7081078802
36509.3090251701
36504.4407222335
36558.9884434863
36521.0848039713
36531.3451934566
36508.6467516262
36464.107490534
36478.1766247892
36512.3930862622
36526.6666305493
36549.3085056023
36517.613148718
36514.5275895769
36513.0316976884
36532.8957996609
36494.7016557533
36516.0021020035
36486.9557782424
36492.3963619739
36495.6308659288
36506.9706451616
36482.835698628
36500.2747628712
36540.2878280739
36552.3096188225
36467.7206907861
36479.3529474691
36446.2916849767
36564.2754926164
36494.6600224666
36510.4471308746
36461.0663855293
36469.0118487571
36507.5576496084
36494.6069293672
36546.4010072234
36439.8927512645
36543.580323549
36507.824942007
36524.0592115057
36505.7812254596
36493.5803878832
36496.6024143815
36485.7869420031
36518.0919533317
36521.8567430286
36510.299480267
36496.5952630337
36499.4888644293
36516.544707862
36497.8983983919
36513.3474777222
36535.7144762687
36530.0997555396
36472.7263563349
36481.2708482188
36487.1884346412
36489.0443912385
36507.050055717
36486.9164626847
36507.6878989672
36541.5404201973
36498.6987498466
36535.8231765675
36520.7858057734
36553.0106209705
36481.5914695813
36487.5557505334
36575.5659135086
36476.1519768897
36496.5581968889
36483.0992634572
36522.2625075798
36515.3189171602
36526.9100463442
36519.5787251311
36486.3845435141
36532.8290408406
36492.9949179174
36509.6295989475
36528.182749925
36550.8652673283
36554.0380461519
36511.7338456509
36511.2619423575
36553.6936481664
36524.9342240868
36486.265054537
36487.4453980324
36494.7609998457
36551.7916188522
36469.3975601341
36492.3207541143
36512.1329792975
36486.153734638
36512.2201925041
36477.0217342494
36526.1689082333
36530.215954791
36504.0619616966
36491.0821350265
36542.6095751668
36531.9617348589
36541.6774800391
36480.5507126751
36504.5270836678
36474.3924321561
36506.1581554555
36475.9339766861
36457.8387411398
36552.8388055776
36532.6549905761
36552.7396573895
36555.4701963663
36536.5441738424
36462.595590776
36495.7273063627
36438.1771116702
36527.1960732274
36487.4422953701
36486.7873588779
36464.228401557
36522.529243916
36492.8982252867
36510.8058467939
36462.6610479174
36454.7839967641
36513.7670046829
36496.4575664637
36521.0144433488
36527.5382085998
36528.2295747199
36479.1352449
36486.7095595866
36509.0960210328
36516.1271027416
36535.8261799123
36538.4342797709
36474.2395837313
36576.4430453585
36493.5971173767
36499.6326712913
36551.4840882631
36528.5015555757
36526.5438914743
36476.270103588
36489.128401154
36511.7286168389
36533.7151018446
36500.5758054218
36498.6962002603
36518.5299775736
36471.4323026124
36482.160165158
36499.625163629
36477.3092664752
36593.8365192199
36517.3895695109
36524.9970379656
36559.8331135931
36521.1096419756
36518.5966688953
36467.2979014681
36509.1469167239
36477.173612487
36507.9457026124
36539.8272153231
36475.3154801496
36495.6248279691
36514.0619558094
36491.5316154868
36529.8168545974
36546.252911615
36475.3004270267
36494.0418746301
36492.262104365
36519.3592463697
36488.4749980606
36530.1211326906
36492.8539828305
36532.8293469501
36476.1486714793
36542.1841112897
36497.9312746871
36515.277242076
36496.9835287388
36495.242807144
36516.4694941093
36478.5216921469
36503.0969233918
36497.7338606071
36554.7271898186
36480.1286755279
36504.7408475666
36470.9701151741
36484.8573253886
36458.971950167
36531.7948301468
36462.9288840098
36495.6744999292
36490.1453074105
36491.5735381314
36496.8802142144
36504.4013584389
36514.7486449519
36502.8153418965
36492.6603140132
36537.2003778693
36508.4123962817
36488.3332811845
36532.0505765431
36479.9759072756
36445.3299806472
36469.1065070791
36511.9108359594
36561.3741750244
36490.3842028166
36543.9150861602
36499.7274541225
36531.4455502819
36485.0944981281
36468.7821009203
36511.2370586017
36472.5913383956
36525.9271080955
36497.6992472523
36515.9929702475
36517.3522745673
36519.1691212977
36522.1749919093
36506.6554869918
36543.9179014096
36506.3796370994
36479.1882169544
36501.154392582
36540.9557851655
36498.54471535
36521.6156916189
36531.2723910766
36543.7082667842
36523.7181789998
36532.8063305012
36528.3197180789
36519.340128848
36512.3496427444
36547.2014649648
36537.7550292294
36488.3053130805
36527.4950602581
36525.0594538682
36475.741877572
36471.6304526336
36482.2025599136
36521.896538779
36492.4424302836
36504.1974836852
36487.3690493223
36497.9357008449
36532.2358798136
36513.140102453
36488.8785685288
36481.5227481389
36509.2667710435
36503.1497018302
36473.1242334961
36508.441485682
36486.8270208625
36525.2614492315
36516.5353479048
36482.1816214059
36485.5430551725
36552.8876747327
36533.211215448
36458.9404664038
36516.9676847885
36524.5695133107
36541.8155729513
36522.0419612529
36525.2259297314
36455.9312551862
36508.0228375577
36501.1388202652
36485.8574755496
36503.3961015785
36487.5243600987
36470.8540142996
36506.2780710519
36530.9384202406
36489.9264684424
36533.4301977365
36487.368909839
36489.446692414
36519.1707686231
36468.9572595363
36477.4338465541
36542.218458834
36543.3014535058
36505.2034092964
36523.9061540015
36507.4448496516
36472.0117790001
36465.2506741089
36505.641781654
36547.2805570354
36528.1430231043
36521.600839783
36502.5792559518
36522.4645817751
36525.5795604954
36482.4526654695
36506.2721374963
36527.3476009848
36508.4431249436
36480.9821136206
36489.3204014065
36499.0022519661
36530.0220517207
36566.3570026526
36484.57243841
36516.4673014296
36479.1524390794
36473.3584734009
36491.839147695
36533.1644449163
36514.656205125
36508.7688802988
36544.6253842798
36493.4769769014
36473.6007761811
36552.0344838422
36479.0884176893
36483.9705547346
36532.2466628469
36524.9173319514
36451.0705909161
36494.2981915343
36512.2978415178
36490.8568186538
36515.3919107051
36485.9738618594
36513.9737097244
36462.5259733245
36517.2887071427
36426.779037308
36514.1631938222
36486.8929975202
36516.3283453679
36496.6851777785
36532.8153142315
36506.9342685929
36537.3052963109
36534.1444010725
36501.3248923772
36517.6431599468
36482.5519953779
36540.984141452
36447.1189653546
36482.7633119357
36514.0522882174
36484.2931147001
36471.6708704793
36441.6772343344
36489.333541694
36490.8381667553
36511.9075777714
36481.6301026219
36505.3265849155
36514.3241991647
36493.74115534
36468.4263710924
36495.3039466436
36495.2049037348
36476.4357580926
36473.4894610745
36520.4043807298
36514.719019103
36473.5171819667
36468.6149500076
36539.2807938569
36500.1214453895
36475.608851096
36526.7448342553
36495.0921324957
36518.1531441412
36522.0098355084
36524.9295187197
36500.0190695509
36520.4881019044
36514.1250513
36507.8655468567
36489.0498537908
36509.391408568
36518.8045760385
36437.004211037
36511.8659257723
36505.122721312
36516.8556769786
36476.4825597251
36524.2554034641
36458.5936225287
36503.9274875834
36529.6403329814
36533.3591889417
36529.5050196635
36539.0683948342
36563.1402346366
36462.3265689433
36515.8394805714
36472.694286342
36478.4626343192
36465.5086572777
36480.9260711
36520.3011896751
36503.9835582953
36507.3475563294
36522.4230031212
36545.3609072948
36512.0176876702
36536.1279473018
36499.5999994648
36481.4050588188
36466.3991465496
36471.8290202701
36505.1812415777
36488.0391462404
36508.2761239639
36453.1032599392
36557.2390568451
36525.9897388184
36471.2541402388
36485.328537189
36495.8657148868
36538.3158685757
36475.2362869515
36528.3435696852
36508.0131407018
36497.9757033576
36538.6738793951
36502.6296326024
36541.0312443518
36505.6926116392
36533.4932423352
36474.0594443171
36495.8160585609
36540.2311912994
36532.6721030492
36574.6104360223
36499.6138527941
36489.2770086332
36506.0047573752
36504.4049367977
36509.2343665315
36496.0754520412
36474.9019596405
36549.9404314472
36504.8918980411
36479.2791642036
36586.0433367184
36489.5358904701
36447.9437384423
36523.0992117678
36516.1493508738
36497.9292148248
36484.3388799828
36481.7861793928
36509.2024580176
36473.84009126
36512.6624729493
36545.5402871546
36496.5064594022
36486.395982355
36515.2885090787
36501.444635774
36497.3266639246
36474.1888644866
36489.1869799243
36514.1459193078
36545.715683478
36478.1753037618
36458.2702339276
36527.8237178608
36534.1050401727
36488.9538894025
36453.2720805457
36541.9336609239
36521.2253876038
36465.414110362
36511.0735865671
36541.9635180043
36502.7395398561
36465.1371928264
36556.453684217
36498.2823401937
36484.4916446883
36539.4743918032
36485.6387837512
36507.1561176175
36527.6451732582
36520.8023444727
36478.1163094
36491.1183299539
