36471.7128167998
36473.4984522716
36513.7053453046
36475.9929528632
36526.6081815791
36515.2496503794
36510.4876770942
36518.3733472381
36459.5885336815
36493.6114218846
36518.2535379103
36480.4839100347
36578.2418372618
36482.5085129155
36494.49577838
36469.8755276818
36480.3503386212
36485.7683825005
36539.3160057534
36484.7600200214
36490.1255824614
36493.6976291147
36463.9183521142
36510.6995158196
36485.4533132706
36460.7307175055
36520.975585595
36477.4097187983
36530.2792436084
36469.8243528009
36490.660320135
36500.2234986634
36534.9371778093
36485.2196609874
36471.6150319928
36497.8226615604
36528.6696237428
36512.7963681943
36530.4456882983
36477.3939395323
36482.0107301236
36444.9316862088
36459.2635069215
36497.8125039279
36524.3289787495
36480.4064672597
36487.7982083235
36496.0434309355
36460.1093064876
36553.52023719
36550.5883334745
36453.3571663879
36483.4229234197
36561.0942906133
36449.168108684
36528.1079606972
36492.8421456607
36536.8629558477
36515.1662135139
36457.8929885386
36507.1243503619
36507.3884552204
36519.2156013105
36517.9483199269
36488.7118710663
36490.911369084
36459.0689103653
36467.0324661366
36507.71332688
36545.4489330041
36494.6088561484
36475.9378749962
36485.9153314184
36538.3518309441
36530.0898000349
36561.0871135391
36488.6520140864
36509.3753507123
36476.2480745902
36468.6109884942
36494.0925143852
36485.164039421
36478.3131085872
36484.8658689963
36519.7897100056
36494.0960222503
36516.9916353584
36474.7477301044
36486.9966621331
36537.3481976739
36479.5601873563
36462.0240442905
36528.2156003313
36464.6659084943
36552.0123930785
36487.5683026018
36491.24103164
36425.546525068
36511.2319669447
36562.9626760216
36523.6699099037
36500.4170115596
36549.8852114629
36512.2133954048
36507.7658441548
36546.97860692
36471.74648035
36427.9381765458
36535.8051919654
36451.3664956642
36530.8114434566
36439.7575910468
36462.6248541464
36483.039614537
36484.5785923441
36470.3921004511
36508.5591570346
36505.6877969117
36530.7687473084
36511.4130677904
36449.3096144688
36497.547024036
36508.3477671102
36497.7360390136
36522.792209216
36534.9086277288
36420.4760158495
36449.1532084597
36440.413066485
36466.4429204865
36464.4977476002
36496.5447344596
36510.3863864346
36498.6025039144
36515.3711589283
36496.3622224943
36514.0485588975
36463.71010371
36565.6277552229
36484.9156231613
36515.6770689256
36541.2385838988
36496.4662296898
36522.1458565606
36520.0745140332
36541.2890450478
36459.3643338619
36519.985854575
36530.8796432383
36509.5815484434
36524.0784719428
36525.7070234446
36473.7360440798
36501.741524645
36520.269505132
36494.2745407926
36537.5561462876
36475.4784742851
36454.8939253852
36447.1009211082
36483.7630658258
36480.7622007514
36521.6667038527
36516.7037389866
36506.6133998362
36498.0335592927
36478.5243799688
36518.2908149372
36478.894600523
36503.3152117183
36469.3507496272
36510.8004751054
36480.4810684034
36529.5621585315
36495.8955878886
36497.5118728875
36468.6897011877
36559.4876455175
36467.221370116
36512.7103097002
36500.6079954566
36506.2849864367
36552.6184524667
36467.7866709742
36505.656474609
36586.9137029703
36460.7488681453
36546.1666357805
36443.0489161794
36516.1205304284
36509.3674508705
36480.056978751
36470.347386685
36459.1176378624
36494.5028561042
36531.0762864462
36536.5091925437
36585.2273671627
36460.2479530389
36435.6620498047
36485.115133004
36553.3722343655
36475.306970272
36479.9752698192
36504.7759008658
36454.7121480975
36455.5478683905
36500.3247130003
36542.8753955975
36538.2716285072
36519.4400611734
36547.9133836393
36558.3507680984
36522.8759622216
36507.719792241
36518.194257655
36481.2929466464
36499.7224757101
36523.1344676858
36426.9082901049
36497.9174223294
36518.9405584052
36449.7439281865
36505.2935373463
36488.5522095826
36537.5713515566
36507.133711073
36524.4355419714
36473.8545363567
36524.6224394584
36544.1215779965
36536.1742384057
36519.4109935702
36505.1839735468
36510.2837494561
36539.7647793625
36545.1570435354
36480.7816450955
36459.2325388559
36512.2366091867
36464.728440226
36438.4404350774
36512.2894096647
36484.3453273361
36468.7182555382
36544.4015896023
36442.8941373117
36501.1860960372
36483.5745230256
36563.7718330079
36527.6491259973
36514.740125845
36438.7279357294
36496.167754915
36481.5608810703
36501.9794545768
36537.8243950908
36533.2812427693
36446.7556977482
36446.2740629688
36506.6108931169
36490.8166781302
36521.8949044581
36528.6145300291
36536.2952406552
36461.8442615142
36461.811842737
36519.3686055981
36454.2225465688
36608.5647149077
36460.485498231
36533.0670557989
36469.3316629483
36456.492773754
36504.4049220821
36521.1274524568
36473.9155795402
36513.4907634744
36513.743369207
36472.0723655943
36481.5046461349
36543.7473440007
36510.8356912382
36507.926289861
36517.1899650581
36499.8699075621
36501.264784734
36434.3917546556
36503.1530324517
36552.0412917413
36479.4114691494
36489.7934313327
36458.5058267964
36551.0186301718
36451.3103841798
36524.8091991292
36460.2160598088
36462.2701827027
36518.695024756
36516.0006361251
36483.5008365166
36474.7760454925
36497.521280394
36502.6694282534
36477.6401901716
36515.3330002988
36574.9294577672
36506.2887244873
36485.5103941865
36478.6300070665
36472.1411874432
36512.6472212279
36479.2973954066
36489.5020187925
36488.9790047807
36469.6356859085
36527.9329457173
36552.3000868262
36500.8512761676
36522.464230215
36485.0611852397
36477.8324347654
36535.3789885896
36473.4251327224
36528.840931515
36507.1630504143
36479.8818723983
36474.391171976
36501.5454693491
36540.1277214723
36493.7206095844
36520.0853374691
36485.8113464164
36494.1375687992
36442.37663541
36548.084433296
36479.6848756892
36511.5579222871
36531.3696622287
36499.984091105
36489.9666324879
36548.5930486616
36557.1932446875
36539.9908462108
36498.0514080242
36495.1231697547
36485.0926655892
36444.2824171917
36505.6884332166
36490.3676149418
36524.4623971791
36534.019585278
36458.7344753426
36434.54029315
36535.685913002
36440.6031838304
36564.6376407987
36489.2253616767
36485.5592292055
36509.3462970336
36473.4441593985
36559.6740746658
36454.4157738207
36469.7826848989
36480.4026779335
36460.7702328703
36538.1963439905
36492.7673312013
36510.602031621
36449.3345205271
36493.0248807458
36525.3596276733
36516.4984562144
36514.5288136955
36551.4125546131
36440.8196557608
36491.5191115939
36494.3444223242
36451.9184174959
36570.0270131219
36523.952559902
36440.4486100099
36521.8561434521
36492.4289360285
36486.6528531423
36470.3481927937
36503.757560758
36435.6057569709
36485.9207726892
36494.4853138533
36476.4586359259
36475.6738962312
36504.3850337648
36504.6284982136
36546.932453323
36493.9585607662
36479.9254012874
36526.568438073
36485.1014035704
36548.8900666562
36452.3580331086
36462.5083161173
36504.0597496444
36462.95244971
36457.1018126952
36525.9553432119
36532.5871959616
36501.0336623521
36495.1081134049
36462.8746681489
36442.7660498643
36432.2729917114
36443.780372212
36469.5292649969
36496.299427434
36516.2333108443
36463.6673129143
36504.7983909796
36559.7381385645
36446.9932474706
36536.3409715156
36502.2636697071
36453.4375492101
36457.0575401254
36499.6392997007
36568.4895478834
36495.2414316555
36459.1614731203
36522.0162372593
36489.5679057096
36411.0407414828
36481.6834083669
36526.2379977683
36461.8954446899
36524.7283940655
36567.6769228773
36518.5754820073
36536.0739201656
36482.895193082
36542.2396937595
36507.6707670956
36482.6633800766
36487.9159837828
36519.9931615676
36563.5927898092
36493.1360015641
36485.0240988645
36490.60818436
36442.4535643335
36527.1413755884
36492.1961693082
36509.4590111086
36508.6324209311
36505.1108367565
36477.4841479814
36502.664788027
36480.9929797544
36471.9495791355
36494.3514997848
36499.1716745411
36494.0596208925
36499.6826842533
36441.8863993847
36455.4025107288
36496.7408781302
36441.6242816715
36510.8369613004
36523.7247018507
36489.5411592237
36481.5481672994
36489.4699521785
36457.0354391903
36513.0882429522
36502.2759706982
36416.5951510844
36525.0568054776
36483.4416061283
36471.1338297847
36497.9681573301
36482.760083246
36506.350440138
36530.2314887857
36569.3665860352
36512.8133661635
36466.3677714389
36532.5951164046
36479.0167941503
36546.4326396859
36491.8715768652
36460.7993969639
36446.3003195401
36525.0999436853
36534.6077194462
36539.6145639005
36465.6275911299
36498.036505212
36477.084998483
36512.9574235072
36485.7121306539
36493.9730999442
36452.078641927
36533.2300755382
36561.315129283
36442.223528093
36546.1629073857
36486.1956179167
36534.3534641364
36517.009517896
36515.0627303984
36461.1258945968
36532.3850403537
36518.5439314778
36462.5483373071
36497.4690166397
36527.6261962458
36523.4682145676
36516.4856267034
36467.3181297688
36516.027809812
36508.5402556021
36522.5803967397
36532.2640429502
36500.662198702
36509.0894272464
36476.5914809344
36472.1429724006
36482.6316135615
36480.1658673442
36567.270212052
36528.6316440968
36478.6514783902
36485.4605660249
36506.7824670213
36485.9422926835
36509.0279785339
36506.1580884265
36479.31247886
36501.5322595027
36559.5586391975
36536.4465056369
36487.9978455036
36438.1255046297
36484.0042869763
36531.6771746795
36496.2318351284
36541.7764449814
36549.5079596315
36489.8799618974
36496.61323475
36493.2974626378
36506.5120759989
36440.8082357275
36449.2863283971
36469.4920642533
36478.8774875996
36494.5437617796
36516.752740139
36473.5113918716
36541.9385922175
36468.0848733172
36544.6817072413
36526.0879061118
36514.0791554419
36489.0045324077
36490.0631973156
36531.9245480095
36515.3960863896
36506.6751266463
36515.9507990672
36492.499246513
36528.255181989
36520.8917604623
36454.4819590532
36548.4010519386
36585.2223551366
36523.090769555
36494.5996028975
36485.604150329
36485.7915915219
36511.1355103763
36579.1647726449
36535.9683008702
36464.4018277842
36463.6015064639
36472.4937837756
36492.2501046771
36521.1978475992
36477.9766368702
36473.2806528673
36501.0886026583
36439.1414646791
36530.1377022319
36560.1830887353
36556.3418032789
36503.2972615722
36552.0732359314
36453.6079999488
36508.6530457153
36536.426145761
36496.5682054214
36497.6214666651
36487.0563325381
36459.1746145081
36509.4691436663
36504.7091754869
36488.9484558465
36476.9980034804
36474.3159926834
36536.2479359342
36546.4422170405
36506.7327356149
36499.102284377
36535.2820135726
36509.8310515723
36515.6562787186
36482.0588647975
36465.8453559521
36533.562523933
36474.0991494659
36513.1888044103
36471.4747742352
36522.0655211588
36474.3741661673
36478.8249364067
36462.3503938125
36484.1422225807
36503.9087855782
36600.2693610716
36472.2619998227
36448.794477048
36486.0890073709
36516.1609747298
36499.1541300284
36505.7867395463
36482.2989264547
36483.7026487082
36557.5286251186
36510.2896525561
36486.7949826428
36459.9636582303
36498.7096914483
36553.3044327084
36602.2934002489
36476.3657095953
36509.2453070343
36499.5391939339
36557.3035628855
36478.7049493196
36523.1852052255
36493.3672254853
36477.7611730587
36479.4276213533
36552.6312384025
36503.4906689078
36480.4395146952
36500.2927175013
36496.1615106087
36534.6131098517
36485.4508163627
36551.9385945146
36533.6951810535
36537.8880494809
36496.7940537841
36517.3200562006
36557.91323446
36475.3082043759
36474.3439888364
36445.1782630129
36481.5698746636
36474.6371093928
36503.8646332864
36519.2759161404
36478.2821934624
36469.0998303756
36535.3712825247
36580.8117772495
36499.7841162828
36567.8180541007
36450.1800075185
36477.8181053116
36450.3906773922
36545.6983649329
36488.871330173
36500.4280913455
36526.1031753446
36495.2450610158
36480.3767114674
36487.9238349219
36510.3595075418
36518.1431785608
36448.4083937049
36474.9643083079
36488.6354905681
36492.4300151929
36595.174841913
36584.9539458768
36638.189951071
36460.0152124218
36518.9681302802
36547.7602105221
36514.2038450742
36619.6350974074
36520.2226016874
36557.4586595009
36453.9310028396
36533.2106162349
36487.0008326497
36432.570692959
36548.5378313649
36539.7708604096
36446.9223912006
36473.0239687329
36508.6611642613
36481.7987194137
36532.9528661681
36529.5453927767
36486.1872046248
36485.3566583644
36508.9493428564
36537.3306587675
36548.8271253251
36488.2268437251
36528.7468895704
36498.2676326744
36496.0519317876
36417.9202252712
36509.8769419988
36480.5985175309
36531.3132861204
36496.2086809507
36468.975206058
36526.5586207356
36493.5449110875
36472.2134910682
36555.7513638683
36491.0933383626
36467.8491223261
36544.6288029815
36502.78587753
36465.540045932
36446.5301534646
36509.7438636636
36549.6099097533
36526.1700968931
36499.5573064815
36492.5247496172
36529.2196748257
36467.1673076965
36513.2645444512
36471.124375713
36545.2230968431
36474.546433173
36496.6876984855
36502.793428576
36438.3347599224
36476.6565263712
36478.243685235
36517.2306768196
36497.2549304122
36473.4615103861
36502.5120473344
36506.4189305764
36461.2767537888
36550.9414637899
36471.5893865767
36474.3306340612
36508.0550022425
36470.8226714763
36486.8645491972
36439.5491465552
36582.663155366
36560.938122813
36546.1013093421
36513.4119105384
36542.7104083129
36510.2350769763
36477.8848948768
36475.4710889482
36454.4853041369
36498.5442445931
36565.0085159478
36583.9756541426
36519.74649414
36484.2256077793
36413.7734533017
36470.4063220005
36484.0237404535
36477.501430755
36505.2026191296
36478.0483044905
36473.3114522099
36494.5442723832
36514.2626399085
36529.6915549221
36502.9337081292
36479.125661182
36528.8623086297
36503.3464133501
36545.5210581106
36509.8727383795
36471.4975628381
36500.6287207387
36430.6406235407
36465.8988733885
36445.4567323545
36507.9462088344
36456.1792558667
36499.1139340295
36505.9238611111
36452.7558425739
36535.0941949014
36480.8746185608
36478.4944716723
36544.8026697825
36483.5369596638
36525.4545372494
36464.0357288367
36486.2298603687
36585.3281566446
36520.5091299331
36481.587026584
36571.8791919098
36425.4268986834
36509.5208151764
36525.4225029762
36534.9110411643
36520.9291988408
36517.1272730721
36504.3582706498
36550.6068822598
36551.7010464881
36504.5822106319
36488.6466983578
36493.2276708255
36513.9295165467
36493.6564857529
36484.1615499538
36436.9337027683
36505.160700569
36513.8886191788
36503.2859384291
36478.2417789196
36499.338788696
36545.8980544323
36551.4827511268
36464.7126825994
36518.0938587328
36526.5629718257
36559.9853789713
36466.6661359234
36538.2147061807
36474.8618045037
36517.5287941559
36492.143481155
36554.0885841439
36478.349796613
36466.9386876816
36491.7558013712
36493.9953539801
36558.2112746131
36528.1823941039
36578.6705186243
36530.5837207942
36478.6122969666
36518.9497644394
36474.0659232087
36467.680744021
36499.5260699628
36479.5180513845
36549.8577999288
36558.6751445195
36474.3137746525
36479.2923654242
36523.087760549
36483.605803263
36495.602333236
36450.0893256333
36469.898629296
36492.607356526
36482.9183709632
36477.522349505
36479.1215160498
36522.2696012748
36495.7826203101
36481.1908076965
36507.2828622335
36539.9681077051
36550.1482579731
36499.7339825453
36541.7066158035
36499.4130846093
36472.2414590498
36499.7006224545
36524.0122539371
36501.1917072974
36555.718225383
36518.671674086
36488.1725794505
36574.3074491262
36475.180998844
36533.1952567071
36516.3030139161
36499.4090806556
36456.3381824537
36488.65207643
36509.5460179327
36524.8546072203
36449.2797598487
36473.7356880253
36514.2751039114
36495.2665985464
36462.4151154153
36525.4575727897
36544.8826849131
36525.0651574026
36532.6428085978
36469.0963602721
36457.4432720078
36520.1480016937
36504.2209682394
36568.9393591539
36470.3413871173
36513.0088341694
36554.35374349
36471.1176697128
36516.2224732165
36473.2664339519
36533.5125673982
36564.3416057612
36455.6603620249
36486.2306289564
36410.7983904013
36453.9834927029
36518.031851873
36571.2791754473
36488.2219048723
36492.9816915763
36501.9043677797
36443.2652033248
36537.3788791703
36532.375081363
36466.5240807295
36503.1651144068
36484.8263952158
36506.804219312
36564.3158575238
36473.6010536051
36505.1255910789
36499.7227978667
36572.7552994638
36491.574198957
36502.5923493945
36487.701047909
36455.5896680912
36511.3024536599
36550.6324381912
36490.0118164625
36458.477622674
36521.7264097306
36469.2056896506
36461.6205850077
36475.3649496208
36512.6737940511
36487.1422542246
36447.2811957866
36568.7707908498
36439.6895908829
36445.9320224622
36478.4892788236
36450.5815733703
36494.1373009266
36496.0842944876
36548.3455608219
36501.8810393495
36532.2007443066
36503.2299145925
36485.6124183132
36559.2428113594
36461.7229641883
36468.2609092008
36447.6127666755
36530.0081594742
36530.7381685618
36496.3125981699
36501.7212641579
36468.5929252355
36505.4579499722
36448.2217222373
36494.7754699081
36536.2367914738
36460.8581169063
36538.6353268126
36500.22235489
36531.4721443429
36492.2252398362
36490.4385139593
36498.5553744761
36496.7371302932
36494.3630737385
36488.2440193533
