36613.3079364326
36460.5381032186
36531.9140075743
36579.1993885035
36574.4857983112
36502.1536096265
36496.1420279599
36519.5079536118
36512.6450110623
36524.5890705789
36577.9621102437
36496.0325805554
36547.3791992498
36563.3948795848
36500.9414739451
36534.4043308321
36507.3409579649
36607.9812385606
36568.3751481124
36484.1753134714
36505.7673184815
36501.9012320129
36471.5364887886
36574.6078039583
36499.3333010973
36543.4009860467
36536.9333939287
36471.5331398683
36515.6512182508
36557.6490908081
36570.4335245057
36493.2248484551
36562.0501753072
36566.4361128679
36516.0599972724
36529.13575483
36511.7016836022
36524.6426099913
36507.8722869509
36509.7115537133
36573.058102268
36519.3417699624
36496.597090205
36572.3547429303
36505.2311486515
36493.8404674602
36596.9309874598
36564.8221946163
36536.6360013813
36541.5302935164
36583.1400832449
36493.6802938318
36505.0999419185
36432.6990943938
36571.5701805408
36557.8037522745
36487.2729894395
36462.6392873958
36441.2047784896
36518.7795181373
36547.9143716832
36435.7591496496
36508.6380541439
36451.2600441592
36607.2650512036
36495.7414609239
36472.0193919005
36542.2301158765
36511.1178865206
36553.5275449505
36512.4043209575
36587.3237267061
36559.5659107512
36522.3479678645
36530.7267297854
36506.8493375964
36570.4045786864
36618.4575488627
36546.9577088901
36538.2795284828
36544.8383625814
36455.9994926317
36558.2794562412
36540.7115715332
36509.8548156175
36503.4153142126
36522.0351477556
36494.5544907069
36512.3237797475
36493.330870442
36484.626432761
36564.1956857603
36534.2690052324
36444.3452160947
36524.3191536437
36473.9810560952
36544.6856580135
36580.6942556198
36449.5458042695
36518.0411642542
36510.2058984424
36606.3590867704
36552.6333598049
36457.5258995088
36527.538495511
36523.3609027642
36531.263081499
36551.7494482044
36483.1017827666
36519.8648319732
36508.3640857785
36501.7566616417
36540.7716255484
36610.9203239747
36515.1352201661
36509.4828263368
36465.0729896551
36510.0869020764
36608.2130644371
36532.6146784313
36580.9480480296
36524.1984876037
36541.5257181123
36487.0618687552
36570.1325653565
36524.21128773
36528.3869839816
36527.3217663878
36553.1004157004
36516.5979099252
36593.448775525
36541.0212478163
36491.3279894281
36497.591642028
36557.6224762155
36506.0328698536
36525.6235061618
36529.149988641
36572.6535733512
36442.2367383406
36612.2931207261
36533.5124697771
36498.7378620948
36570.688531273
36571.2152318694
36603.7099281196
36473.5330871663
36535.1862167948
36529.6895762382
36484.1806553666
36490.08685357
36531.2456229994
36558.9517159639
36473.0137481462
36527.4927126954
36517.8881656076
36497.034129597
36529.756664539
36627.073540352
36561.2467686658
36621.7916371039
36502.9539777913
36469.1362699516
36503.1190519168
36542.5086425798
36526.0492825457
36516.3749300888
36530.8075983271
36483.5098154138
36526.4572763255
36568.8590872491
36543.7501606179
36582.7525355604
36570.4883646925
36505.0852734312
36491.1709570629
36595.1618311318
36545.0619081467
36518.9234625191
36540.0578620434
36574.7427514886
36478.4434009732
36456.9724332896
36472.0762495297
36519.1902173412
36539.9074658267
36552.1225803053
36524.1679929411
36553.4246976354
36483.9872963197
36485.3500209279
36545.9747938879
36496.1650356177
36462.6724899819
36498.5138906022
36500.2371502444
36558.76412381
36522.3460978632
36502.1617001332
36484.7906537326
36516.425730758
36623.0442606469
36536.7013348703
36463.2946194183
36514.936600493
36501.8289415838
36476.4016631342
36489.8074229986
36519.9361335669
36577.1307396613
36562.2939229673
36526.2452440975
36521.1672933975
36528.6497832986
36488.8711126102
36460.7070693138
36531.7332230067
36533.7676261249
36469.7617922911
36562.74586641
36552.2210139414
36486.0894435519
36575.365467061
36477.52043499
36548.8932233541
36537.2148376659
36461.6332189644
36476.1678945592
36535.3406364975
36481.5597751389
36585.9615857781
36572.2917468438
36531.9836104592
36468.9537415152
36537.5139959771
36509.6918538009
36567.2947896658
36493.3204441657
36513.2440218239
36579.0429695116
36505.3568730998
36496.4638297769
36481.8022035277
36480.336421331
36459.9419812135
36490.0420635083
36520.6535840903
36499.9476959916
36504.7920643843
36548.4288528448
36529.5476618222
36454.1652161603
36486.2045328583
36567.559724108
36540.9966740548
36467.076760019
36538.9250626963
36475.9424331251
36476.6452786025
36541.109072418
36506.4016019059
36501.7688873441
36570.2239147883
36510.2053444185
36523.1785404417
36503.4102991648
36520.2865705997
36447.6064139526
36567.3346918744
36595.7703327997
36505.8765107874
36485.0149864031
36539.1940170108
36536.6400357958
36570.4943845403
36447.2130171564
36534.6922213334
36597.3075686812
36463.721516738
36532.1788589639
36590.2698349452
36566.4497876831
36477.5818176858
36519.7304011774
36567.0168588028
36489.1792904455
36503.0653761138
36524.7863348823
36587.9638827448
36533.2145059078
36532.1243445552
36515.6839235384
36497.6154084628
36507.2301715987
36488.6827846655
36480.6106907957
36481.0169085766
36518.7882230294
36573.857815744
36474.9433783947
36489.9047396913
36463.1564706696
36517.9704885131
36494.9146604996
36584.5798472703
36550.7683098426
36540.5158081769
36547.4163908911
36523.7218213811
36540.3997316606
36533.2343441187
36518.6841728759
36527.5760776532
36592.7607734924
36646.8583997159
36492.7698291725
36486.5076256117
36565.6045725948
36518.4286386459
36604.6147180988
36557.1500313951
36542.1536069141
36468.2536993058
36473.4325793625
36552.666074336
36500.968717093
36549.1701319445
36536.6645912143
36532.6761786795
36448.6765033633
36425.3046616713
36474.140450957
36484.5995576003
36552.4490995584
36568.4424802399
36478.1417790615
36548.9221294427
36516.0221573616
36543.3435662808
36602.6679371341
36577.2826988927
36396.0622995039
36463.2408035641
36518.442384926
36584.392047515
36561.8551987713
36484.3072056281
36594.8616280982
36618.1937773022
36505.4140565829
36490.0497142289
36602.6742382457
36500.2333431706
36498.0078044478
36559.7916743215
36571.6997116355
36515.5641266985
36568.3197237408
36600.2170317838
36522.2015034176
36592.8309466309
36527.5658395148
36484.4790085188
36515.6892323662
36513.3438690563
36489.947165698
36611.2555318694
36510.5378567946
36549.3386825097
36496.4900844114
36505.9602583561
36446.6538296293
36515.7570921944
36456.564875872
36494.1682488302
36532.0952602151
36465.7553805591
36573.7052349894
36527.5289678369
36504.5425000221
36568.3348869647
36555.2736223451
36538.0232223979
36487.9949867192
36562.747168933
36510.5188761337
36551.1500124251
36520.0392040099
36530.7188275856
36487.5470314765
36522.1653737721
36498.7644431152
36501.1195114398
36491.7210334501
36521.7817063783
36582.1375539438
36530.3210639783
36558.9858316596
36574.9193854271
36496.8414917169
36514.2864475197
36516.9167987162
36535.9645778343
36531.8205704427
36516.3208035366
36569.174809369
36549.9343384499
36447.3417526695
36505.4532489956
36519.1272058889
36531.6765581411
36498.8613485401
36504.8735476089
36560.2676199217
36512.8343635956
36511.7686999137
36516.4067020005
36492.7759763807
36542.6440979261
36487.8210880935
36541.6971155502
36542.7875913599
36487.6540931882
36556.5397962753
36607.403428418
36507.2188548415
36545.3784225256
36554.7848532684
36560.1951777584
36545.2166935008
36505.0522062029
36432.0103554481
36468.5880528412
36518.845776171
36594.0405660027
36588.7117810567
36483.5085003909
36561.769789476
36513.0886618937
36502.9895220342
36521.9420814033
36576.9449054458
36490.4113189464
36551.8326457095
36492.3653832729
36537.6358782504
36520.4258149013
36519.9122741877
36548.1650995124
36509.0222648364
36485.91893111
36490.4258677306
36573.3998017313
36549.7318617376
36533.8591644873
36499.6991089355
36504.7371045707
36514.5328767311
36567.4047441623
36594.5978548316
36536.7785722503
36565.0264529592
36516.1077094266
36516.5766572061
36523.3819658962
36501.313059933
36478.4442825516
36512.8972040523
36503.4629409334
36527.0936360219
36564.0016977206
36566.4020112682
36537.3273009679
36542.6083577874
36506.8287189849
36552.9649338992
36520.2372815591
36468.2987979335
36561.628855694
36511.6353493146
36544.7868953273
36527.1240711904
36437.4424249733
36547.02469576
36621.2060479978
36539.3632946144
36479.8074569206
36495.4598698785
36479.8235187246
36627.8406395029
36535.85916507
36569.2434162152
36465.1565150516
36566.6798447504
36551.4994721495
36463.2261212532
36513.7558508865
36468.6715150773
36587.1262330427
36510.8919731484
36472.2626295594
36557.6641842696
36606.2635443399
36534.2493725351
36622.9167415149
36500.0188765552
36556.7680402633
36556.6735007248
36576.4705311287
36560.1756363416
36554.7314730023
36494.877965565
36536.3766697415
36495.2058517059
36515.1840730788
36544.598878146
36524.3670073552
36512.1497477691
36492.8076058348
36552.1142604218
36486.7851007407
36598.0067368848
36447.6338529399
36521.260966934
36561.8398741258
36572.541738705
36552.9725492286
36476.2338943365
36460.0114083152
36504.4304380873
36437.0441386558
36478.8723181221
36619.0020435754
36559.6150784901
36479.9252856635
36523.3580135521
36494.3316118328
36582.6728286426
36543.2447288876
36497.5059603203
36506.7919587077
36491.6765399054
36546.8418337111
36557.1435843926
36517.0814740493
36552.5298097673
36588.4283266222
36514.0551163681
36523.6713141127
36515.6261514349
36433.6489186037
36490.9859605955
36546.2669863665
36552.9281790573
36569.4330477832
36538.7868180446
36530.5921823753
36581.3452330498
36553.5084277898
36561.43833261
36588.0076337211
36518.5601306572
36576.0228934885
36563.6090869246
36532.6543621933
36552.9040787175
36557.8556126469
36505.1333208542
36568.111458388
36575.7387475138
36549.3915701185
36557.5582895814
36523.8838851912
36483.4903378822
36499.923007763
36484.6436512654
36557.0647024077
36515.8051931057
36531.8500643938
36514.0641516553
36590.5975318155
36540.4171788746
36565.6784031057
36502.6567040305
36478.5607856488
36472.6165675775
36512.6813940928
36526.3767374561
36469.9550700782
36549.3126984877
36527.6288108654
36541.4622885766
36584.0573998926
36604.605219663
36476.4786134363
36553.0980273084
36537.6208643988
36509.0252508232
36601.0407868213
36518.6491049529
36571.4647934932
36480.8550693364
36526.2614567939
36510.8730735462
36575.5076499905
36498.8771662752
36643.1266588864
36498.1742695368
36534.6115022297
36442.6666835919
36505.4774921211
36499.9586978152
36524.7055007324
36530.1459784089
36504.3129824811
36472.3479838168
36502.4553319275
36535.4605748952
36582.0066241091
36571.6316783063
36516.2670488049
36541.7020911313
36578.883109451
36487.8051178109
36515.9293772164
36466.0597104212
36497.2273588797
36568.2059570655
36534.073102158
36479.2676024064
36552.15230919
36555.2450896786
36537.5369252912
36579.8997018315
36527.1074904949
36442.3957859713
36482.7724925367
36509.5692609989
36471.5575897711
36514.8096437516
36446.5156172759
36567.1078524854
36484.307034743
36547.6373431907
36557.2521813883
36574.1837610243
36552.8473492004
36601.4767773851
36535.971480954
36593.4251653489
36479.9124135503
36520.380600977
36578.3001073939
36543.5248403826
36614.7342026372
36480.1889865141
36563.3605059248
36501.7814324186
36512.2954807527
36530.2585741169
36490.8055702434
36470.3397336437
36552.1688983408
36537.2543218323
36499.6826554029
36501.3959529036
36490.0174529449
36557.6861881763
36505.9624973065
36528.6825110595
36500.8363421983
36532.8408248694
36516.0686559778
36493.9983681059
36542.9196013767
36561.8212733932
36438.8711217306
36494.0842055788
36592.6103641295
36606.1675280287
36480.1238389174
36502.4295040381
36541.2261158097
36549.7113005097
36499.5174257875
36578.348005911
36436.565475803
36534.9561674618
36485.8639611173
36509.1487370784
36545.2575805805
36458.1274477294
36531.3066210001
36529.4068114914
36571.3010142963
36510.8062720191
36456.8906167987
36462.6483687113
36485.4916047835
36527.5635575964
36534.837570194
36503.1082588864
36484.0132853423
36525.4649233517
36571.6388675411
36473.5253906464
36507.4260827077
36511.3248971947
36469.5982538741
36491.634822228
36473.2776985577
36541.2260029124
36602.8320808955
36546.8268776751
36510.7154247824
36590.8408850806
36571.3017371005
36517.3413316348
36520.8560825639
36536.8631071258
36516.6942930484
36486.2490068745
36583.2635152963
36471.6036483617
36544.8362542665
36517.8900165214
36532.31899749
36437.0871951867
36536.2663167493
36520.3876060135
36501.4751131074
36514.6770271405
36597.6171959596
36458.3707565111
36495.5626699284
36534.9696895642
36492.1542937565
36540.627243875
36530.8101985372
36563.5982336213
36530.7751156226
36558.0758020176
36489.3316015552
36526.7369578849
36514.2403470718
36532.3762782903
36526.0897350468
36573.6571111841
36462.1216960662
36547.2350563774
36499.9263283282
36457.0117277984
36547.170970514
36490.5107523856
36495.0906817888
36553.3063352324
36486.8182224009
36551.7672092099
36530.4905949515
36557.5048870102
36497.6093760714
36525.9108499872
36559.9344071684
36483.458315123
36503.7520840991
36496.428624622
36505.5794120062
36567.1831183815
36485.8577151124
36504.0845915592
36469.2671858184
36506.6894303168
36544.2058519475
36536.9346111087
36525.2862627414
36502.7730142427
36527.2344371037
36497.6107431024
36524.7001528841
36558.6882606399
36463.8076886468
36527.2795169359
36461.5797283329
36551.1828322347
36498.5762682197
36533.7486299571
36542.5242182804
36474.2343867248
36520.3944270006
36518.4355435337
36471.4941467816
36464.6486996554
36481.506089465
36563.7661173375
36563.2407603278
36526.28387928
36558.6588292836
36487.5997376797
36469.3097372287
36513.9970645906
36496.8348483597
36576.1005173606
36565.0646867754
36435.2009322463
36522.1889494853
36577.6584987782
36535.5356261276
36484.2876332012
36513.246611318
36616.012179598
36565.0876002722
36542.1526620157
36533.3986125065
36483.8880078287
36498.4496131735
36463.9925434044
36520.0949214589
36499.3078288968
36552.529478561
36474.7674878709
36486.822353854
36528.4450522216
36558.8319677833
36520.8759660572
36493.8420362987
36514.3564692261
36483.3093219156
36560.5721208719
36531.1324737816
36455.5034393736
36580.4830353086
36522.4670543243
36541.1434392094
36504.976134526
36556.3628321768
36503.9836693536
36495.2753067256
36534.7281206582
36586.9866859416
36500.9546969057
36527.1505770987
36570.5853329653
36526.8970542791
36523.9329565128
36463.6061074115
36544.7660235842
36479.4654920309
36538.8963088844
36494.1672973669
36438.3423247526
36574.2323521904
36560.1489388129
36619.8249893244
36504.8737882697
36532.8639033689
36532.638629342
36502.8039943559
36514.8309619784
36531.1702853301
36592.5100160787
36531.9857891344
36517.6454159448
36549.8960506808
36528.5267789631
36555.2981836756
36491.7382051405
36523.3782437906
36593.1757660571
36552.0742622505
36493.5689443354
36524.840512969
36544.0391874363
36466.2531666362
36489.3510681901
36517.46666679
36568.2933394833
36523.5711638972
36526.4908331233
36571.0726359981
36480.8128627205
36585.7152712855
36502.0185388118
36527.3682348033
36497.5536383649
36548.3187077484
36481.5734270633
36547.045370488
36523.1888398649
36513.0151868618
36519.3382828629
36559.5892082388
36490.6462371788
36493.2290745573
36490.1744513265
36559.8139585685
36553.997028978
36589.8477288388
36567.8561810144
36552.7738728932
36487.1044560737
36521.1922764638
36577.1974082387
36498.8652487372
36542.715519371
36531.4140628383
36476.8208046608
36457.1477582302
36614.9415610694
36533.4063668614
36549.2113996221
36564.1561172533
36574.6654712325
36565.3779586798
36486.6235609795
36520.0658048357
36499.0389930654
36537.0862929268
36597.5460938786
36605.5801045305
36542.6767657496
36587.1163700033
36539.1853050764
36563.645426442
36560.9990852304
36468.9192534668
36495.1483015321
36535.3180398484
36496.9608391758
36517.6335438017
36485.9948002935
36601.4006166153
36490.6904086224
36566.1585642886
36591.6284188955
36540.6469066833
36502.9935341183
36488.8512827895
36533.117238434
36493.0722399914
36493.1451353066
36524.7391930375
36522.6374985814
36487.0957877817
36536.2526798043
36564.0956124207
36525.2069477604
36497.6889320518
36583.0600910318
36592.0927025678
36534.5853927128
36567.8649819857
36580.592184708
36493.4864900006
36583.0915587503
36573.0670443588
36516.5604124324
36593.3628192371
36532.153067823
36504.9672541522
36509.5625392454
36488.0714092409
36540.1988141661
36533.1791154232
36577.2454488367
36465.6339474919
36506.7387855382
36529.1270673807
36460.9663274272
36562.4542627823
36489.9703361047
36541.4027241933
36508.2905040568
36576.2454341887
36528.1316520046
36537.6885853099
36505.8348762614
36469.6021465083
36449.3242739352
36513.2406082996
36539.8292718458
36486.4867605905
36471.3242720969
36557.584599025
36498.8941260438
36505.6896654088
36549.2040901093
36514.1560709549
36585.8041951961
36502.3737126717
36591.2990796822
36497.669332247
36501.8454347647
36441.9198159241
36509.4830007404
36539.0505595189
36543.3906614764
36546.9145285835
36534.5282998547
36542.7607819342
36537.693459001
