36693.6493155774
36699.1790614153
36686.5116752729
36697.2849736441
36705.1500667351
36689.147378076
36663.7448951451
36706.5977460337
36724.1219140116
36708.639216732
36684.7956502458
36722.8812806953
36702.6762923161
36718.7984926475
36682.9548573241
36702.5039273511
36683.2780613079
36726.4286459676
36676.1929033284
36727.7741569079
36704.2791849681
36733.9671607863
36727.9541543487
36674.1243471663
36701.6025001387
36687.8352281624
36691.0385966962
36719.342203603
36733.6705042541
36730.5052664494
36714.9362178518
36724.5018962264
36691.4688211627
36666.5178163733
36717.388318525
36716.389666232
36719.326229841
36685.4040850231
36702.874256472
36697.8866936026
36670.4145282912
36675.2442413699
36749.4490632218
36700.880226139
36659.2588157215
36705.7035772528
36707.9043746872
36723.229527331
36695.8733257337
36693.0861689181
36677.0327055621
36711.7206380943
36684.7200623026
36722.9667719523
36732.3156551036
36739.7840618511
36678.3550511742
36712.1732039365
36697.5286548485
36698.097059907
36718.1487947045
36695.0345967197
36708.9107873921
36728.308457711
36666.6873539078
36709.5277201536
36713.0579021946
36696.4500971474
36667.7386822699
36700.8426218326
36711.5600038481
36686.7559303026
36721.0838711027
36754.4585431223
36674.9746643591
36723.3313394047
36677.0926132506
36735.5563018861
36707.0248778077
36697.6674648058
36710.9896863668
36693.0894538203
36670.7863755306
36712.097709585
36721.2709518655
36680.6877721217
36663.9182415975
36694.4270849141
36686.4157204652
36664.7615545711
36673.984472777
36692.635452575
36695.832854818
36728.6159637975
36714.1503014743
36733.6309114273
36678.3485239029
36716.3509734655
36703.2274769259
36682.1726202941
36710.2346441246
36684.6866958217
36729.0132768703
36676.712666185
36707.2133756949
36739.3551909254
36712.6884786867
36702.2915178595
36674.7557544048
36732.0085200138
36678.0933123008
36719.9468061085
36652.7734970481
36751.7065898906
36705.7678310456
36664.946989213
36699.0268956336
36680.5979299963
36721.4321280436
36690.6544299294
36677.4826524997
36713.3373138445
36676.7219597547
36702.4795883338
36663.9892203852
36718.987631981
36714.9967574843
36700.9171623841
36727.8429699372
36668.9105939993
36706.0035941262
36684.3559746752
36683.7293240052
36693.4445335733
36701.1461572087
36710.3196352231
36672.7713107583
36675.0854174208
36698.0062194721
36717.2400380887
36680.3229212037
36694.5016870982
36661.9402322299
36657.4380806559
36687.4413610978
36682.5935848004
36689.4179199829
36714.743899949
36699.9194376906
36730.5339482845
36697.3884025503
36721.7414049007
36710.5152426538
36706.9177142271
36697.651574107
36692.2421860606
36692.2620908548
36737.7725416821
36696.6828571653
36730.9926625279
36706.5840336489
36705.4536060535
36666.616582278
36672.1598159857
36701.5599747204
36697.9876795525
36743.2173912049
36692.8420835875
36684.1428197075
36712.4633726067
36679.0377083948
36686.7889038785
36712.89317314
36690.0252925399
36706.0227750799
36740.7394884571
36697.2802364863
36707.5546422883
36699.051408883
36677.9438576993
36706.3754378712
36701.922759249
36699.1180022636
36707.5417614506
36680.8506393374
36663.7498603029
36674.1392259625
36707.257256859
36676.4166954731
36636.3002937887
36695.9492071225
36701.2463074735
36742.8165043879
36706.2603035466
36677.7025161263
36707.8027023341
36710.1263155354
36662.6655188797
36700.0666195487
36732.7555588272
36718.6377544201
36672.4167319545
36734.4982205203
36689.0502096217
36701.9998050441
36654.3888470805
36673.9879279169
36709.5287889818
36691.6669674688
36736.0745574644
36678.1323705569
36707.013575145
36665.0721508316
36717.3723755756
36720.419096488
36716.4764904305
36708.3116477406
36672.7612075442
36709.3983741199
36672.3184913061
36704.5800538031
36689.8252178289
36715.2489520748
36727.0806511394
36725.9702227254
36730.5392265292
36702.4663236899
36707.931528678
36666.3052407511
36668.1615426257
36686.6161501238
36717.0689893192
36707.8367093369
36719.5516705103
36691.4210987023
36700.4376640507
36678.0128277218
36662.9245084476
36696.7853552969
36700.436160068
36696.4276922267
36679.8709543046
36748.7066387073
36699.934490852
36695.8394386754
36680.6800628727
36677.3825975227
36699.6760713534
36705.7595069718
36698.8028802176
36670.3803384484
36654.935567029
36690.4499349195
36696.6362737729
36728.0815138175
36734.4104208268
36647.9339326548
36666.407723674
36691.4875671696
36710.9246319239
36659.3594704455
36724.2966385561
36663.121650513
36706.7305012556
36682.6209363105
36681.0402834785
36712.3101696164
36746.1938935385
36719.1285915158
36666.5147144966
36721.3474949282
36671.6504460086
36677.7357949438
36757.4668282829
36723.6793138357
36714.6276505619
36673.2984534262
36668.0621789389
36708.1883410491
36710.9047083532
36690.0004704047
36704.0650507884
36694.2226526728
36725.68580382
36660.8793764689
36689.8095643338
36699.5068606904
36721.5443368518
36685.7719872955
36744.5258162257
36692.0088288515
36679.7948159174
36681.7329035362
36720.503237787
36689.175680887
36701.3065192338
36697.5841411242
36655.2566544946
36729.7898229642
36760.7183487162
36671.5011060437
36716.1600781221
36701.2241221279
36731.5571484453
36693.1013294408
36728.0442963768
36680.1761717018
36691.4847210488
36712.9650441673
36717.1083362511
36751.0899432798
36696.6717813661
36682.4402264853
36651.6496084347
36669.0403254526
36720.6256291497
36682.6220887731
36721.9285141862
36714.7488081826
36689.1701827684
36722.2021468248
36679.3169927609
36752.6552408971
36670.8740635993
36708.3909724097
36686.5044230332
36687.1902885137
36701.301113164
36689.8468244441
36689.2972771723
36751.0729298124
36711.083978329
36679.6744689548
36703.6067646095
36765.6538995979
36699.9775272136
36699.8751966205
36714.9276096497
36705.9575167641
36714.9147909545
36674.8713224515
36674.4622084882
36729.7565458934
36709.7468728704
36720.0675014628
36666.3045004308
36719.3358131065
36709.2862210205
36746.0260624326
36668.9137306833
36726.0887061044
36693.5420320158
36711.6140806836
36725.4191067394
36652.782132718
36702.1650660937
36697.5873060322
36731.7587751643
36732.7282606065
36684.8267845508
36749.6394985523
36700.1601153377
36671.7998753398
36718.0658620518
36705.4578823304
36710.3606796151
36703.2886082959
36708.9605930781
36725.8994700601
36736.0239130267
36709.0383917626
36718.3003522021
36685.7816326527
36729.4280590701
36726.8264194992
36644.9750998796
36673.8022610058
36699.227481266
36707.8915069781
36698.3788044817
36665.8147923726
36724.6529612297
36729.6799020034
36701.6260180434
36677.343128592
36720.1758200459
36690.8889497176
36685.56566683
36682.680145993
36678.3531020735
36708.5000547058
36712.0539748826
36684.6757992925
36664.3123495198
36733.1340893833
36713.3671333691
36694.8268054586
36733.8220475798
36697.3591687101
36653.3309241519
36659.7812884121
36712.6274921822
36717.6445048734
36685.8468895798
36725.3478226417
36667.633835716
36698.564867165
36702.1134187614
36726.2323012646
36751.3554531243
36699.37976366
36725.8632089511
36667.8973137331
36660.605596224
36688.1587397446
36713.8846773507
36740.961913046
36722.2586525816
36726.0183106443
36681.6826771645
36729.4411499054
36706.8355395593
36697.650427651
36668.3830707004
36718.0294059885
36739.3649238479
36721.7520442578
36707.7870052669
36693.3644160304
36729.0380271966
36711.4013008167
36666.9922102048
36680.8000787529
36726.2468340144
36660.1964126913
36673.8465396039
36712.4067975103
36697.2780494858
36667.2072019801
36701.8606886615
36680.517717499
36687.1483577712
36669.0949235622
36708.84084405
36718.3595246175
36702.5295323699
36733.66938697
36683.4012552752
36715.3711047496
36683.5804033657
36726.45044167
36746.6604040073
36670.353621404
36731.5114597286
36702.3535449176
36658.2944038432
36709.1766168738
36698.4345864699
36714.3367944807
36740.5287657529
36669.4638398043
36691.370720762
36687.9308964479
36677.8516870046
36749.5383697367
36686.4757003699
36704.648227591
36686.481967331
36717.8086888096
36687.8241228756
36682.7811736099
36724.3181691343
36707.4170703083
36684.1771930842
36741.035948533
36714.7237166185
36765.4159283081
36681.2086684204
36658.7354880361
36658.0063441818
36678.0308650395
36725.4844232231
36669.4396692454
36722.5701160051
36703.5493295467
36684.8280084765
36689.265242712
36718.5545839964
36668.6620050876
36706.1871484174
36686.032638595
36704.4729139871
36681.6097210344
36682.3915301766
36702.4279428764
36700.4936086381
36656.4429993564
36699.4928959061
36690.122661747
36735.0208547442
36680.3760087747
36674.8668483091
36695.3012896266
36719.5083266601
36726.4736210833
36709.7022718078
36750.3718992747
36693.3985170909
36670.6543375604
36689.152618749
36705.8287518983
36659.7333118961
36756.3025035635
36735.4073313462
36717.8388176622
36677.3790483807
36696.3413938156
36680.7123894155
36717.6138065955
36687.1165592419
36717.0411401661
36659.6100072745
36707.5269150127
36699.3856220957
36737.1472927558
36669.1024794053
36710.3835893049
36694.9797621787
36712.7835441376
36711.858089736
36690.0580256875
36680.5007241211
36715.9047618423
36690.1949578631
36741.1457107768
36699.7035227761
36720.6461545453
36713.0019580794
36724.3284317924
36706.4186084834
36685.5164767963
36679.1461895172
36678.1696617363
36693.2055198669
36678.0422267208
36684.4293766012
36647.5913274845
36712.7863812939
36682.5528694165
36687.5477320201
36703.8934925779
36699.9306520471
36692.329516815
36689.8884844624
36707.6807117448
36692.1484917818
36696.3364673049
36698.4270748491
36721.5863813632
36693.5871174826
36758.4551666393
36727.0952421465
36677.7015023045
36723.49577711
36670.3971851906
36646.8569706412
36716.2951504266
36680.452075796
36703.6706684791
36690.71046507
36738.2168202261
36762.6944937588
36663.7156662429
36743.8071759541
36687.3307793297
36686.3618448906
36671.4424920719
36663.6735884064
36666.665170555
36688.3221942516
36713.2703442135
36679.5155854393
36690.7759493779
36672.2184698254
36722.1791195173
36713.5353511912
36683.2103504898
36699.2395696185
36690.0695911672
36708.9669335094
36667.6705392382
36675.4564888864
36661.8346111931
36736.757763617
36743.1317272919
36698.4724435095
36709.3166097262
36725.7526744914
36715.9560602531
36648.9806136299
36685.6100004001
36657.9746721119
36692.4906267856
36720.1428196088
36677.1428724211
36667.9040506481
36727.2345467949
36688.3095161321
36724.6859234971
36683.7633413229
36685.3267869201
36676.520579328
36735.3354960308
36663.0647194916
36705.0239676059
36715.0057226997
36705.5137175389
36704.9031478938
36712.9050409198
36702.6045661883
36680.3299109956
36687.6723046215
36726.214003664
36719.4684457633
36729.8679500441
36735.7492029863
36677.0228822547
36679.1689012897
36676.4141696178
36740.6451902096
36738.4130210925
36696.3241786595
36688.1789284429
36694.9268651699
36702.3535635469
36716.5179360032
36690.5319854787
36719.2444776955
36730.0380770437
36670.7236626912
36698.9484941553
36709.6412454132
36718.7997826366
36726.6555755387
36690.7772165186
36656.0532976443
36681.6361717491
36662.562009031
36693.0193930445
36710.85657253
36675.0508166958
36735.9613901746
36717.2188739193
36686.2202667007
36665.0192491402
36714.5136849183
36747.8123011663
36737.4409137184
36678.8420618699
36676.3337763493
36691.8812771858
36720.3489198206
36675.52510237
36737.4296203316
36739.7671055386
36695.5225325382
36723.1138006322
36720.1133783725
36707.7786670691
36659.4203998799
36691.8460384799
36751.2477010042
36667.8965672682
36733.1340469369
36678.5449295078
36671.6581786527
36660.9111079283
36667.1911328773
36689.4344206052
36655.4444608823
36701.9664756819
36718.3719591215
36644.6993241228
36709.5963336449
36672.6560125395
36723.0394541124
36748.7489263224
36707.9898656214
36743.0921730337
36673.8653389145
36663.8541632846
36684.4242916396
36744.3134970238
36673.7877784159
36701.7336910125
36661.8415969602
36668.9169283947
36716.8871567515
36681.2070637264
36697.8740908742
36680.9591320397
36682.4563205024
36745.9178408478
36728.0456429393
36681.2292550688
36722.8133068051
36655.5458357322
36676.3025214381
36731.0612963715
36681.2075797037
36679.3909836996
36705.3559799824
36679.5489501088
36673.8405412425
36720.7383783891
36697.6984373299
36692.6800633962
36696.5456353624
36700.4764656684
36717.6316213678
36702.919608379
36700.7425526321
36686.5133438313
36730.6675402948
36688.6398627227
36699.391698873
36665.1125924829
36730.1807744464
36700.3196096259
36745.7315783228
36745.5162432742
36701.405875449
36669.8860833819
36699.8026698497
36675.2887913241
36646.9668039104
36724.3293286458
36698.394945197
36689.5860786991
36722.6745599301
36688.4026728925
36675.9253757134
36693.956931937
36689.0020817502
36712.8726885723
36728.3753019921
36707.1571490897
36678.0031593363
36676.4650357523
36678.8499768313
36671.4420966184
36695.3690344741
36700.2255592386
36714.7125908693
36689.9875938239
36637.3275997375
36703.4936637895
36636.4815318861
36680.1959072148
36736.0521952587
36698.325166385
36696.0120493026
36669.3165720851
36676.3994079341
36672.5050990505
36725.0705598325
36739.4111033936
36692.9340924249
36644.5031683024
36674.000538211
36702.5283282163
36687.1620128249
36702.8702138083
36693.1243177593
36712.6472800792
36708.3757686611
36733.5664076593
36663.1930104605
36694.8048915157
36718.0515998143
36739.5173857258
36731.009228653
36684.4042768172
36719.7418599837
36697.0984763713
36717.5857518753
36724.4297898966
36691.6748947061
36695.8133403257
36704.2174642674
36705.1775268291
36671.0288455115
36688.2235916253
36644.6145674419
36673.451419896
36714.1673367048
36705.8580896785
36681.4757256986
36686.4528659239
36679.1332858396
36724.1080006891
36705.1627747811
36681.8437459334
36681.554309498
36716.8207012158
36717.1473899282
36718.3397623783
36695.1612509406
36708.4145752746
36675.8327355358
36697.9327247207
36668.1362376081
36706.5520302327
36685.2336294173
36702.4651769723
36669.940995515
36681.5618106007
36740.3324965321
36675.9041921223
36758.2905057901
36748.3682005244
36710.2580811148
36679.6974067336
36691.1411721966
36727.8058299807
36695.585273993
36672.3908234725
36695.5803361513
36705.8799232247
36674.43094461
36683.8154339895
36667.1120555009
36682.36768588
36746.9507421667
36676.6440451816
36682.6381902742
36739.5982515825
36703.1764308414
36671.3029952171
36666.8000820787
36697.6168372569
36703.5116003946
36730.8648829092
36675.8646110378
36677.3478573344
36676.0006801558
36723.772435402
36741.0554809357
36741.3426112582
36736.8640497925
36712.762153073
36687.0416322381
36701.0951281791
36671.5357804399
36672.320574339
36712.9825853422
36663.0926773457
36693.5892196805
36705.8678588821
36733.0330505538
36744.69538761
36680.797681723
36718.0034018815
36749.4800509852
36714.7204013449
36734.6749669965
36667.7000541708
36702.7324439343
36680.8202526851
36726.715198524
36675.3927210759
36687.0334804
36690.7443439886
36666.458427273
36686.79927969
36727.164304482
36728.5694561466
36688.442976134
36669.5028507306
36750.1584818572
36689.3841484926
36689.9325452222
36714.8557895987
36667.4142436296
36669.6692687481
36684.285466276
36754.269159051
36699.2948312497
36653.193431835
36731.0653819119
36747.5126274893
36700.3484306502
36744.760606299
36724.4771756415
36668.8492787722
36674.5621963497
36711.7926626282
36715.8930289429
36671.9583147368
36693.7748517526
36711.7364729977
36673.9547702207
36667.1962787561
36729.379675793
36674.6489930026
36721.8116036752
36701.0635319116
36706.4916094227
36739.5699532685
36704.727728148
36742.9152643789
36693.3947907509
36729.3184217674
36729.3902119019
36671.1957547509
36711.8846704558
36700.5550682861
36717.838850352
36663.1317295602
36647.9243608255
36690.0757905391
36656.9228838329
36690.1314777489
36677.49347734
36714.7024060866
36666.855053673
36673.9188462324
36712.3527111602
36678.2890085429
36716.9224372015
36741.8762228327
36692.4957061934
36679.7953964307
36690.8485678934
36731.1315305673
36685.2852417575
36715.3153701114
36710.993825845
36698.5525128359
36717.7883827988
36766.7259816567
36659.0662723242
36715.3393781554
36681.6461844547
36750.5236957895
36683.3117379089
36719.597528991
36726.51130723
36733.9406597284
36740.5456460691
36695.7352626358
36690.2792559403
36718.4105563615
36688.3224185481
36708.4151274265
36732.3154796588
36686.2906078634
36729.9114555746
36695.7870148008
36716.0137291703
36686.5795727979
36730.5699746398
36712.2260052654
36684.7235511553
36713.81703089
36692.3261151648
36686.5765111376
36691.5885968791
36713.7444554633
36719.2978158107
36716.7737498381
36713.9865487965
36710.9080393003
36707.6765576544
36722.412132517
36695.2234968607
36729.6402579451
36712.4512991916
36653.3138218525
36697.4464937493
36706.6997300731
36783.809469846
36697.1811980597
36707.2841983432
36751.1308839195
36685.4056770361
36711.4190066042
36672.8882717095
36734.2793917893
36672.9141694298
36724.5368953735
36679.4446324807
36671.2927030308
36745.9117660806
36697.8817208469
36710.2402817328
36698.6184534947
36716.9073178751
36718.1922514458
36729.3431617703
