36666.5519627961
36789.3886717878
36776.4852647688
36674.4088537637
36809.9945090614
36790.4939274043
36730.8963381858
36734.4122919611
36739.3353612057
36703.897366171
36751.9050908459
36751.2306457547
36734.8134324896
36811.1261732144
36726.2998516776
36803.1957974051
36891.1540843828
36723.3494155799
36711.4450776082
36823.4884569838
36810.081450071
36845.6927672212
36892.2360555982
36799.2626408176
36763.546118703
36827.0834721236
36769.4081720642
36765.9415562365
36786.2275635444
36789.5885573674
36842.7086819583
36816.4089239825
36764.0224780184
36760.1681529137
36751.1938121023
36835.157703094
36792.1567799906
36794.8023189716
36753.0900083401
36810.4393525604
36842.3695065257
36816.9513017145
36766.745153414
36731.5148012602
36764.7953040441
36723.8221178716
36882.1409098037
36816.1149690775
36784.2878020595
36821.6633448859
36758.3963769361
36769.2801375981
36771.6555388822
36792.9159808339
36751.691927524
36821.9028625407
36747.2645694064
36718.3243533286
36766.9647112192
36752.6981799536
36726.9574319141
36759.9250766071
36809.2820007342
36710.4285107053
36793.9161066145
36767.7937465065
36776.3045378664
36790.7077897816
36731.9080212047
36789.118261428
36849.857746883
36850.5337067469
36696.5283060245
36743.98306534
36784.1783864042
36836.6971444188
36768.132714601
36768.6997439167
36850.8529483597
36800.8627381137
36752.2791534067
36756.7098818009
36789.4235691494
36796.1858910353
36830.1822358805
36776.3282063637
36796.0325908314
36769.9028429188
36730.3406868684
36749.3525003264
36786.4871457036
36707.7352159455
36734.700995231
36759.2096972313
36789.6327173235
36749.7220169434
36737.7142401258
36707.3207655594
36805.2288274164
36825.5492480719
36722.9356418834
36703.9142140261
36748.8833566831
36836.2573265469
36817.9752231189
36794.5706607989
36811.501067362
36708.469397146
36786.3713897958
36850.4338652404
36748.5183971037
36807.3560324533
36821.2247979471
36728.3359830194
36777.7744749131
36758.7093109992
36723.6223337261
36853.0619721225
36762.0391430284
36793.3092413109
36793.7711021043
36691.2677991821
36692.6189122303
36785.4213452626
36835.027807389
36764.2393704542
36775.0463850761
36742.9501687264
36793.0151257715
36767.9507634902
36795.232967495
36756.3311327547
36802.2672705321
36782.9886336972
36786.0245454756
36742.0196635934
36756.5411777786
36783.6347623042
36747.6109322282
36764.1427882139
36740.3336884055
36692.2985131179
36783.7930169784
36836.2968715695
36829.479008515
36726.1779132881
36772.8990588787
36758.6100139687
36788.2530895108
36812.6959074188
36823.1764238073
36888.0846264304
36779.6810090302
36754.6627077806
36744.2054949617
36815.5745848737
36767.0891129446
36831.1129010018
36735.2162827784
36746.9027230505
36751.9409567408
36687.8970937722
36873.7505626014
36692.8476071814
36743.7117743557
36685.9094986361
36697.0194417344
36769.9351049666
36792.9513969011
36744.4912366123
36752.7871209224
36709.8112606266
36729.1977139525
36799.4410848112
36837.4330707
36662.2260001302
36748.7563995128
36800.8258748606
36671.6104662667
36822.6194386334
36807.6789479124
36779.0934528621
36751.9509462821
36812.1022436692
36798.6603431575
36770.0002703831
36815.7315378537
36806.2537548671
36838.5748344418
36815.8636620279
36768.1358774419
36729.9759582582
36780.2581111999
36778.6847305987
36787.7696913633
36797.010040353
36743.9764691779
36805.0880801778
36800.5790145818
36812.9563711688
36759.2348949387
36697.1511453199
36755.7177556827
36782.1461476886
36726.760676562
36818.2448025846
36729.2345398679
36776.8196875417
36794.388920007
36841.0813904637
36743.300856756
36732.5591607007
36680.2807944476
36796.1945116203
36735.0947666757
36775.1938091798
36819.9380567528
36735.5041035091
36768.5406585611
36762.1123680745
36731.6465893407
36735.8421212447
36727.3562740885
36912.6437756149
36749.1000506737
36808.8349513691
36808.5233016399
36780.800500082
36791.6829461043
36839.1424109093
36778.6355880214
36739.0996168447
36837.6875104167
36797.4200409041
36724.519321224
36750.7270195699
36758.0195212388
36756.4240627004
36847.719494739
36802.9133277651
36773.0461846985
36775.6692111235
36808.6343187222
36813.242323706
36719.9071839924
36759.1236784202
36780.3779717633
36779.1281864599
36751.7779075068
36718.7551268866
36745.9478160186
36802.1578748507
36733.8046782186
36720.6103259841
36722.8667325384
36718.01750511
36747.1782006939
36882.5201479163
36780.3794513112
36726.2670435783
36728.7938220063
36731.7955394517
36735.7599626511
36800.5672464492
36820.0863578108
36709.1881602643
36743.1743344479
36771.7308391967
36697.5854398361
36783.2039259944
36732.6617629967
36769.3100852795
36668.1751476332
36786.9802320329
36733.0444194924
36741.7951618148
36811.5703468133
36749.8335536208
36829.1133952004
36765.710311183
36753.2192598846
36837.28731218
36733.1327679595
36780.9517879529
36749.7836767792
36798.4277423472
36706.6923355532
36704.9802702255
36826.9085165152
36724.6717710061
36784.3596157162
36749.8103228388
36744.6638406631
36814.1423029256
36767.0028442966
36726.6670143626
36718.269160411
36770.1769767803
36741.5534655293
36766.2387971859
36804.2427043301
36818.9526647373
36710.6021483302
36801.0850062102
36781.0289767244
36754.1650478554
36795.2744088774
36792.8208638195
36773.5171789574
36807.5304532441
36742.1740498425
36777.0124261035
36820.2858828101
36735.4905640647
36689.7879461897
36818.2649427705
36800.4880747991
36822.160951549
36837.40517149
36768.4998414837
36865.1625450203
36764.1873732996
36806.45621683
36795.0686124993
36796.6899228972
36770.6906086534
36763.9994281323
36871.4086982654
36841.1106632167
36882.4003185731
36772.0817293162
36744.4714954697
36766.2160464127
36854.3854550627
36794.9662385079
36731.2324860972
36808.934672934
36787.985400192
36762.9079342581
36735.8495462123
36750.1526900704
36691.2871340135
36843.3194631096
36747.4368246954
36738.4529782074
36829.5025065932
36746.679933904
36757.668302957
36826.4858591836
36759.0548747004
36713.9914541337
36724.9159858311
36741.0205957105
36726.2909698237
36784.5756909689
36764.0717563397
36798.2471234768
36763.4507172235
36728.7693227971
36781.8009319077
36799.8496127829
36805.3804284903
36803.1396827486
36838.8909376555
36738.1595066245
36735.4939279342
36719.2545527862
36760.4034877349
36841.9026969773
36695.7609515468
36789.4928440612
36854.2006832658
36789.4142548872
36732.0449183171
36737.8841455942
36827.1203396946
36808.1861097967
36749.5108529456
36775.6894534842
36792.874663697
36701.203429956
36793.0484959109
36687.966391303
36743.1334742452
36764.5101470758
36822.8937568451
36750.4384747432
36731.5541681848
36727.3436358606
36793.7814324846
36819.8873974937
36779.1857997706
36698.5671150637
36774.8521331032
36800.2500633713
36739.0890778719
36734.6884482889
36819.2970219446
36743.3231978924
36756.4772938179
36732.5796663404
36740.1066612143
36737.077965033
36757.3402980855
36782.2565815023
36750.0722563519
36791.6967530909
36739.6366431702
36825.5313883069
36736.7114883662
36774.8921931426
36721.3808369758
36791.9946489066
36756.6409594734
36784.7098061712
36793.8312897872
36746.4227404394
36802.7374943109
36772.1825629485
36703.6997383463
36847.7109826899
36801.8570842071
36802.9332876322
36742.189596245
36769.1536572721
36805.6366430794
36681.4005664202
36731.5423934859
36691.5451273183
36813.2151854015
36752.548443572
36819.1385197127
36759.97781469
36737.3614701933
36844.8486571109
36752.1285994231
36806.5238018328
36677.2809994156
36749.3197513505
36801.3406481059
36834.0919141309
36745.6099226261
36765.4303501176
36768.3744648858
36720.1772466638
36745.2548443985
36742.2885848654
36749.9787281058
36718.5148330785
36766.374176982
36803.1557442491
36759.5152999408
36742.5560612333
36801.9700412672
36729.1682967654
36770.9581977463
36739.716991139
36804.4234238608
36792.0590747599
36754.0966673194
36772.3418010446
36796.0890567252
36762.4278751189
36818.4708846159
36773.1660804913
36688.9597498427
36807.4909790971
36759.8248119691
36780.5674912796
36722.1394827212
36765.1053090988
36739.0600155232
36820.4829073399
36685.656317898
36753.8107761947
36664.0192167661
36804.5930012021
36779.1812380929
36772.5933089437
36815.8278906709
36711.9966463434
36709.6380038237
36770.2734325813
36744.2623535917
36809.8130534943
36787.3603932117
36735.9268252831
36803.5103422523
36788.2264107319
36778.3155594901
36866.7077469025
36760.4241704929
36759.9803928521
36765.6030318922
36843.8702740017
36749.1259562325
36742.1723984938
36837.5059668207
36836.2346682432
36727.7908629841
36765.8666167613
36852.9941114497
36742.5905361238
36785.6830988764
36771.2402745744
36748.3168631439
36791.6352649162
36747.5968444703
36790.2523898894
36732.5857063503
36791.0817822242
36782.2934486665
36774.2491963333
36766.936032329
36847.9966573744
36727.472565564
36832.3374521656
36797.8392638321
36781.4815354317
36820.8017041979
36761.5567574535
36821.180479004
36765.0360357934
36813.9105263481
36721.0805548349
36735.0646980274
36788.986087926
36807.646116201
36824.758911041
36781.2473866191
36774.0469512722
36813.7299319183
36770.963307033
36769.6588752385
36703.8473427058
36834.3475049168
36767.9063485621
36677.0497418172
36778.7707011915
36799.1669899485
36766.8242294776
36800.8001444639
36810.5928437039
36741.0360880173
36724.4098873887
36732.9887375235
36727.6944237878
36712.6058157996
36779.9485986995
36716.5800391399
36710.1350702327
36772.0664226487
36785.6744522737
36731.2466832023
36829.8934093968
36711.1889039279
36784.7753015785
36802.449941249
36791.0411574455
36633.4017871365
36810.7478024709
36787.4638817528
36656.1989105691
36714.2802806045
36800.7157653013
36732.1848594483
36809.5805482925
36765.4581670586
36764.6421472387
36771.7223190337
36766.1175081173
36757.3330849257
36756.3458196338
36749.765781211
36763.7189682636
36709.459694861
36763.5458357257
36763.5129088175
36758.1667319497
36808.4309761776
36776.7154706659
36739.985413053
36751.0165400619
36753.3460145197
36787.6807607516
36766.9706502676
36832.0345488423
36896.4207572448
36739.4773838578
36780.434883447
36830.2238702883
36815.3188327062
36794.2253754141
36764.4836846227
36793.2117294392
36806.6735132559
36760.019329385
36749.4790077065
36779.7913574558
36775.6308964735
36847.2330932132
36841.2299733887
36772.9929985837
36783.3477050212
36734.1606559962
36806.1777221013
36761.1085069322
36769.1146015594
36849.8697209592
36808.4889322779
36757.9612497022
36809.1260816929
36751.4968393754
36811.9756723813
36794.6069648273
36729.7132689583
36765.6329377126
36735.0986982786
36700.3844638512
36746.8318931767
36835.4161819262
36775.5308964773
36687.4525254912
36753.5878527588
36651.7622858688
36828.5888361419
36796.2827609899
36757.1252009272
36857.2426315505
36794.1032954683
36715.0516093162
36879.7072928467
36727.4192977884
36797.5249801293
36791.4996812859
36822.5252486206
36784.0262963613
36796.6371005395
36821.0155041447
36766.5957292515
36761.3729180716
36772.0174060853
36837.2119247074
36821.3546972483
36826.7278502613
36770.4364475353
36761.7292046745
36768.5771553887
36784.7957227387
36775.8512980639
36752.0615245232
36835.9242582911
36738.2320197628
36793.9147110411
36794.5612822234
36721.2756062744
36871.8721563437
36787.3048113172
36752.9390078751
36761.9769954249
36819.5937879553
36758.4660679384
36782.9085115222
36737.7418707452
36781.2018031777
36790.2982331904
36732.5871452919
36814.7305622999
36815.0868647744
36851.2935109063
36770.3603200507
36780.8151785569
36719.402536356
36767.9054177943
36746.0405561216
36812.2258869515
36731.34340587
36716.5367258959
36757.6261528636
36822.3789480595
36730.8871699795
36798.8281734686
36767.0306111742
36786.284269328
36802.0258014795
36757.2079779509
36761.5324196422
36769.3183320138
36757.9731072503
36758.0534801035
36713.6548703922
36777.4763378758
36799.1782479639
36828.3625946589
36784.2853908253
36779.9536304748
36789.2397422757
36827.0126170472
36728.084470321
36826.0182700425
36728.0862583289
36814.0522243266
36773.0720927478
36730.9949419748
36765.4412632492
36720.0910189062
36786.860571054
36770.4847253638
36777.7048441441
36812.138792192
36749.311238515
36752.468877868
36744.4429737287
36799.0162308467
36791.5690509507
36817.3702379789
36755.0679371111
36854.7748920189
36750.9493830408
36770.51074313
36690.4184045347
36729.5126103919
36840.9282984694
36776.0657748516
36772.9156397426
36701.4854332589
36817.8884486199
36841.5580724284
36826.8104507545
36694.075077956
36796.9353528027
36811.7786994898
36763.1706065451
36860.6749276372
36748.6186584729
36765.3360577573
36736.9655257356
36778.5630744603
36764.6060355759
36782.8738728296
36813.6771241421
36845.5819799831
36673.8215818638
36813.4682106526
36772.7491090228
36787.6245157037
36751.8334830849
36737.2608139747
36754.3415840541
36831.474891741
36793.3467220867
36833.3020907897
36818.1471457137
36804.1735886289
36735.5891370451
36726.3325342093
36758.4815951357
36819.8330043159
36815.7521200934
36822.6685319158
36760.9940198768
36798.7346675063
36801.5520566803
36776.9746293211
36722.879769519
36749.0378151663
36856.8703864681
36764.4101623763
36818.3678122338
36761.7252868022
36795.1164759494
36719.8115148095
36823.7486328931
36751.7420993999
36783.9818906799
36797.5082250521
36791.4372562252
36840.7945400184
36767.6021468375
36691.2124744879
36786.2749732893
36788.325243797
36796.0172150796
36829.9951209851
36756.1552588074
36758.878040884
36793.1768177305
36789.971837306
36762.6411436117
36763.8190808844
36789.6729197465
36816.6789932728
36826.623931004
36721.810195582
36778.770184726
36755.2182817517
36776.9845877003
36754.386188594
36749.7040387554
36726.3519158833
36776.8814749099
36738.1148410215
36828.0829564376
36842.5421476885
36657.3323113109
36732.5484268172
36754.6801920645
36847.5808300432
36743.0568059497
36749.776261448
36794.1550996045
36805.3442584155
36756.8522440315
36806.011039318
36816.1836932486
36771.0728961268
36728.1792955949
36786.3021733701
36672.7899944259
36737.7461790559
36753.6879084311
36749.8668736399
36813.9497681442
36720.5058242374
36781.0282905805
36772.6344720887
36769.9984124664
36668.3324117621
36804.4073409411
36684.0211546174
36844.7908135556
36773.1918268147
36757.9498261275
36724.3041553874
36791.8677030013
36731.0330867305
36671.2159639058
36749.2288537986
36792.6096147246
36734.8768159559
36800.8637838057
36868.5183436622
36691.0249128269
36760.9616711372
36743.3570215459
36839.4220883122
36713.9651439906
36744.8592931707
36834.5156783422
36769.8855343723
36830.2143868174
36782.5006006591
36837.8042309969
36748.1312633593
36789.2231323126
36858.3679203791
36830.7015355207
36752.8906837608
36813.6266720758
36789.9151799774
36786.0014520058
36785.7194413107
36743.9089714879
36753.0790416076
36729.6537216896
36781.8709999678
36730.1286983406
36743.4056904323
36750.2698253093
36804.4802130669
36837.4800406665
36768.0226349573
36681.7552243619
36772.4562192507
36793.4441522139
36704.3658671333
36774.1060361521
36783.7341974163
36777.7408050078
36724.2685376578
36747.1745521531
36786.6067299649
36798.7160044738
36691.8897467112
36714.7316876852
36800.4084037607
36739.5178248727
36760.7867658874
36799.8137385932
36753.3894992936
36705.135639809
36726.492233332
36785.9074133717
36719.7973673697
36777.0764906889
36719.7726532815
36788.306046893
36732.6353749095
36762.831541855
36753.3866855637
36732.8295200582
36816.2634378772
36674.099567827
36772.1343817461
36809.2987352356
36791.8612622598
36788.5782477828
36740.6297851389
36821.8775462328
36860.7322747562
36771.2954162758
36709.6297147068
36800.0108097551
36766.1802656146
36726.231520304
36850.5117123096
36736.6965296869
36809.0947138052
36657.5624030608
36812.2467977818
36800.8612860628
36744.7761715516
36735.6359032895
36799.1188082504
36850.780510385
36774.2009332941
36696.9395481065
36765.419991837
36823.1995336752
36739.2844379031
36773.7689008509
36743.4205665002
36790.045702897
36798.0670764199
36763.9368541417
36747.3658840728
36796.6758359207
36828.423389507
36797.5819508829
36761.0252197876
36780.4615766558
36813.3329686769
36727.7512853502
36790.956575071
36838.2466896801
36800.812440935
36800.2115616229
36811.6495487111
36727.4603163993
36804.9487341785
36759.5172350623
36793.1230082288
36748.4611811154
36798.7562281229
36801.5905590665
36716.1504984367
36756.9076265308
36790.6478786711
36761.5647375925
36819.5487312884
36742.3087778878
36756.1223907235
36849.2266255683
36727.0607781933
36773.3104118461
36742.8996208603
36731.0394816273
36783.9594095805
36726.0908768628
36788.2016025726
36792.5181944451
36729.5384993646
36772.261035027
36763.7652927674
36796.8295778748
36757.266424455
36819.8259904797
36802.0017174411
36845.4473034373
36841.4901308569
36784.9190767426
36762.9923489667
36740.7685191637
36783.5444995829
36864.298641405
36703.106698398
36853.325553688
36791.7219309796
36719.5202803885
36707.0448496207
36779.91723674
36747.2297283621
36745.3971965096
36794.1797410977
36752.8789978757
36727.4135027747
36675.7307122671
36720.2870890591
36840.7423447281
36780.7872042927
