36684.1857235742
36743.2105233996
36717.8473315177
36693.3186680362
36682.5206292332
36642.1464214626
36686.9881320861
36711.1676816785
36687.0572879959
36722.527245503
36698.7919008379
36720.8602719829
36682.1928827576
36717.8130005067
36706.2118832966
36709.664550971
36696.329306402
36720.7097779922
36742.0244006831
36713.1035985085
36695.2428938707
36712.2818738596
36715.2380296251
36725.0444119313
36700.885660132
36710.4047097241
36672.3376314156
36689.8507657383
36721.5232058143
36724.0722304758
36730.9894345296
36723.0164714583
36677.3239743284
36713.104709138
36726.5408992988
36671.9692041092
36737.5510287109
36696.5275957165
36742.9399862676
36718.8254229723
36695.5071533641
36685.7967526949
36716.7424735125
36735.6207207365
36656.8307908639
36735.932997616
36734.0649215213
36712.1787867117
36700.3799149738
36739.5605982526
36693.6005809554
36722.0139681969
36730.9530664404
36696.192557935
36694.9498640571
36742.1795864072
36756.4453451664
36726.8230749547
36739.7544096899
36680.3530825304
36666.7690945959
36709.3109080441
36751.2551185234
36684.5161475219
36756.6160364738
36697.3897719551
36689.2396796332
36684.2026552329
36683.6343436792
36669.4036929862
36694.7775492628
36688.3378168088
36730.156059661
36680.6795417482
36666.4815255861
36747.4121467712
36704.2471746617
36674.8469797978
36699.6150305685
36719.7443484219
36685.7411040966
36756.2016145378
36734.7692264103
36709.8144014491
36654.2447394522
36737.1005397685
36746.9718364905
36709.3829059784
36716.9635478624
36711.136737413
36725.4921006104
36653.9295490982
36679.8983707075
36713.9244512782
36686.8233552341
36729.8477295812
36740.4158588567
36732.4295256011
36704.5649394351
36712.343852749
36682.4722172177
36693.9251113156
36704.1472275894
36716.2864850419
36692.1533999805
36712.9601587216
36706.7934016013
36729.9984206473
36743.3135471848
36728.2354661577
36681.5832149044
36757.237738361
36694.8506056597
36714.0743086846
36714.5313679512
36665.2933644566
36685.6559937996
36692.428333909
36705.6552603566
36718.1693847916
36718.8905996383
36679.9006069202
36730.5343123603
36713.5606425818
36699.6039595787
36658.0199784033
36751.4777857751
36705.8459301697
36656.4127767664
36692.408565302
36641.2502978685
36678.7771508606
36712.0690719627
36656.5763327553
36736.7330842715
36720.374239003
36657.1980701975
36683.8903233092
36691.6757252263
36667.1228935999
36712.3116092127
36688.9763794569
36713.4258882816
36669.1010255463
36689.5786936685
36697.5669676831
36700.9002104497
36700.0153325007
36717.1117699062
36725.6552400344
36699.894214513
36738.8299150577
36693.6254971247
36736.1673310215
36726.0765150936
36719.6776900924
36771.982304874
36714.6053315232
36717.287005688
36679.0343745263
36710.1022390487
36733.7368954125
36693.3792032873
36710.2980221036
36719.6407272839
36707.5202517882
36679.8921356834
36680.2321365404
36682.2312302024
36706.2337635848
36705.5538105264
36721.4794637465
36763.1439947808
36683.277152353
36717.8093694759
36679.1494481552
36718.0788784778
36709.1994890493
36718.6831463704
36736.1203687632
36694.6982729366
36691.9470206602
36677.0801096954
36664.2886669033
36674.8236042548
36730.4704200874
36709.8328504668
36719.2209627073
36637.8386005177
36733.356486679
36742.0856774559
36717.9986058285
36680.3249832179
36694.9669311633
36711.7448598848
36736.9007951148
36748.6804932308
36654.6314430884
36721.8753121135
36743.0272105873
36708.8271944174
36707.6095459564
36711.5768654603
36711.6175668593
36734.8702857165
36751.9821092629
36695.9342762684
36736.3530931853
36697.0628934654
36683.3514016696
36717.7864240617
36688.2916203492
36699.6640114893
36720.9683668467
36682.4107293341
36703.1089579285
36745.862960664
36708.6197030981
36677.4231381199
36689.3463924777
36709.914742127
36691.2663205562
36669.2275626989
36712.0474184749
36711.1173461144
36732.5188826237
36685.7138857119
36698.4615680393
36695.1067592211
36699.491986063
36733.4114900827
36666.2245490821
36697.3767088591
36680.435953642
36735.5997087277
36668.6443129555
36710.7024434816
36706.4466379001
36683.6175976955
36716.0322856491
36678.7232953914
36687.3893926522
36748.7727618121
36710.6634164701
36764.370995028
36746.1331965567
36737.2028979496
36665.125518887
36681.9053613432
36727.4791081
36713.736061512
36724.9411114852
36750.5041750593
36732.9186449085
36737.398926685
36704.1229073298
36751.7225159833
36728.491627423
36685.5104126403
36736.9967962561
36708.6430858491
36719.0121717376
36660.3000553703
36694.0946374661
36681.0551870051
36742.0119861116
36680.7610115537
36688.7902829438
36680.0202068024
36701.9587758482
36714.2397887945
36730.9253745998
36703.9118330896
36716.1513300719
36748.8833097333
36719.0042386189
36753.4929413402
36711.2191343233
36724.8249028132
36690.5938871877
36692.9392311664
36732.7091788295
36739.0942036968
36723.0444927274
36719.9582094729
36760.5423715021
36698.6946642772
36689.3112483473
36727.3957619092
36663.8756964981
36759.1245586953
36705.8061548614
36699.3347710496
36723.8692630291
36738.4169837362
36705.8199286344
36703.0582116088
36714.80594176
36742.1938059362
36744.3722493085
36697.8796124693
36698.9527953513
36699.9189610316
36684.1015692447
36716.6137480052
36706.0838087536
36736.893963516
36705.8258231602
36698.3025312914
36675.2425831004
36703.810739767
36707.8344751303
36673.1893156237
36653.7787238236
36748.2732602566
36716.1727314263
36734.8207125307
36717.3031402205
36725.6290351223
36745.3296946836
36695.6205567657
36692.5028693867
36729.5543140843
36671.4606940707
36739.1594725817
36694.3312544917
36727.0888651548
36718.3636252602
36685.9986600978
36743.9126347984
36763.2016641183
36751.0095063721
36762.4658289866
36704.3868150453
36685.9153284035
36721.7304623277
36715.7211764791
36664.2066246516
36719.1477990956
36690.0397270455
36683.3679746492
36704.3593119807
36697.666378373
36723.2988320335
36666.898492145
36704.8800250551
36720.5813354566
36726.1725887341
36705.1216095773
36729.0262685769
36705.7627894347
36733.6169246778
36734.6045483904
36704.4469739154
36699.5794880218
36681.6135047052
36693.4669390797
36652.0110627877
36673.9319850486
36690.2066889733
36691.4524115608
36699.2283102076
36669.4172587596
36722.0377903731
36692.240391222
36709.4571901496
36649.1711307582
36712.4159371427
36716.3765198132
36672.7564053317
36668.1126272986
36691.3765053636
36728.8010975295
36702.1278975788
36740.1775847107
36712.756047301
36706.1791425582
36745.7475169833
36701.0903360696
36737.4941713875
36715.4898427178
36712.2571428879
36697.6973414428
36649.0355265652
36710.0437998629
36698.1684563178
36671.3908622732
36753.4937240246
36696.6632902731
36712.8335140389
36722.3998524463
36701.130265909
36684.9669711949
36718.6796726319
36688.613266425
36703.9010368617
36673.8219583051
36692.2891286754
36701.4876106294
36716.3413407649
36699.4369916184
36725.7539237309
36655.5471747338
36679.4525831426
36703.735950744
36743.6117391504
36690.420971635
36679.3155743189
36715.8661530455
36709.4356678571
36752.2094707924
36700.3834008641
36697.2588275309
36710.5688697931
36688.6809718844
36713.0097359204
36748.7717978671
36706.9246032551
36682.0805847977
36680.8155604396
36688.2474141303
36701.2154734112
36708.1448793608
36738.2806817698
36708.1175687986
36738.7145741684
36708.2767892076
36683.150028175
36716.3882466216
36715.4978792792
36703.0511100101
36675.1764246463
36713.374939022
36775.1845407562
36681.9701531969
36660.5257757698
36702.5040691748
36734.7008329942
36717.671584788
36696.2351598999
36706.0109230396
36734.5622799073
36712.2569212718
36699.8690850367
36676.6146521077
36704.6280755979
36737.957156362
36702.6091719911
36719.7926209702
36721.9096846879
36691.9304047638
36689.3964278195
36762.4202469547
36677.6517643946
36711.8863892674
36685.3197145726
36690.2363844359
36765.7899192011
36726.4170798425
36666.7570586246
36771.7054734401
36684.1187376377
36696.2167806302
36727.6340620881
36740.8326581705
36748.8855641247
36680.0631384653
36676.5243291641
36718.1525113482
36696.0821492953
36688.281033857
36670.6689884534
36759.3746366473
36700.0987124095
36716.93031427
36710.8291311119
36700.372856229
36693.3557953473
36697.547379557
36694.4515159437
36743.0863767078
36671.315866157
36680.0572266123
36734.5293028138
36699.7466775018
36671.8644450614
36741.1058424608
36709.6726227342
36728.3332868983
36734.5859203288
36714.6092420121
36710.1639274127
36685.8458509425
36730.9928256773
36678.6437975623
36715.617795967
36749.5762475014
36701.3678842937
36728.2096068632
36708.3460686287
36757.4942616637
36692.9420642612
36729.0966431237
36697.9688106712
36687.845129379
36738.6141426068
36742.8101198883
36662.5779166908
36660.1594682057
36705.891922781
36739.6647021177
36700.3249065073
36701.2170251228
36740.6284799196
36721.5202667171
36712.2709697863
36732.9096019982
36686.7723189874
36741.6381442219
36687.5917290884
36716.3462250089
36681.1799578381
36696.6621191976
36721.1201943593
36709.5881826563
36689.1655186039
36716.2488784195
36731.571522117
36709.0430766781
36752.4364833005
36686.7998445213
36719.1341050573
36730.4588604857
36757.8304850951
36691.8415687441
36672.6747300985
36661.349569012
36729.7569074353
36711.5061704034
36710.843694637
36674.4727519191
36690.590387337
36677.4706275741
36638.2335609787
36688.9427060001
36731.2744436182
36670.9807047145
36717.5346160769
36704.8107211938
36719.1108505842
36700.5143013616
36706.6002423911
36752.3987444392
36713.3668425495
36713.7608073078
36677.7787139495
36669.9299000596
36685.3193000725
36667.4864549384
36721.2709634011
36674.2536906324
36678.7949676096
36645.8359085351
36704.6869624036
36690.9189167652
36711.5897041825
36712.4205644909
36732.7309443687
36712.9996139092
36699.349116213
36732.2096402351
36719.627437581
36737.7906866633
36691.7236090133
36666.7169102828
36676.1089762493
36668.5474194907
36715.4081779178
36737.7063929527
36777.031954388
36700.1915877732
36707.2368961142
36672.0965327884
36702.8632723154
36697.438639183
36713.3181496352
36744.2290936247
36692.2999435577
36702.378010855
36731.0649625752
36733.0153746875
36723.7792013616
36671.1526957237
36730.8543050878
36723.0111080918
36711.0244390176
36713.6774321852
36741.8471158925
36696.305992656
36721.4509518111
36717.6825298646
36698.8435319349
36687.0470003549
36731.85756932
36720.5594101558
36719.6496847382
36664.0042103536
36704.7025729254
36695.2882150979
36705.283052643
36708.253295037
36713.4527858927
36687.9542828921
36667.8354169346
36715.1337176513
36714.176077069
36703.3764930073
36694.9799785994
36713.2014361025
36680.8159894269
36748.3356849943
36735.9086317457
36702.0171608121
36728.8930873371
36707.7866609148
36711.7170101845
36733.3959125707
36703.9693673298
36708.2787950834
36702.1587737164
36681.1631837807
36704.8455190687
36716.0472050409
36742.7552283279
36702.0183896213
36716.7605935388
36760.5113979408
36684.894854834
36675.5222913697
36731.6217755596
36755.8029421592
36734.4548829518
36726.0589098387
36707.0057481125
36678.7492022013
36708.1650920387
36687.1803156274
36708.5693752587
36691.8226986792
36683.292281913
36741.5875711939
36726.2065369859
36691.3853218635
36649.1119271692
36716.9149649424
36735.738200717
36691.6368291951
36715.9858063025
36660.0580799641
36723.5525674487
36702.6254904585
36700.8815282863
36691.5344751469
36695.3960657952
36713.8005687826
36663.1934113577
36720.5349824755
36705.697141213
36682.9685609221
36680.3090030211
36663.6992080101
36660.6355424078
36723.0331546048
36687.852796576
36666.6444855308
36693.822290593
36711.3314619164
36679.6919858473
36712.2741708306
36723.4465804434
36691.2036821298
36677.1018332871
36725.6802816326
36672.0732292877
36737.6092539481
36725.0647203891
36685.3867986862
36695.2078663988
36674.9110996404
36733.7538907381
36684.4537169041
36654.4074179265
36729.5418719112
36663.8093196135
36722.0280167196
36684.2827783386
36718.1700854408
36720.4823739676
36680.903444424
36739.7841968313
36698.3567612928
36680.2848993228
36694.0253666744
36702.5502737004
36763.7821899261
36657.3091685466
36732.5897191444
36681.8564980975
36701.5836075681
36755.1050961503
36690.8506442427
36718.4778470074
36684.6784983189
36671.789550409
36695.0095078566
36739.8897630736
36707.043067566
36744.2615834503
36747.1905105915
36704.9126365755
36709.8130197983
36667.0263555024
36727.3594253554
36732.156235058
36713.3249906638
36678.3820873513
36657.7635637127
36725.3080195405
36720.6806525
36665.7722247678
36726.9696543627
36693.2963515818
36671.4390154793
36711.5632066011
36694.342621909
36713.2249876285
36698.2251589854
36735.1325664636
36745.1676922738
36689.2949731633
36738.1604268936
36672.1830062183
36723.5594529577
36705.8579510654
36707.1676023463
36677.4250181229
36675.5029034142
36707.7550548919
36678.023265219
36687.2275774865
36688.8329808291
36717.0480964874
36706.5962812442
36661.2169323787
36693.4499575891
36689.5914215884
36648.8611057114
36718.5628014372
36717.3895501977
36687.4969471501
36723.5861183783
36703.1068649557
36737.1857132401
36703.2136836987
36705.7604648673
36706.8878758037
36665.737756223
36724.4726420224
36709.748779607
36703.4105252981
36697.2254792381
36667.2974174068
36740.674154313
36685.7358619754
36759.9057211097
36743.6499682958
36701.2588615112
36679.3600782821
36701.6521048187
36740.7711744303
36712.4298773536
36758.8344865476
36721.2638702901
36703.0343555934
36699.3823387898
36749.1268610811
36711.3123979476
36730.3567107584
36731.7377106867
36733.910634006
36703.4445741008
36707.4617940223
36724.064655655
36686.445981898
36693.6365196182
36720.3154402769
36691.9739273856
36733.2727830301
36666.848999623
36687.5564425255
36714.4885911597
36676.1635582129
36717.974327144
36723.9302143688
36705.9683443139
36651.4430174104
36696.7170981753
36727.7753034474
36697.4535111086
36662.1035545518
36697.4349072136
36713.62718048
36700.8033741705
36700.411183666
36695.2287389431
36705.9115864935
36755.3284264242
36737.4252343187
36720.8428841987
36701.959512886
36732.3021991133
36703.7561800305
36748.7838632142
36705.9211376065
36721.6026150124
36654.0416352356
36718.2779520851
36704.8402371546
36690.7522741517
36713.604926959
36741.9830033468
36715.7545369724
36727.8708390941
36706.3371765254
36664.7281925631
36673.8309984014
36690.1045283211
36689.3374744671
36742.9007312371
36722.8722318598
36737.2004245621
36732.6082899208
36716.6097857271
36697.7035519036
36697.5062163966
36720.3779193006
36720.0896924794
36738.4505393836
36664.69015538
36699.2235820707
36667.3434052679
36658.1840918127
36743.2627979176
36665.4226706316
36747.1585170269
36677.9013753156
36755.6100479665
36667.803722551
36694.6397182075
36744.1233847714
36662.5898688077
36725.6289044132
36713.1177742817
36655.6536507253
36749.2884301055
36657.730078874
36693.0191858371
36709.2216022921
36701.5283097895
36733.5594330914
36682.3297079488
36674.7403864974
36751.5834951146
36736.9736189332
36682.5926002199
36687.9934571013
36713.9572584564
36699.07745463
36669.5054280009
36700.4155585515
36724.9474632691
36732.3502923859
36695.1887870434
36684.5068332158
36703.4079090643
36673.8743880436
36697.0568446591
36740.0205557492
36680.7201190277
36683.1217865011
36699.5513405045
36676.9797438247
36733.0045386712
36703.7680858901
36705.5391400793
36709.8571935743
36661.8875156769
36675.0957751938
36679.1792180747
36674.1202690791
36702.6758381882
36708.2783829521
36730.8724271891
36692.0923858661
36686.3265876455
36702.2329311499
36686.760355307
36703.5371222704
36686.0955239279
36640.0061735691
36714.1904509463
36671.9168123194
36712.4734831921
36747.5567860023
36658.657130975
36710.8278064051
36689.7128587772
36716.8095181415
36718.8121468889
36714.9705643491
36664.5789363896
36707.6411237656
36665.2356139685
36669.85035701
36726.493172949
36782.1607336933
36724.6776501652
36709.7379756281
36746.6050715828
36722.1082614968
36705.9301099329
36665.7289398947
36684.1466300761
36703.0634335475
36721.4042368025
36703.1416424219
36726.4862911623
36685.8359336292
36734.2312791083
36731.6395119283
36732.0740601869
36723.0764622421
36710.9999804375
36732.4838521932
36668.1109712432
36711.1217763258
36700.7006488574
36743.5716434067
36707.6947768734
36724.7217080706
36728.5401049403
36678.9090874037
36706.1059957192
36678.055887682
36719.2628397063
36749.0862631586
36662.4520190477
36667.088394189
36675.9201182691
36704.5954526913
36725.2049133561
36707.1993203702
36688.0482887684
36658.7934829401
36714.852172031
36680.0690676126
36677.7749756654
36704.7727942898
36667.1851580964
36719.5191388818
36699.7126916372
36749.6355268489
36675.3554736576
36702.5255886068
36695.4742047096
36694.4212211006
36679.555596857
36680.9444359973
36750.3421085819
36704.5097209208
36739.6039200408
36667.2923271733
36695.0165157201
36663.3797290758
36721.2322299448
36689.8212742734
36733.2328312082
36697.8347232074
36752.7810820518
36717.3503667295
36721.2686476592
36752.1356652312
36711.2539805086
36700.5491315175
36708.0442676108
36686.9552513655
36708.4450613205
36720.7375331768
36722.9354097893
36698.9251753618
