36668.4402227055
36690.8932254458
36691.5708666942
36690.0990447696
36730.5904880855
36701.0113415825
36683.5370951471
36690.6460695763
36721.8764281329
36670.6474747395
36653.0842517194
36681.8906789028
36675.1171062767
36689.6718486651
36681.5231193981
36691.2928441644
36683.2393502453
36722.3873871788
36743.415038651
36668.9734234201
36670.7128325602
36705.6164055839
36697.8469806852
36672.0858192193
36691.6654101853
36701.7621111958
36701.9258172131
36741.0446375754
36702.9696659389
36711.5368021029
36730.408348164
36700.7537553784
36686.1306713536
36680.9953871144
36703.4741488684
36709.1353935684
36678.4847561972
36659.2249268868
36666.1919536617
36715.0206499039
36698.7688649769
36660.6383925196
36711.8275329596
36696.7745846188
36726.8232873179
36704.4293493541
36701.2138003281
36690.8399274827
36679.0471543377
36746.4241697039
36695.2628723821
36719.2103407691
36669.8386204896
36734.6607441423
36692.7691466524
36695.5309138432
36724.0652289057
36682.158841844
36677.9551602593
36722.9055825559
36689.9916645371
36679.462340746
36693.0589756376
36677.4471104193
36691.9437553932
36675.9004875013
36664.8938927395
36677.8385370114
36703.3684993161
36705.4606180615
36661.3962174301
36711.2491980133
36725.3303304539
36741.5412116404
36676.4952459733
36677.4693294674
36701.436105826
36682.8428694728
36680.2919309021
36679.8397361702
36697.8094222471
36716.7525681975
36697.2940598181
36670.8563969058
36745.448604213
36672.0784546116
36731.3999704569
36692.3241923073
36691.1322529329
36702.879061666
36669.790532006
36684.9225368772
36690.4709325483
36672.3089159133
36669.8900680246
36672.8288411909
36662.2730568556
36671.355635848
36668.1528025496
36718.8145271621
36664.6449641031
36686.7902667081
36666.0666468754
36694.6269426785
36706.7201694767
36720.5329083307
36685.3640382366
36686.8200067026
36703.791092536
36679.1848864626
36694.3576850496
36676.0890014114
36664.5165633554
36673.3735031306
36668.584601581
36693.0560876344
36658.341465438
36675.2883016866
36669.9578817577
36706.6851794843
36724.4683140149
36673.0202311319
36727.6602772249
36659.8328318322
36726.3220731425
36672.7222916677
36670.9270210978
36735.7850536659
36680.8506491088
36671.4332115803
36693.8483599567
36669.5236407519
36735.6115743534
36725.7812862191
36670.4561974249
36674.044055591
36674.9372546291
36687.513371258
36679.3408426085
36686.5649629787
36682.73578368
36736.9557309636
36706.1919681772
36732.7741530547
36684.5170267517
36666.7384819961
36692.4279902242
36705.0250960469
36655.435288406
36668.4279480412
36669.7160325528
36694.4522879545
36676.3133971017
36671.9926053478
36712.0792870439
36696.6539976892
36677.7572450608
36724.0039716379
36670.683887641
36718.06769913
36692.2827665283
36677.3132906442
36688.1402040726
36687.3951981573
36680.2864037725
36686.0900299602
36671.003920671
36691.9615326592
36677.0478462766
36702.4421135905
36721.5471149796
36727.6243279827
36698.5553994324
36677.2098841884
36656.6640989317
36670.8893041951
36718.8061396122
36680.506182171
36683.4821470922
36719.6568971016
36689.6356311357
36725.6630763255
36738.1115552445
36718.2020197565
36656.5698962521
36700.6134715203
36659.8969041343
36679.928295754
36652.1121130944
36697.759733904
36669.9412920017
36657.6097455693
36695.8041634537
36694.868710899
36661.1948346209
36725.8962226803
36686.8685921796
36693.1638715884
36661.2331286701
36700.5987905057
36677.0465111646
36711.5311073457
36699.2100099256
36666.7764880665
36679.0685515349
36672.5145339396
36662.2073123458
36656.3357549868
36671.4139289196
36700.11519108
36677.3892391881
36722.3107181328
36676.7303629304
36691.667638239
36725.3634899562
36669.8850810861
36733.2347365601
36687.8360511515
36684.1263873882
36708.7770131008
36692.1413413852
36696.6975054363
36684.9391844161
36681.2575202765
36674.1293939117
36701.3031062915
36707.7661185452
36698.1475422873
36721.0314680766
36666.3615696189
36678.007654657
36709.6438722079
36680.981898555
36741.1976605215
36671.8323262028
36673.7443508904
36669.6984849302
36679.4144941181
36697.1420845059
36681.4673614748
36718.8339022508
36692.2130048891
36655.8207410276
36687.4600076498
36724.0646513715
36732.247501201
36659.4023758712
36708.8897553323
36732.1075111535
36686.4249057485
36681.6591720617
36726.6738027455
36677.4013115315
36672.7922118442
36677.2964265401
36720.9664079364
36696.9770674663
36665.6794626703
36690.3637318744
36697.5150479049
36728.5593662714
36697.3705742145
36678.5207491175
36660.9164478427
36677.1920768695
36690.3712360811
36704.4700506152
36679.5730980058
36734.4761388303
36740.6430793282
36742.9288056746
36724.0724790329
36680.5948685917
36675.3269422587
36677.2398345151
36706.6550949686
36687.8363242876
36688.236013002
36711.2655096458
36732.6018072704
36719.3985408008
36664.6455543377
36706.2743447652
36687.7041078297
36720.0407018826
36685.0514670642
36678.0514464613
36709.8399452309
36676.0444612335
36668.9489310136
36708.7753950957
36660.3889671706
36734.2733837276
36682.6779327544
36706.9288962528
36672.9921282265
36694.0635414884
36671.2582679091
36696.0426466461
36722.3146913183
36687.0476093651
36680.3791270117
36684.7899697282
36721.2059787141
36711.2663689421
36679.574006962
36680.4450292021
36685.5348498859
36700.6234373067
36659.5018707337
36708.6511150682
36721.6369162994
36699.6283207165
36680.2597059868
36685.1569168497
36718.2318246856
36678.9404729359
36684.0208422916
36691.7030026761
36731.6584566961
36691.834096501
36742.8201483992
36675.8792214158
36676.9619218151
36686.0277630032
36690.3540100741
36716.3632499484
36703.6558097401
36674.3250610827
36679.9301472192
36684.5485476639
36680.6263063491
36723.9433826749
36665.9863955938
36670.2640062517
36701.4741070797
36727.5001899799
36734.0051685166
36686.9104024423
36729.0461562859
36685.5448807056
36668.360778292
36674.8464259627
36707.6432825614
36685.1657889796
36652.5151123179
36682.9216170369
36730.2676211416
36677.5665323515
36690.9910723558
36698.0429057637
36670.3482863177
36711.0895282808
36664.6080995972
36690.5448474909
36727.0873486673
36689.027633037
36725.6764003922
36690.322921579
36720.9656455842
36668.002478838
36739.3828252545
36676.4301696872
36684.8056517952
36677.5806575938
36711.8571902374
36698.3358972209
36681.7590855141
36688.2778231735
36710.8793035612
36658.8150279393
36741.8326923114
36689.7942021388
36723.541951735
36675.4487359698
36709.4780105959
36740.5690163961
36673.1907808239
36685.168530233
36695.3425778588
36656.8073849686
36721.0527607199
36666.4174685224
36677.0692960941
36666.9848573256
36699.6666521416
36677.797928024
36681.3838928963
36683.5066347719
36721.3901145815
36719.746808732
36652.3882608034
36675.5262648621
36696.8869615934
36717.5554853439
36732.9652454026
36678.3086588926
36668.2885490127
36680.3688854167
36673.5408377717
36714.080617398
36740.4400809606
36687.5493099246
36661.3395235849
36702.0266397818
36667.390908747
36698.910008682
36688.1986551336
36678.1925662716
36667.2790128344
36717.1923056286
36683.9950323395
36699.5710346717
36722.2332817803
36664.477626182
36669.696629493
36738.3394350043
36679.5409898375
36666.196502849
36712.628940697
36655.2569266578
36726.4655069618
36679.6132054374
36691.0671906283
36676.7368723379
36727.7175437836
36682.4774422404
36738.1520944478
36663.5134987817
36661.3376935531
36723.9120964816
36679.8437942324
36696.1822816056
36668.6249636114
36689.5826945956
36678.8522229585
36688.9811826041
36660.358386312
36667.6016112898
36701.5902814512
36691.8573713432
36666.6443005137
36702.9424814203
36666.1661616461
36680.8017126267
36673.0217612205
36685.340296564
36674.945760444
36685.9629020938
36677.3102285526
36661.9579634983
36699.25726498
36724.3285602881
36684.25749749
36697.4838730363
36726.9134628658
36677.177333628
36676.7617466952
36723.6929389142
36670.3673503538
36684.3004486259
36712.6469955069
36671.8611252504
36682.882692536
36671.493770351
36699.9109566559
36726.6048185101
36679.4677827346
36680.4122389349
36681.3321295471
36694.8228835005
36686.3461340028
36682.5571039355
36746.8491320829
36746.5548524885
36685.1445755773
36680.1952179656
36681.9772996099
36655.0173301158
36658.286834837
36681.9236132797
36692.7908407099
36670.4163659792
36688.0684287141
36677.1312409149
36681.1413497623
36706.331462737
36693.0485221817
36686.7053637698
36714.1147214577
36687.4103804189
36676.4684036816
36671.4474755889
36674.1043100757
36689.82033776
36724.9283122044
36675.81497648
36663.4103534148
36673.0696058496
36691.2038618338
36723.9927830783
36671.7041738484
36649.6771806804
36678.5269175669
36672.9502253807
36677.8005191797
36687.8967525822
36702.8275999341
36710.4714369626
36680.4658607916
36706.0182776967
36651.264859326
36662.8342314866
36710.4106007253
36663.2738633831
36742.3805137909
36728.9065677635
36696.3301435476
36704.7136301474
36715.2679232657
36715.6452266319
36675.4477323584
36723.7388614536
36674.2366403199
36703.6854411479
36689.8071649356
36697.3049913469
36688.6252036485
36685.2159282111
36677.3172380625
36678.8693462686
36693.0033120337
36677.7155289944
36690.1400517393
36682.2321385671
36710.6703200718
36670.6067609613
36663.1972745933
36678.8941982925
36694.2424570469
36719.5860750162
36671.87845939
36666.8342964146
36718.2838800074
36678.4154784717
36736.3714333251
36681.5722581911
36677.8589569369
36681.7817277971
36727.882863812
36679.8624050828
36685.4031459347
36660.6906094662
36683.1383206809
36691.9269544539
36675.113432513
36698.6364930459
36679.611765
36703.1042751995
36682.3145757928
36708.3589406473
36680.004827105
36670.3020193085
36678.8074515764
36683.1804360562
36726.4790238923
36683.1965072869
36667.2908300459
36696.2727929668
36680.3346716458
36670.1019747503
36667.6035597327
36698.427191041
36690.1499090462
36664.2476033163
36698.0949563425
36687.1995816447
36713.4356988517
36708.1083103109
36681.4156018167
36679.4841478862
36679.5251358688
36723.6708427038
36655.3746596256
36723.5041501741
36681.9461388706
36717.766571083
36735.1056804631
36668.8365893191
36667.3515613506
36683.2933713404
36683.6243843706
36700.5053315104
36664.7645211251
36671.4142357212
36685.465950675
36674.387279626
36671.4399182172
36691.3132427251
36712.3820119244
36687.8621584397
36686.4347792044
36642.1707287575
36678.3418616167
36686.6550173011
36680.1279214246
36682.6559589239
36684.1717032695
36685.4413960723
36693.564227488
36719.7381007052
36671.9510788742
36676.6756226799
36713.1995912285
36679.1811373017
36672.6111961376
36718.1576913325
36678.5932367789
36703.5797656441
36674.4608537877
36678.2451866092
36693.9915300901
36684.3137285948
36719.2168062593
36689.6174686367
36689.4952989532
36697.6523006543
36697.292391643
36724.2167675377
36703.4935842633
36689.8285507847
36687.8615729305
36666.8902221854
36724.6910769158
36672.4399141304
36693.9925813291
36670.7112124686
36683.7330537703
36651.9592177652
36713.8307996433
36662.1801916372
36674.9802770493
36698.4138948822
36664.0143919872
36674.9423044569
36670.9079633593
36720.2590116159
36700.2369592259
36713.8901928723
36720.0489303488
36706.5402153676
36683.8162750639
36691.2071322946
36709.8432201581
36704.3255008252
36698.7409730205
36666.143343032
36705.2436978054
36690.8464811027
36706.9736495894
36721.2004290283
36697.1770983531
36689.831651192
36711.7522852709
36693.8247628258
36721.6974000835
36763.4013380568
36740.991565315
36718.50679943
36688.2857164346
36704.1400895105
36737.4169417399
36709.0426789997
36683.97599147
36662.3119393126
36689.0670265633
36667.4109691383
36665.9545374371
36666.0909644141
36710.8845800913
36695.5516929153
36736.4103030697
36688.4088482453
36659.2079063413
36675.298755276
36682.5024280593
36705.5114668555
36714.7452877931
36678.9748720908
36681.6835108492
36681.9715276204
36674.8236545962
36715.9362011644
36672.7662271615
36681.8464035294
36677.5065452974
36720.4931151119
36668.4457819625
36706.5289783397
36673.4335022515
36700.705286265
36657.5664014637
36701.3669240904
36675.8563094065
36657.8142262462
36679.3785355072
36685.4494007714
36678.6655257617
36686.4226005613
36734.166035578
36675.7978353921
36687.5865441955
36705.3688395267
36681.8849810091
36675.2935628903
36725.3229878875
36671.7204077737
36720.5276879912
36723.681823222
36717.0725628897
36714.4070204099
36683.0709156935
36739.6718832477
36672.8176870756
36721.830668103
36677.173254582
36719.8429753567
36702.515262679
36727.4354286354
36675.7524124584
36680.4474962114
36705.0112578192
36662.1207207702
36682.5728519882
36674.2596453694
36715.2229871874
36698.8255568451
36693.6514132684
36696.8113273121
36697.7404831969
36680.0272590818
36657.025024979
36671.0251905693
36686.6749995737
36694.71582315
36704.9130985652
36680.6091582977
36675.4012678356
36658.6142422713
36677.9123165967
36677.4292867249
36699.6440182714
36676.5267109954
36683.5354158748
36682.4722613487
36676.3987558039
36675.0250692966
36725.460289446
36740.3119682498
36723.2434321935
36683.8427756659
36683.8640923399
36679.2996310987
36707.6653940654
36718.7041625205
36680.945743191
36676.2313609447
36681.5474189449
36714.0965031647
36690.2316243992
36656.4843077951
36674.9841787156
36708.1479182445
36671.7945172691
36703.295295168
36715.4421154205
36683.645594807
36730.7062797769
36682.7769888636
36751.9637532022
36731.2046735233
36661.9828558301
36723.3305717208
36673.5918785872
36736.2997573132
36689.0342890339
36690.6341333624
36692.0730955226
36667.2302272078
36715.1990180833
36658.6746022679
36666.5925240875
36695.0796633677
36732.4778995203
36670.1247802077
36704.5772994767
36707.5549874306
36721.2113158693
36686.6882200095
36674.5316709715
36684.4058917289
36668.5966107201
36732.6278120115
36737.3431778384
36674.0625567765
36697.627530668
36678.0798209757
36702.4814426337
36710.9762631946
36671.7552030357
36685.5756800863
36691.8297554639
36665.2123093
36691.24279554
36720.6078780211
36682.1181011239
36726.0410262812
36669.8669257509
36674.824841454
36716.3341353003
36696.1622491632
36667.7459745462
36734.7103800574
36677.5962842152
36683.1344106419
36719.4282071655
36670.7517744306
36699.9020807709
36687.291651825
36704.3242925032
36668.845389146
36679.6233797646
36666.4697870249
36695.9031177945
36668.4955817622
36696.8423487302
36696.0008967822
36708.0353071084
36677.3235201425
36675.2587300696
36697.0897884549
36657.3612138426
36689.735492583
36731.5008019652
36685.5941916374
36662.9231646961
36703.323163121
36676.596956949
36680.5081144682
36720.4761890732
36693.6378382787
36738.4208863578
36685.3664273317
36691.5280835586
36665.919178368
36714.1447907885
36680.3829411413
36688.6916678769
36660.7771325648
36703.5981675849
36680.4195050358
36680.9947873761
36721.1457143734
36745.470563237
36667.3954083176
36701.8506440623
36689.5216380058
36710.2497169335
36725.1430287672
36726.991772982
36705.146350318
36677.7501356995
36670.1670414165
36667.8339042033
36706.087163909
36690.6422179902
36736.9882992542
36666.0813771583
36693.4384396386
36676.7842957062
36674.7363686405
36682.7737167106
36670.6178853168
36670.5266464954
36722.0838371992
36671.2515196714
36659.0109896714
36711.2930005126
36676.0345884389
36706.9430211015
36738.5098918562
36679.0304046902
36677.4547460905
36737.6184792775
36671.7404305507
36683.3253478871
36677.1890557138
36700.9372147624
36703.5304090414
36691.8459247088
36704.0551992856
36688.7669587991
36686.8750252311
36694.612396748
36686.0750771983
36734.4314492847
36670.0939360267
36740.0541457206
36664.6518205611
36719.3045549099
36731.5291420634
36684.1733674832
36669.8280848233
36681.7593932454
36701.1430493525
36690.4047633662
36682.1924805226
36713.104313538
36688.6613059054
36688.3876148169
36695.4666764347
36670.2452602217
36725.1918779475
36704.1830980685
36713.6834646814
36664.6006959455
36684.1870104347
36720.7409168704
36753.0855733015
36668.6391932796
36732.8208953205
36686.2864493145
36689.1016360908
36696.0184512794
36684.9829263505
36681.50849469
36716.7535359547
36730.9956145866
36736.1622869793
36674.8248087652
36711.2532084214
36740.8652147344
36683.2828884769
36682.2853200914
36674.0862612905
36733.6341629274
36680.2040894615
36722.1843996621
36740.2503747387
36680.9018424972
36680.9500504828
36664.9832379552
36672.5558367667
36671.2872302452
36691.589886419
36752.3890574681
36691.5173966951
36703.3155292308
36680.898144468
36651.7395438116
36675.7255163818
36672.2750811618
36658.6860451986
36726.5331751677
36661.471466939
36667.4072559063
36701.1407919857
36688.7873318837
36691.8767709841
36720.3009460173
36669.7908461682
36709.4393312117
36736.8877321086
36669.9966108692
36689.0278702237
36666.9299623232
36721.6059214806
36682.0248700816
36687.0707260422
36658.7363636159
36670.1076140681
36689.5258568864
36669.0040836515
36687.5775237299
36687.728634405
36657.4376674338
36667.937915205
36669.3002483649
36682.718263435
36719.1168422737
36693.9836352505
36695.595497205
36679.5577566945
36717.712462719
36683.2179977714
36725.8091814392
36685.3209924827
36697.4358172571
36680.552794998
36727.3866358933
