36682.6523810037
36672.5555699974
36718.7529178268
36677.5188169134
36703.5161337167
36683.8803761686
36675.4518121829
36679.7905304891
36690.9004046338
36674.1072246795
36726.6244920228
36684.8104915052
36736.3027320092
36679.5020246506
36694.6485678905
36681.2896871848
36676.8171690665
36690.5664654396
36689.2346209913
36677.7345883415
36674.4911959447
36680.7776396467
36677.5092579221
36678.1136542892
36679.7090796471
36686.5425969468
36673.3549292728
36680.5628341299
36686.0354949061
36717.5852829103
36677.6834853387
36677.1935154266
36696.6777347998
36680.6596926724
36680.9719140449
36680.7460098977
36673.5561397158
36720.7921475974
36729.2978467005
36671.7787387282
36685.7824728492
36674.2474669944
36684.7129456761
36731.0441125194
36728.1398461827
36691.8426342928
36733.9857556536
36678.3158307733
36671.7046983618
36680.7339366532
36684.000704401
36670.3634597243
36675.999142731
36681.9399054272
36686.0818822017
36681.1086210926
36680.2149459873
36684.611547233
36673.6799272927
36688.5378711924
36675.7188501615
36682.3799691666
36683.9817026827
36673.8521158583
36738.6512540172
36685.3148383445
36680.8171865102
36677.4524484056
36692.8968931755
36688.1434522354
36685.1114160263
36661.6963679553
36680.6261414335
36679.1023654728
36680.0046959014
36686.1152441921
36682.9964097633
36678.9768734439
36674.4294482671
36678.5278899911
36685.50008297
36683.2408058819
36678.8758010609
36684.2596867375
36686.2553094132
36677.9425997439
36690.4321091471
36669.6672471525
36683.9119476117
36677.6238225399
36690.3217711244
36674.1945198964
36679.5420720766
36682.0598605167
36685.7755788371
36675.1619398871
36674.6133939713
36679.1363445221
36677.3193383619
36681.3266920149
36679.1661127938
36695.9723166413
36679.7444199848
36699.1105288217
36677.0929793377
36672.7960455497
36683.792715505
36689.1497412548
36680.7371706178
36676.586594356
36679.4284505795
36676.4075779702
36686.1473096009
36676.1292641806
36702.2484933588
36689.9301756417
36686.507790126
36729.2302144681
36680.5083664649
36679.8249376533
36669.5411796922
36687.7869000875
36731.9348298425
36731.9300423086
36693.9300960044
36671.1385748687
36681.0920711241
36677.3374488397
36675.6221520137
36676.1043817193
36703.9172159493
36677.6132263921
36674.4484131217
36734.2427919626
36682.5411488826
36684.3571198234
36724.4534781797
36675.186626478
36679.0950831688
36683.0900083754
36691.2204955968
36665.1143091336
36671.243438688
36676.0254893409
36687.946889959
36670.6791029018
36700.9561343919
36682.7298301565
36684.3750691701
36691.2014047414
36680.3286168662
36685.3871303324
36664.8131581678
36673.6933444598
36679.6766001069
36684.5212976723
36680.1017049835
36683.8524102381
36677.3890686609
36676.9316304667
36676.5704165785
36682.9376709696
36679.7982882662
36737.9344950671
36681.2199939156
36674.9768011384
36685.7429906575
36677.5118179935
36672.4813308548
36675.0328539534
36675.7055701765
36673.2906830096
36690.3122913845
36674.2541020911
36680.9336012955
36696.9511123778
36679.263158837
36687.6928694048
36682.5155718235
36675.4567629051
36680.0014485738
36688.4843561962
36677.0091350415
36686.9044105231
36682.212842663
36679.3799534111
36678.9246823014
36677.8153066864
36685.0688919738
36687.2512779158
36680.3966626843
36686.2403093572
36682.3895706276
36671.5724707132
36684.1301585876
36681.051078086
36681.7999654609
36694.8309653299
36681.9314523964
36691.6953677564
36680.3954519922
36678.5892240389
36679.8222383032
36673.688154383
36675.7253652934
36674.2781716374
36671.4508954169
36688.1280436842
36692.9005497297
36684.7093881533
36728.6430132931
36681.4816043644
36675.2342115889
36681.9099265388
36679.5230374962
36676.0053732414
36676.298082788
36694.5194002439
36682.3540921478
36670.8286458876
36676.7845805988
36677.8511112132
36708.2346705793
36679.5432742187
36681.9051906998
36681.2410038916
36681.8809225886
36682.120635793
36680.4087352149
36670.906189237
36674.7534352729
36737.0490134636
36730.936569224
36675.8281300246
36679.1952580957
36681.0766646759
36677.4345569981
36730.4515918285
36681.438638293
36679.3376456528
36727.1522604417
36728.0357953436
36672.4261153757
36679.3254569988
36676.9646395086
36714.1989984775
36700.2488866748
36719.0918863108
36732.3194105694
36689.8138043109
36679.4603245085
36684.4799976065
36672.9286481217
36671.7183781341
36688.7978250924
36680.7305379716
36676.634162574
36683.3729834385
36681.1920508218
36716.6663159221
36684.399488557
36679.5976825456
36729.6384806885
36682.8597552384
36677.3828714253
36661.7783147186
36676.5987775188
36673.9375855513
36674.3011798644
36686.7646362289
36676.1193677341
36679.9871381204
36676.1505272915
36684.4945157756
36665.8006669638
36677.6392700446
36671.6719973258
36676.6921705939
36679.5426920334
36677.1969104652
36675.4460498331
36688.4045728185
36681.3163147538
36669.3583169819
36684.6965281268
36704.9174767733
36667.724286405
36674.2266623552
36679.906016298
36729.3315424436
36675.6934889932
36684.2412525642
36683.6503466349
36722.5217464997
36672.3959550149
36673.5000378317
36683.6624219755
36678.8662268715
36674.4061420509
36674.582294935
36676.2252888835
36674.6128669226
36672.9046532193
36731.617918611
36674.7457188097
36673.5139917875
36687.2985901323
36671.881085646
36661.4888610105
36685.8218449304
36668.6392790261
36690.48057874
36682.426395891
36681.3658859962
36679.2636418832
36735.8118169712
36724.8448940809
36739.8093262992
36682.4053100532
36686.3454554416
36678.5846075215
36686.1668899867
36679.2979550919
36671.9494013895
36685.9042407403
36666.1745984534
36677.1679617959
36672.1445493168
36676.4055817577
36685.718422822
36679.3688336792
36673.6844885233
36670.0066427571
36689.6766501355
36685.2428819453
36682.6632827445
36731.8687998207
36692.2741320639
36672.2681050617
36681.399002669
36673.6110641625
36678.1175653139
36676.3135811856
36684.681772881
36671.2886371579
36673.7165103381
36679.7895944527
36677.9333027858
36681.0652911426
36685.2443187521
36671.3391669417
36677.1551585028
36680.0238172409
36676.6053417271
36674.6315192161
36681.3052586229
36685.0675306643
36689.1416614507
36678.2302722604
36681.3313316926
36678.6838816845
36683.2836672377
36694.714284958
36693.0263501163
36686.7625883104
36723.8546628693
36679.4339536468
36726.60105504
36691.884994112
36694.3691728172
36688.9523145442
36693.7495292601
36672.1235469253
36681.5954235982
36675.93417787
36695.5832399455
36684.0634599909
36682.1715679753
36686.7067377111
36681.9459969785
36669.0680883982
36676.0428220614
36681.9610555026
36690.6867465244
36672.6594913772
36684.7174429569
36682.2478788856
36681.7629843283
36683.9365252837
36681.57526145
36733.2879029257
36690.1550428756
36682.6442478703
36684.5823103196
36676.8152225812
36681.1051076195
36738.8171006869
36686.273669249
36678.5839652566
36683.4427837657
36729.8609956575
36671.1349896932
36675.8880795065
36674.9256410308
36674.4089631946
36683.0239793102
36686.5754269067
36670.5098561686
36682.7965824688
36678.4981684207
36686.3223319479
36684.0561694675
36686.349152047
36677.8088564291
36682.1862570971
36684.5606849211
36675.9076064526
36688.413650329
36676.0519878681
36689.791942717
36691.0594091548
36680.2791217786
36673.6203613288
36681.3226071156
36693.6327903713
36676.4022077965
36678.5501581636
36672.8426812915
36682.8287774382
36691.2358870578
36741.3627995484
36689.7943550774
36685.353247365
36682.4834565951
36686.9698905829
36697.2374310004
36673.8283152319
36674.5716545807
36676.3130718833
36695.3163624264
36690.7233329928
36685.5104983384
36689.1184783847
36681.2366887177
36681.6775640627
36675.4851344361
36685.269107534
36673.4568464061
36718.6497440356
36675.8442058357
36674.5586818929
36673.0604934399
36681.7417438212
36677.5998279233
36730.226843274
36669.983904582
36681.4761562737
36679.1883745018
36677.2929615123
36680.1461798771
36673.825427772
36732.7212891906
36676.9457962501
36691.1759343673
36682.4088104418
36681.532516973
36690.8323593329
36683.862720473
36688.4412936294
36688.6128596722
36683.5226893298
36679.813087088
36676.1381292984
36678.0770178285
36680.6554252275
36678.456847458
36682.3625862306
36686.8853247557
36677.195171606
36675.152720985
36676.4122513989
36678.976380771
36668.6481631873
36676.4599372255
36679.2057372185
36675.8000153705
36728.5600031204
36680.5568071939
36679.720607617
36680.6974999428
36714.3130093975
36672.4862528112
36680.9368347025
36683.8064740926
36688.8459637812
36676.4644292581
36681.3114028325
36675.3302637725
36681.0473156677
36685.5662518224
36683.2007974818
36685.2319055985
36684.3773664174
36665.772671446
36675.8849532713
36673.3461993353
36724.1441328388
36683.1101725312
36727.5168048831
36682.7586062202
36682.5756624675
36682.732625847
36684.6524822462
36679.7108767609
36703.4313204022
36675.1209176616
36670.2565695882
36657.391184121
36686.3099383236
36681.6911200878
36680.8232684329
36671.5357245478
36680.5880889486
36664.2909837186
36668.9261081111
36677.1667470076
36721.992623129
36676.7697993295
36680.4641284691
36720.3606387286
36683.7449205831
36687.2541588673
36679.0362880795
36677.7219466612
36687.2795441348
36672.5889770004
36682.7970025135
36727.6302266717
36674.0389166952
36676.2812046442
36686.219744791
36671.0681212005
36688.1453063277
36681.0174182319
36708.8970335137
36671.4824183299
36659.1056085558
36673.5350638368
36691.4808010091
36701.8628762449
36676.7804490175
36698.9495569451
36727.4264854242
36679.5440780449
36670.8713183829
36679.6057203498
36684.0911842255
36672.6525609648
36681.450552018
36686.0262453128
36679.6431213849
36667.041080245
36690.6894463076
36681.0473332492
36684.7238109448
36677.0463876297
36680.700810191
36677.3891047533
36672.0060392522
36683.3679738308
36690.4612133484
36697.5712312141
36671.9743605594
36680.2096507496
36681.0596126023
36675.1812174212
36695.9495375404
36693.9054404228
36670.8219221309
36678.6478797424
36682.5205423577
36718.1553205444
36674.3931512833
36675.751450396
36681.1318697972
36678.8337406377
36682.9251754187
36676.1168037016
36680.7435526101
36682.4568093582
36670.6594124134
36677.3875494905
36679.3465167207
36676.8414227957
36702.6131750132
36676.0022278731
36675.0330833193
36688.666933274
36685.9402178591
36682.382701426
36682.0503831563
36673.6248402548
36665.9775610607
36673.640431664
36673.2681561476
36680.2307494037
36679.0180949488
36688.5660225038
36736.8616571154
36685.1908140841
36670.4327928854
36670.1300573311
36669.1107106233
36688.0298891417
36680.808138451
36683.6457762946
36680.1491036591
36682.2990985226
36689.5694963323
36687.7932063405
36674.6661640416
36682.6342307061
36731.36658336
36686.3340941357
36688.2480128093
36689.3239694662
36677.9025085002
36671.8054254227
36728.4714955669
36730.6742791739
36681.6635523984
36680.9356330111
36687.3244561306
36672.3493587211
36682.1224900496
36679.7371973427
36711.963908126
36663.4269395477
36678.1103105124
36683.746475788
36687.5733762908
36677.487195827
36680.0706081894
36674.8016674723
36679.4104575725
36680.0636992764
36682.3879685582
36677.4789565328
36676.3956590653
36675.7923505921
36674.3866245537
36679.9973836479
36701.6751078654
36686.2079889882
36692.4544374759
36678.9032739075
36679.4969502047
36676.9595123239
36682.0828595028
36686.6337646272
36676.2691381477
36678.6897474557
36671.6887769976
36684.2182029206
36685.2648324374
36695.6099445669
36684.1452805578
36687.207817633
36733.9094718399
36683.9049365704
36707.6191462178
36680.9227062093
36681.2082541838
36687.5705135946
36682.9517761898
36675.0811792356
36679.4318785881
36678.2312702551
36680.4087319231
36673.3701370583
36673.5924119766
36670.2400721184
36684.5238969092
36681.0225917213
36684.1521555564
36669.1495669925
36681.4732714439
36682.0906077637
36691.9482827132
36675.7398419957
36677.765825343
36677.0748020449
36672.8205544098
36685.6362106616
36705.7687342977
36727.5695108127
36736.5975769388
36674.0307402744
36694.4703988471
36728.2070110137
36680.7639747675
36675.0644318857
36733.3142787734
36681.8567108749
36682.5992497354
36689.9583386847
36681.1227119574
36677.2850854804
36674.0539054177
36689.0222724825
36683.7399683973
36672.8239178948
36671.4418155861
36680.2344629878
36662.1682650775
36720.885641106
36677.3387019227
36677.1695123363
36685.6884146899
36733.8961743348
36690.2765343677
36669.3638572935
36675.4823416269
36674.2003400279
36689.084657735
36682.822645962
36675.3986069694
36674.200838428
36682.8832655585
36685.0484131319
36681.3868277898
36692.6852515796
36678.5092148906
36677.8326325873
36675.0531883415
36674.7643872942
36676.4420437977
36674.2605476015
36745.3838913823
36678.8610553119
36675.2834859937
36681.164885455
36669.168835123
36691.5487005296
36678.1577949701
36694.7141567586
36671.6545256529
36718.416507697
36734.3888663474
36672.5415988811
36688.4823041216
36677.0267173137
36678.422100365
36736.3439169436
36683.85685175
36680.1607055377
36684.4259044409
36731.4361344123
36677.7529076002
36685.182411323
36720.5658177191
36670.7284431895
36684.0626129981
36689.8474379588
36671.7332841853
36731.276209669
36679.2430067719
36680.5095534898
36678.4216837387
36685.0376232446
36674.5061591469
36677.0426702149
36680.9475115485
36675.4464380385
36689.40493863
36693.1693186901
36676.6562340291
36676.1021825089
36690.4378370296
36695.5867888895
36683.7526622372
36683.9603170169
36735.0066820723
36670.5437416091
36676.4731655928
36683.5603397848
36678.9857836795
36674.2694616504
36677.2305044673
36679.718459283
36688.4773997347
36683.2578473598
36684.3608005935
36688.5657818769
36677.3795630196
36684.3042887607
36680.6444714003
36677.6830060752
36715.3850939132
36685.883685739
36677.1162022865
36690.5707497097
36675.8771707278
36675.5780842947
36679.1597011018
36681.6303220894
36686.0444639229
36669.5350185577
36693.9179241065
36673.1663775584
36682.2837906072
36685.7585926148
36681.3858279439
36685.0231650339
36685.6246649102
36688.6571171556
36731.7618657283
36675.7548442826
36670.8669086406
36710.8870743476
36670.5163137559
36673.7452487929
36667.374071792
36690.7083039088
36672.7691852764
36655.5160582507
36676.3188689118
36700.3926028289
36677.8459475482
36664.3738836953
36679.0009899656
36696.4332892857
36675.9012483807
36671.9684339521
36690.3471699445
36682.3239041598
36677.4999642602
36692.3261579952
36674.5998083307
36687.7261383279
36722.1794524214
36679.9315378016
36681.0090809053
36666.7933769764
36672.0833307144
36682.3252942562
36671.2301841399
36665.6505999673
36730.5463878695
36681.757017491
36691.4789260962
36667.3601476584
36675.1590998762
36681.354217681
36681.1936140339
36732.2815523996
36667.6270655728
36684.2698986225
36671.6118626277
36663.4163414571
36667.4434204202
36685.7365720455
36689.9433325567
36683.1802263825
36690.1834382027
36666.7820167783
36682.186925361
36667.0703195483
36723.5598099553
36677.1803363852
36674.998326927
36686.6594422187
36678.0883822822
36682.8053904488
36693.1038461865
36682.6515376146
36692.5406443948
36724.7634339802
36669.7447918784
36676.552459001
36695.0743511036
36683.637566734
36676.2726093276
36680.2510935941
36674.9578035133
36683.7574411255
36690.4557027894
36687.7909777585
36687.8399359095
36684.8057368305
36674.8654102201
36675.1961582006
36687.6283474536
36673.3856203753
36678.9607189767
36675.118239373
36675.5932053153
36723.3049266441
36678.744491249
36691.5967370208
36683.6513246064
36674.2100017959
36686.8729481942
36693.7969184374
36699.690726635
36686.3116688011
36678.737473831
36680.5704715205
36676.4394273959
36728.4710617422
36677.7417002039
36683.549010931
36685.3718261527
36683.5502502527
36684.8135280071
36681.1456527341
36729.3368840282
36682.8647213083
36670.72295732
36677.1938026682
36682.0514247746
36683.6434928699
36694.8283013531
36678.7807848922
36692.2157420612
36680.311282487
36692.0397544034
36671.0246413293
36682.3678598998
36674.7354929271
36680.2245129638
36725.7544552116
36691.5421802349
36660.798285499
36689.7208552627
36676.3811899418
36671.4246906506
36681.031975529
36676.4434404139
36678.8252128031
36669.2974728779
36685.9140794707
36686.6513938747
36696.7961944484
36677.5398657837
36695.7313185388
36694.3457167631
36677.3306509416
36677.6707686595
36679.073539966
36721.5588568617
36680.5932626555
36679.6995009604
36719.9679179855
36688.2639190591
36675.2704905216
36678.8248885746
36689.4386004161
36684.3056980683
36680.7684703809
36670.6027020016
36677.8337984865
36668.1330737921
36736.8480475988
36697.5183612911
36680.9466224752
36680.6226811016
36679.9644664124
36679.2946209164
36681.3014039218
36673.5995003573
36678.2908801513
36686.3511934089
36683.4033205401
36671.388002658
36696.0331012727
36688.0815060691
36675.6154576169
36676.6656117033
36677.4475139096
36695.9662530421
36686.3217207511
36679.9936862958
36726.9507592619
36680.0821093299
36682.4659735784
36729.2581194077
36686.2939039047
36685.3521334255
36692.5230116009
36666.9887971036
36679.4539466134
36669.8766427753
36692.5724297643
36684.8041680875
36689.0709962657
36692.9382144248
36681.6206295332
36687.6305022885
36678.1440398245
