36710.1635177114
36683.363322764
36751.98427158
36702.0744003268
36701.730464038
36716.6619560372
36769.0407558241
36642.4652335582
36759.7256512165
36734.8353478652
36685.0633675255
36694.6198321121
36731.4435745448
36712.3838528089
36767.1696061284
36782.4617383053
36667.1586316947
36707.8130764816
36744.3397411333
36721.7833549101
36747.4512832062
36803.9868170394
36702.9164160491
36734.0917546501
36768.3688184269
36722.9796444315
36754.0552732988
36722.9409129645
36702.7220340159
36716.2510425853
36773.1358740431
36708.2296232304
36699.2134937088
36817.3916528673
36772.1508661249
36761.7732850693
36691.5723435116
36717.2360421334
36743.4337175253
36724.0662340364
36745.4733962813
36705.3873543425
36800.3612364858
36774.5958785458
36773.5352542451
36815.7372523015
36715.5329540393
36712.2547946991
36713.0538448989
36694.3442216695
36735.589004823
36732.5332630253
36709.5211307619
36759.4154690331
36779.395205053
36761.358163962
36714.4507408351
36682.8867945356
36717.3477112563
36739.3725605221
36725.4084486096
36699.8169776722
36809.2955409596
36707.250478174
36710.1390312767
36754.66670371
36800.139898381
36731.5536484677
36767.5179984977
36751.1395201428
36693.2903402141
36737.8609726583
36697.4679970692
36743.1625133447
36731.7418579239
36711.4273804996
36664.2700142605
36745.680847271
36695.7947662154
36755.7916621907
36786.3138946083
36667.9241005026
36696.9037126291
36758.2640738688
36817.9853374769
36723.4536492142
36752.998177018
36749.5643314446
36774.5101635436
36707.4856183531
36786.3549767047
36675.0122948997
36770.1857536333
36762.9685106773
36681.0492006962
36743.928294975
36743.2085031024
36754.9063820226
36684.2683253872
36751.6032210134
36742.1060858765
36685.3075189637
36759.8837370847
36655.9110203189
36685.5193327291
36799.8170683856
36768.1815013258
36765.1221803961
36735.9347991733
36791.6501762971
36824.6517343895
36747.4800424986
36838.951589889
36715.9291848235
36771.0493593932
36801.5314401741
36695.2061863213
36720.2485019195
36759.8627946789
36812.9010893273
36833.3161948991
36764.4980433427
36699.8825259534
36709.2858151963
36765.5829229705
36762.4211710545
36683.6097980222
36786.1581858216
36752.0543841481
36680.8572116211
36709.0098509238
36750.9857306087
36732.961489737
36722.5488641955
36775.1326371955
36820.5532500106
36733.2311108587
36721.19907808
36714.4278371466
36730.7527376442
36676.2516070263
36721.1922839708
36729.2212331434
36726.9181905672
36770.6191846821
36727.8276610021
36757.2474741347
36742.1503186707
36712.4816183741
36713.4968318742
36774.5998852528
36745.5012775648
36732.6183263665
36753.984065413
36730.8434316177
36673.7764101095
36724.6656895776
36721.0705799064
36737.0934910832
36745.1567325213
36708.6357519933
36737.0591069954
36736.9884857336
36763.8206763133
36770.5768336798
36780.6948219014
36747.1089971444
36765.3636089724
36768.241806172
36745.5919975161
36733.5164020824
36814.8267498509
36709.2465748802
36715.8782742565
36800.9790454713
36754.1755092795
36679.9418991434
36771.8984918441
36668.0777842157
36796.2723454622
36751.6296864246
36754.6293885876
36734.4641402479
36754.1060594437
36746.8742213201
36722.9843468671
36673.3171271914
36723.533839551
36741.3328763106
36749.3366872674
36730.5731905138
36763.382264724
36661.8870661842
36859.3359341873
36746.0474958494
36763.3791906165
36755.2839291669
36714.6349159831
36724.045038143
36746.9245971585
36723.4551072841
36767.0502564663
36764.1632569044
36739.858251934
36753.4078151607
36690.7567052364
36731.5294643597
36692.5125176274
36723.7219401077
36782.5600179247
36738.3422434892
36781.5091385043
36791.8394569474
36763.381353656
36701.0485179863
36752.0484244828
36699.2886081375
36772.9672723915
36693.4661285586
36689.9970635729
36733.9686734785
36768.1732377356
36730.1770663396
36729.0349434516
36746.2046578918
36652.308611937
36673.1601486991
36763.9285990491
36700.4726186409
36678.6985119996
36731.1322033264
36675.1709646574
36721.6632241982
36731.5283746579
36700.9236875431
36692.4215357783
36686.1367971867
36726.5616245705
36723.8437270846
36779.5295280974
36816.5928477394
36722.2999441552
36734.2690813425
36705.3477366269
36751.3611906474
36788.5114380255
36751.1526427282
36834.5268273296
36773.7629643171
36730.1407622479
36676.3340826952
36749.7539960576
36811.1443739806
36743.1448356376
36753.0711356745
36722.509246725
36796.1166921672
36765.2108803909
36668.2591310934
36825.0597812547
36763.950139775
36722.2556055254
36788.9103180846
36755.3198387857
36730.1564923719
36691.8623266925
36720.889887211
36759.1227887763
36716.3631606983
36784.2464376666
36695.428284068
36701.1431933695
36761.0820503554
36777.2468215874
36722.3947466226
36747.1470501358
36702.367385202
36740.1020030747
36729.8471600664
36809.2801581045
36717.1538737613
36696.3949532531
36677.7327512314
36707.9875633112
36745.6513814494
36718.4737650803
36755.2462164373
36747.2962726065
36727.7890782425
36667.8360342377
36813.1166494284
36745.5473831437
36728.0643290804
36705.4980117496
36762.4378529135
36712.6714086548
36706.1772287368
36722.5915037994
36662.2465454327
36633.9970635064
36740.5561726704
36731.084438506
36691.5599595777
36738.8027791827
36798.1542133688
36752.2833333389
36752.0276457321
36729.0346461923
36669.2200643206
36766.2396755199
36734.2129226858
36786.941689459
36749.9441313825
36800.9112580728
36764.5635147843
36753.1101984748
36705.3397396286
36668.636111823
36761.365356038
36722.2602769467
36736.1624950562
36781.9143914992
36766.9385622177
36757.8898867147
36705.4315467393
36657.7429338815
36745.8680117476
36732.9558065176
36704.6048838312
36834.2163461529
36750.1622539905
36705.4856736971
36766.9446500359
36760.9556899356
36784.4902706988
36722.4796311385
36802.8688216919
36781.8709037035
36762.4823582133
36740.5227380941
36799.0361726724
36762.3987762783
36759.9848801913
36733.6386804262
36726.1420458509
36714.0932684546
36727.7257297862
36752.6328931733
36798.050643618
36751.9943559084
36776.377015052
36725.5643846532
36739.5856355244
36739.5442323137
36756.4045173493
36700.6848790251
36671.6017977739
36726.3283160122
36701.1143430189
36765.1574399803
36667.2036594419
36618.0431309222
36707.0189993241
36789.7473355251
36708.5978151103
36745.4728410787
36735.1263173333
36697.0121149013
36718.4563249092
36698.3266362529
36757.441651839
36756.1689249651
36711.9575866096
36699.254296385
36781.8091167025
36692.7829087714
36740.9695277649
36745.8212968306
36762.9089780358
36758.3237518132
36723.0439788538
36797.6231767272
36691.0583101374
36705.2878893903
36786.779306935
36683.6472693785
36743.6776234428
36756.4506795072
36694.0601393941
36789.7310993256
36782.2616439909
36780.2351854575
36723.8226261128
36713.1802589667
36704.9970950279
36724.2496632286
36757.7749592916
36733.7791322062
36774.196054996
36690.9036343498
36779.5650942497
36723.5390231764
36780.8582008753
36725.4225035078
36716.1683299389
36686.5212997216
36779.1468960128
36698.1791776382
36688.9133635742
36725.6931321938
36709.0146848095
36761.0240828968
36771.925645798
36741.6742830427
36701.3478536671
36716.5801107306
36753.1299773502
36719.5751115308
36771.1121165667
36731.7368539896
36772.4846139147
36732.585082978
36795.1709919201
36799.5834755654
36690.7163581779
36747.5490130998
36720.0807815866
36728.6589124218
36747.1706419056
36740.1951628413
36735.2463892928
36715.8544006411
36723.8102286875
36708.5345553988
36735.550844097
36788.4593598701
36801.7543806568
36673.877303806
36793.7200604003
36760.0668360853
36710.5841530945
36685.6283322304
36759.4557298177
36761.2333083034
36725.487382529
36726.1992504162
36675.7706161199
36759.2399684376
36697.0819545188
36827.6175134553
36723.300983353
36703.3327001866
36738.4736231689
36701.563557643
36724.9353650059
36793.0079836968
36747.5620093755
36723.178867847
36811.5715930757
36746.3959081992
36743.5836747043
36693.6751958697
36723.9779133653
36780.3154459289
36722.6233660597
36770.1028145584
36715.2559689291
36712.1685304555
36724.988874548
36779.3861195181
36729.7259140744
36714.1123200827
36729.8743707832
36711.4769981511
36684.7448024329
36766.7417492004
36745.5413834803
36771.5724610818
36750.1310080817
36677.7846822763
36797.4628706605
36739.8720627953
36716.7004121889
36804.912528929
36733.5414641972
36702.5878291495
36684.5692175922
36728.0915081676
36689.8778686455
36653.4230221318
36739.21701907
36708.8850070266
36826.8985691769
36780.9441941667
36657.2854682306
36820.1363138934
36703.8274676046
36719.062372402
36735.1295083241
36742.3155896781
36725.1137477861
36710.0344105406
36749.226284356
36729.5866209765
36766.6312679492
36802.8393272729
36785.1288421388
36740.6345244317
36734.5802016311
36752.3642537059
36679.9406875573
36765.5509643868
36740.8327405469
36726.4878338392
36695.1322239878
36742.0245447119
36697.3270198195
36754.169721585
36729.069306206
36693.3747753717
36725.7940584074
36716.9884457292
36822.2716348353
36721.8516100844
36778.897706855
36709.072828516
36811.6537878491
36716.6487379028
36742.2126903241
36767.8959460548
36745.9954837038
36789.8918001886
36788.843360086
36743.5128819328
36787.9029084879
36719.4276439669
36767.9423092676
36784.4099252347
36713.7386116952
36694.7382378636
36766.8583579849
36755.253628163
36761.8011278574
36759.8828276565
36732.6548802671
36787.1831901075
36698.2225895408
36760.557628339
36741.3915668338
36718.4780085437
36705.7859581585
36735.1249724225
36736.278769009
36734.8145876984
36800.7226005121
36763.4908979775
36768.276685607
36739.2280993163
36721.7116477887
36715.5081412299
36732.250630285
36681.8846422076
36701.3600251696
36750.7505760104
36750.5993368155
36769.7775502049
36727.7767892498
36709.2845780915
36686.6995060754
36736.0065617356
36735.0308533137
36684.3348753349
36708.8484544054
36724.7231876125
36676.9667914174
36732.8536088006
36756.7317220009
36698.4818810504
36717.8912064288
36699.975532533
36699.2806644175
36713.892805922
36691.309752598
36719.8782872036
36763.4452151913
36714.5179025468
36773.9387170988
36709.9289639228
36798.7671867642
36816.2968704376
36730.5848612934
36667.541664393
36709.5677262873
36689.3378750496
36753.4802527651
36729.9913305858
36774.3111160585
36760.3985979653
36697.1508154479
36769.2047292872
36729.2593735201
36723.2883748138
36746.3225330032
36711.3911902198
36680.1129632489
36746.0529607091
36718.3712985596
36685.2851784494
36790.7619607768
36694.6714210417
36770.0458427104
36692.5615515763
36743.6808657325
36724.1054277011
36728.9864729144
36694.3120959853
36786.5402004483
36739.447962846
36752.8122413832
36717.6724472219
36730.3949218363
36754.5686414414
36741.473046639
36768.271075045
36720.7670462581
36758.8907896488
36670.5252670026
36716.1805194855
36688.6952770479
36685.3400015935
36711.2997929604
36700.5239785455
36740.1095743642
36767.6138598243
36745.0552191775
36765.622768525
36778.3726685757
36732.4674463674
36754.6659561109
36784.396033193
36736.217574847
36725.3185431911
36699.7015455448
36694.9837329371
36768.9793498944
36765.1714120377
36761.9312181007
36763.2210906013
36772.5275689094
36720.9927192638
36719.5437765584
36724.2777987067
36790.8288716414
36805.1484318799
36750.2663081024
36658.3700846831
36705.2602724705
36654.626123149
36716.2119454166
36683.5720602717
36717.8887695584
36783.8841727985
36762.8683093666
36701.3686536392
36762.2164389722
36729.165434497
36711.7239885434
36775.7390742521
36711.8303492989
36691.3204075452
36739.1226014013
36762.3003026231
36756.6508746648
36755.4998994211
36705.0053106099
36785.6069562267
36684.0584969043
36632.5366447339
36729.5627383293
36740.4002830421
36759.9860229896
36769.9992020858
36746.7738784698
36688.2249282582
36769.888097997
36685.2847443362
36821.0742849655
36741.6123124661
36694.0053479054
36708.1438423628
36716.4161162525
36661.7490417065
36738.789990371
36748.8862431254
36744.7896795129
36754.1300365744
36715.1232787891
36679.7136660787
36714.6231563739
36711.951305666
36686.2874181147
36718.8039452557
36747.1755594852
36711.3156431691
36710.4746464446
36781.8089399901
36703.4173236406
36772.6454945848
36829.8623768063
36701.7758617704
36718.8434224594
36785.3571666356
36711.6900284534
36722.0281319755
36722.6486041669
36689.5828718873
36681.8488660198
36713.2310706821
36726.0922000021
36755.1327968328
36712.7457209251
36736.0032233315
36780.3280257447
36654.2332858634
36742.7167786713
36725.7722991522
36661.2929139431
36822.8872966333
36710.576017368
36692.2339102715
36722.8267353439
36740.7332504151
36760.7198821079
36697.6372201146
36750.3720856423
36710.4421391903
36738.2825659666
36727.8870507685
36792.0753541594
36726.6750852945
36769.5632498831
36719.3295203433
36693.8144158685
36709.6898175035
36763.6101721682
36701.9503433276
36753.7651197619
36695.4666728823
36755.6247888883
36698.5714929509
36742.6383086105
36717.9036795618
36756.2200739238
36741.9364602729
36743.0816840315
36675.0339523358
36733.79169787
36762.763066546
36686.507953134
36760.2692716842
36701.1396522196
36781.3525567501
36691.3829782176
36735.2154621685
36675.0897545641
36689.4599062268
36710.7292574581
36736.8753969555
36713.3555442568
36747.0009329247
36788.6052721904
36735.4231507481
36784.3625918088
36708.4710730537
36696.4670576581
36663.6168039651
36735.1113862847
36672.316163817
36716.1937091726
36752.7532441488
36703.5533044423
36702.0474400175
36753.614209221
36711.766024754
36811.663418939
36697.0941960365
36691.2279258374
36754.233839475
36703.8080240607
36785.152128043
36705.7728268658
36714.6378085754
36731.9208306893
36678.2782506557
36696.2161464255
36722.5428067377
36669.04903511
36721.6621753623
36720.0562693354
36791.9468135014
36758.5648592669
36738.58950592
36754.7366213549
36775.2998041049
36724.0259646011
36809.0702621859
36774.4987642639
36751.1905658508
36672.9504984682
36729.8573804956
36695.4533919047
36736.0924235199
36722.3029994786
36794.3944693956
36710.2851346657
36711.7188920727
36763.984157542
36730.3725090879
36724.6800748739
36674.0549062274
36719.7808876968
36757.2992943319
36761.5527374087
36715.5677793396
36734.926392245
36830.2007978614
36743.4833891149
36746.3652609272
36751.8453980424
36713.6980892036
36772.5579113109
36735.0359524868
36793.2112499387
36714.2209550224
36775.614904782
36703.0430237473
36760.0989098619
36770.9202608519
36814.7143443025
36814.7630843063
36690.8985876235
36721.037194388
36756.8149836848
36680.4316901902
36742.3357814105
36712.1053621242
36663.6707359906
36741.1736598976
36801.3180983185
36713.7540412176
36733.8181918565
36738.0033071181
36751.1262225862
36687.9079419057
36745.6765347758
36731.3118050834
36759.5645935181
36750.0682316314
36730.7375072893
36702.7823283706
36696.3485302604
36706.7178763865
36708.7046989203
36738.3700332482
36752.0229127475
36706.9241831724
36690.681357697
36743.0239505214
36727.2114447994
36714.7243496411
36703.9014847735
36777.0965632778
36703.9055641619
36761.5633030468
36794.5992181653
36758.7875113929
36758.9106695085
36725.5316172636
36715.3232391082
36673.3679127551
36718.4904691066
36771.4019608292
36693.5463937851
36750.0280880352
36729.5855873847
36708.0769217756
36773.5168608624
36709.355050132
36780.1545874662
36741.4708723926
36681.3912980662
36739.0658261878
36717.727204519
36717.7422360554
36689.2763997185
36739.5629901922
36678.5685994024
36678.7226502711
36731.8629380338
36719.4609404633
36707.1055531516
36658.4864805864
36726.8911912247
36776.011631924
36733.5247757343
36765.4479626435
36787.782104527
36758.8229135945
36679.7386856412
36801.2632355541
36762.073632366
36673.854745704
36807.47212296
36739.3760302401
36804.7375678583
36849.3647218694
36733.4321114096
36740.3069663705
36696.5677356319
36689.1738314662
36689.0036185063
36731.650578461
36684.3357993312
36713.0594906434
36757.4386597237
36715.4768222398
36703.0028589466
36725.3637444182
36754.4283197772
36693.9309690712
36771.9078022225
36690.2779855955
36737.8729481453
36693.4958929979
36764.5613873806
36697.4355521941
36737.1263959533
36694.402209854
36714.3942220286
36758.9285568361
36720.0699540498
36738.3169472257
36774.5576497926
36688.8196392382
36706.6101104731
36662.3736613373
36746.9096713114
36747.6624406364
36757.2454101366
36726.1144358312
36757.3966034134
36698.1823056475
36778.4619618019
36672.0018819082
36740.8835791034
36787.3437972031
36803.1261912044
36683.6613970157
36799.7667993613
36717.6067067908
36829.3159025354
36722.789901614
36710.8151081137
36720.8226048409
36740.681024954
36713.7712689266
36743.7859055303
36760.2610053204
36728.2661114457
36751.4975059236
36674.1653580428
36790.0187073991
36763.4323557063
36737.5097229859
36771.2198138059
36685.2981767629
36708.804914881
36815.0405005248
36762.4697184166
36743.7764390832
36737.4720253566
36759.9814255127
36757.7662936
36758.0861029237
36688.9743504995
36672.6870536054
36767.40375822
36708.0185184313
36751.4012382977
36795.6505020825
36724.680145061
36802.1779886369
36697.1918391148
36790.9405720114
36700.4062226032
36716.6043539835
36711.6426953088
36639.7990511771
36734.6269879357
36804.8638576413
