36724.9338525904
36702.5860884505
36718.7035970781
36701.3400763048
36730.9960314881
36742.1877364474
36716.7419876661
36737.1106414994
36735.6385799179
36760.4239599009
36715.0237850232
36746.2302965085
36734.6095761553
36759.7303110304
36746.5886167352
36702.3990002359
36672.3125217542
36708.9800211968
36716.2303622004
36720.9677401161
36738.2377195997
36756.5089587566
36725.7804759175
36805.6459755998
36699.3573121592
36753.6773576605
36735.4304251621
36758.3006821262
36766.5698868115
36742.5634605566
36728.4400795865
36664.1905324974
36758.9350448575
36711.3182746634
36705.2372217377
36754.7293518827
36742.1938081509
36705.7150370449
36759.4421620722
36683.7445004185
36710.9520488728
36729.7053168217
36701.8731230916
36683.8751822103
36715.1845464492
36705.9000417678
36765.50697676
36805.8194497499
36804.3707813558
36688.8159760186
36680.9574808548
36742.0716255928
36815.3599332124
36739.6506600949
36735.0820821032
36730.6029664671
36736.3676059636
36724.0606828087
36703.4822447506
36709.7300284807
36736.7007389875
36658.9241396447
36729.6255411646
36746.1197458075
36718.2488887562
36763.9966581152
36685.1672195937
36725.8425840698
36708.9437701867
36716.5684378693
36792.0197523149
36753.0900948982
36709.8508507758
36779.3289419419
36789.858450534
36708.0532710545
36672.8896690498
36689.2397090572
36667.9007342875
36767.8470051627
36737.5149755179
36723.4750058397
36667.9453504528
36754.2946255232
36685.4162035759
36740.687578743
36729.4666373518
36735.5552051701
36724.3096886662
36701.9109794206
36764.9008522856
36687.8469391211
36692.0573242662
36732.4110813049
36716.4974129587
36764.2703602323
36726.2959090168
36772.6406982649
36725.9952966856
36652.4279651941
36723.5608010395
36746.2288412414
36731.0645301867
36724.6658334808
36738.9253962959
36747.5551157729
36723.0382111934
36669.2041611536
36712.5554840241
36757.5594034776
36674.7884139421
36701.8965279077
36784.9447330601
36703.3643410824
36700.659691338
36714.7942785665
36738.4758991369
36700.8726802555
36718.4760928791
36731.3307785285
36681.9791548775
36719.9104143065
36703.7721913986
36757.8451905655
36790.9136775978
36739.2217923986
36685.0007498215
36697.7206395295
36683.4762581289
36696.6740467104
36722.5574926316
36706.5455251456
36679.9073156668
36726.5751054829
36716.1885575778
36749.6278330898
36745.5705504391
36692.466786725
36794.333942787
36761.3054692269
36695.2664614732
36758.5901745159
36782.1339135615
36761.5492907477
36740.3534429771
36735.1306876043
36725.783807893
36686.8084147562
36702.832348722
36748.2454106787
36718.2229700415
36782.4212392081
36765.361708128
36708.0205653722
36699.4041996794
36791.5144013208
36801.3384716618
36723.0475880819
36713.6708582031
36645.6116664009
36725.1498089823
36712.3716426301
36821.463090904
36687.7121340213
36713.2809250428
36675.4362859595
36723.0120381242
36727.8138578227
36708.4205919611
36719.8396695607
36740.1752755082
36759.9526463987
36742.5983586804
36697.2141071449
36713.0064922681
36754.928724448
36710.5740111638
36746.9783897439
36793.9348526448
36736.1313364727
36775.5481328366
36724.926778642
36699.3454799702
36752.3286028722
36738.9503294683
36793.9009855632
36757.7733574277
36704.5210593402
36746.4675304161
36713.7304057555
36748.6422057454
36731.2328264222
36712.5673384642
36748.8448882558
36708.2502659792
36685.9162524204
36736.8364794127
36714.0036222088
36704.5274692279
36756.0828675232
36693.5914340827
36750.2782148059
36741.1018580006
36676.9455415636
36772.2841549938
36763.31688066
36759.8059010359
36714.5776951263
36757.9305644313
36737.5663081834
36752.9179628434
36701.5986279756
36810.8275083952
36695.757425284
36732.6961223527
36737.4579981081
36694.8404718711
36748.3116270542
36784.0119396332
36703.6836014909
36711.8466343735
36794.298731689
36731.8130730192
36675.7015502914
36702.0814513887
36733.4253152932
36683.1900700825
36724.8791349262
36782.2688164106
36709.8363785498
36742.8063830555
36791.0315337892
36755.5515223795
36766.8577138195
36722.2961953149
36688.7167170197
36736.732398503
36785.6578034721
36766.2224122219
36656.3817205586
36726.4288012225
36750.1061313414
36751.1192452609
36668.5194847183
36720.2486076944
36647.8546932458
36760.6502186461
36768.5504153827
36734.7024867638
36723.3846481664
36692.1301326305
36706.3732281453
36748.5880787451
36740.2747176513
36704.6402861802
36734.8987488422
36731.3301890727
36733.337514098
36681.6519910451
36685.6390661796
36764.223599141
36710.8079812446
36745.5810182265
36707.6979656928
36747.6687874157
36755.2431958927
36716.3377735416
36752.9375795355
36710.0919140294
36747.5161971254
36731.2716304417
36659.1267678142
36747.0507508364
36688.4593145843
36728.568844859
36716.4236281131
36754.330381741
36706.1862886711
36710.5547367665
36791.5170772285
36750.349599526
36739.7322281067
36732.303104164
36767.0764322046
36694.3192840895
36736.6344526912
36734.9074529985
36743.0953004017
36768.8504825583
36674.5570417266
36790.0530416047
36722.6278719977
36722.3639199264
36727.9237468737
36717.0429584964
36718.2536674173
36757.1885577158
36813.0268482152
36722.0191635199
36719.960204735
36727.4369661764
36700.8645283885
36732.0944322444
36703.7995661509
36732.0371928877
36695.2212438747
36714.7974721094
36767.5649646162
36694.5069259887
36657.6249750269
36730.3547363655
36752.7083314217
36760.1013045661
36739.9177407942
36725.6481269132
36769.0413655917
36709.2263997476
36741.1626850175
36739.1736337352
36679.7305346823
36729.6452408748
36723.3724670951
36717.4622746805
36690.1810251413
36768.3620032466
36711.6520078288
36748.1900256109
36753.4024953504
36736.5268309021
36692.0904264047
36713.8933762329
36707.2947070905
36739.5251013303
36675.1993483151
36722.9525199779
36728.7525955647
36697.2203103316
36694.6838996905
36733.7356024039
36736.5606060698
36761.4753974436
36705.8998253488
36707.9477411508
36785.0906397068
36806.2504839509
36690.0818843485
36727.1785408245
36707.7927094852
36676.7287068849
36732.7789386238
36738.2536036476
36761.5172201644
36756.8236708588
36731.571284775
36698.0854126572
36668.1538418482
36722.6452366993
36684.5330331636
36786.0304510626
36742.1479124073
36810.4165101191
36782.9893579116
36796.1062411352
36710.2797906631
36654.2617157228
36678.9628301432
36700.5646018911
36682.6502941017
36707.5524952274
36718.3509848306
36766.0491346295
36746.3412863036
36832.1882543011
36714.7101755788
36782.1748582418
36751.4717469593
36680.337124009
36783.9752251087
36670.4809944002
36731.2765216427
36706.7254740569
36717.9376020639
36747.7895421262
36706.7558277492
36695.8861532554
36726.7631490424
36749.8185222346
36628.8923351151
36729.8492188353
36696.2063617694
36750.4959784783
36799.2193958859
36720.7825574377
36684.6811386758
36699.0604744886
36723.6693218155
36692.6725460488
36719.4141234699
36684.7392259787
36770.9445690754
36708.8470428563
36710.0597823131
36719.1896305971
36750.2162260581
36704.0559766478
36734.4111007193
36752.0108335868
36755.0778155402
36731.1428797248
36729.2978822854
36718.1384796747
36760.9542364833
36783.9302509442
36711.9698039253
36737.3142738798
36767.7907909252
36735.6132825494
36724.4154326089
36730.0071742632
36733.5820906803
36728.356773783
36679.984435714
36666.7647304412
36731.5484928179
36754.9867524334
36679.8199810746
36782.6283868396
36734.949654848
36700.150946323
36735.3125010609
36750.6266722103
36748.5211472592
36765.9642879338
36765.5722259454
36675.1847495159
36709.5495868346
36841.6412242861
36688.6499747116
36712.4394432142
36666.4925997293
36766.1136770235
36677.7897871732
36714.1920670469
36768.5190451937
36702.478250909
36789.7599980598
36700.1130053862
36686.7468416754
36805.0146108196
36740.9825027038
36720.5975555354
36761.8902102607
36680.2000500728
36695.6337741423
36711.978590454
36666.5617987073
36713.512494952
36735.501679808
36742.4187685232
36735.1035995465
36773.9048943659
36738.6378184268
36731.5129081094
36715.4919063024
36695.0005246689
36743.9154938336
36734.5993599804
36787.7047870346
36784.4662162168
36747.5344998796
36765.5968066286
36688.3499302558
36687.6545339438
36794.0509294978
36717.0545612077
36665.4728901358
36773.5110843638
36691.8359272467
36715.6647156198
36772.2480913851
36670.249961701
36714.9031679333
36741.8932494459
36718.4645195566
36726.8455653997
36735.60888116
36733.8491790152
36775.1185515073
36712.703734305
36734.8926989339
36801.2821092869
36681.9671456911
36695.0219116341
36727.2379135034
36705.810492085
36719.7999929268
36739.9831307065
36759.6185637644
36742.9948956922
36760.2482738678
36766.871552982
36763.1844780671
36662.3267543649
36648.7014195349
36711.2250917809
36728.9942033625
36697.2057623845
36782.0218691641
36792.3940277702
36673.2132042659
36734.6889333201
36704.1010180951
36697.8553974204
36787.6263063751
36710.6266458472
36813.8969867487
36756.7680039198
36725.8622558803
36792.6630417728
36737.8831740224
36749.6241872549
36793.6400726855
36777.0364484972
36744.5603886172
36717.7854690578
36691.2702575823
36790.7586343322
36793.4057798284
36765.4365050873
36750.7576030641
36758.4257981928
36737.173956767
36749.8230399989
36700.9668194754
36739.2329603869
36653.8458452142
36694.1350296364
36724.8080306395
36754.5290827188
36756.7070438635
36734.7418509387
36829.3778082651
36725.2019007073
36765.9793878013
36830.2418407474
36768.9132024101
36693.214641848
36745.0872529319
36692.9694643506
36679.7284454984
36767.8398299466
36765.7625186232
36766.3875984566
36730.390876278
36720.1930819174
36806.9757361819
36720.2841039331
36744.5193530038
36766.9832501097
36721.9435221288
36735.0673654598
36727.5037978725
36726.490363662
36716.1651338888
36690.4787289286
36706.5855321235
36717.342100282
36755.3592017406
36719.9985394339
36764.4912150552
36752.5770031379
36719.0546164236
36701.8154123245
36764.7648112964
36723.622966047
36709.9052645851
36698.2940543401
36690.5894131422
36723.0923309896
36709.5241642604
36756.754594667
36699.4201081062
36743.8143526982
36694.5308954081
36675.2196544266
36685.4732250327
36751.7683042854
36666.6415349488
36673.3931461798
36731.6699769117
36683.9201747397
36673.1931136741
36741.6911642196
36723.5834259204
36733.0248994359
36753.0970918848
36657.9388573399
36729.1707243095
36697.6804436109
36658.9215444159
36732.797469553
36749.2784258143
36673.3135690938
36716.7923165667
36730.872703826
36785.5115414744
36729.3009604115
36710.4808050679
36793.8010293435
36731.408235208
36710.6045625137
36724.2703996852
36736.3000395529
36677.7564488546
36679.7394564514
36740.0683840073
36723.1632691477
36696.781657056
36694.7988613241
36729.7780397292
36742.5686305019
36732.2743121735
36693.9744758092
36762.0867218648
36740.882301439
36662.5781820132
36745.5775035295
36661.6445927328
36672.3983126254
36715.3021045553
36851.8382246321
36705.114890317
36750.5075759919
36660.5175149028
36735.7195535176
36787.0346327154
36749.5427215465
36769.6044352265
36808.1302649168
36693.550260137
36694.2635892688
36702.181634004
36757.8232145632
36710.6504463211
36704.4954521593
36701.0759901108
36708.4854878114
36778.093446402
36720.6323796859
36672.6027199483
36799.0648855241
36711.0802610895
36721.455029158
36748.8730437471
36728.2182965673
36711.6656416955
36731.0064100167
36691.5312408264
36720.214946983
36719.3881742704
36727.7366442081
36728.1984243721
36777.9105599164
36737.0650128734
36746.1373793719
36678.5850300375
36668.888692422
36698.3485415131
36761.1615724468
36707.7262397863
36715.5098847154
36746.9013875069
36709.7655735333
36691.6627274902
36703.9651974831
36682.1519535924
36723.6338523035
36720.0027274944
36815.5873549447
36727.1685618871
36695.9946972746
36705.703611386
36766.3953998107
36693.538269116
36756.0099701955
36696.0946588896
36705.6582678391
36702.7936210688
36721.7480125971
36730.6784981531
36710.7138698244
36708.8980017181
36703.2264327032
36694.4502523458
36767.671167984
36729.6295645222
36689.94717254
36705.4919472107
36675.6347364025
36743.3767512716
36754.3853147979
36671.3628850716
36715.3781056657
36811.4616540447
36735.523973275
36677.3086505346
36710.7581064518
36704.5612467683
36706.0079189698
36726.0762984293
36703.3242376944
36738.7891036805
36854.7845406819
36694.0690736885
36694.0257444239
36793.3619932998
36746.6372742757
36739.64771598
36733.4163311599
36735.9544435807
36651.9425061356
36757.4364624184
36786.1414956255
36667.5206658769
36750.2315736631
36705.951628359
36717.8739179501
36722.6937019952
36711.456862695
36750.605728907
36726.3522465794
36755.3411920518
36751.7966557774
36732.9392000762
36778.8324439101
36718.5358860248
36734.6313260054
36717.7777232583
36687.7554483881
36736.7874489959
36779.7051086277
36761.5119570253
36751.7640690302
36743.8832880565
36738.0314744754
36722.2967510003
36703.5112347234
36765.3813407556
36704.5771329226
36710.0536927175
36773.8386360554
36782.8767184714
36739.2690100459
36738.6491241656
36759.1830264566
36701.6204811492
36675.2732736001
36782.9615598612
36709.0801267402
36726.360502782
36744.9743611948
36758.7012994895
36754.6841072637
36685.3116722953
36767.7476611121
36804.6733738666
36675.58203265
36771.5441739278
36741.6353745152
36686.0516548172
36702.4205512664
36748.0289638397
36711.3471705963
36714.4242963259
36825.6369929638
36694.5043219797
36717.001691324
36677.282912504
36702.1941102556
36719.8449409928
36685.7580023607
36804.5038278944
36707.7097752226
36692.9273191949
36713.3962696425
36738.8623525987
36720.7395797161
36754.5077142828
36802.0611772831
36765.8622620197
36703.0048118479
36733.1101017023
36663.4588381038
36697.4807352088
36734.4599165465
36704.1642043743
36784.0299481757
36719.1113874886
36736.3209916383
36782.765237942
36691.7739030468
36727.5442475643
36733.9504864556
36733.2227708551
36737.1893736862
36713.5672224727
36762.5728542418
36712.9430473573
36712.2649474605
36715.250243783
36695.2179045092
36703.4567911226
36763.4940289929
36679.963630205
36717.1391242801
36723.2561329842
36798.1588917424
36721.3612376621
36705.652310278
36698.1375707036
36739.6571850682
36737.1484015544
36726.2781886958
36666.8208111242
36730.5527059381
36719.1197841457
36773.4411555254
36738.0810368783
36746.1213773216
36705.3247286203
36757.7445830528
36749.7733947631
36726.8244915617
36759.1706781479
36689.8969116408
36744.9919792744
36753.3943700473
36777.3570248322
36788.7035361728
36800.6479838602
36735.6736998322
36734.2756318078
36718.9781130857
36680.9182212209
36726.0449824011
36779.450192554
36703.8925645463
36705.7064724616
36700.1217538116
36652.9970114684
36754.8990577567
36732.2434015423
36706.6762614655
36735.9538681817
36701.252993545
36743.8671838178
36725.6224063812
36780.4982282916
36745.4009386721
36701.44882456
36709.4932982078
36728.9542625543
36724.2073752291
36679.680825221
36719.3594866837
36721.8462784666
36784.9748348738
36742.3474971705
36786.4591996922
36788.1860651696
36683.2673584871
36679.1757488013
36770.4011658366
36731.5716374527
36797.8546509673
36784.9977772858
36663.952223107
36746.9671791634
36807.4572166255
36757.5489347432
36683.2828357026
36777.953324232
36744.9196986886
36745.5939617727
36708.2028871913
36792.7148212248
36708.7589711985
36735.4754273233
36701.4189930791
36694.3730940234
36746.4818203713
36718.6845874214
36725.8242100268
36687.293536874
36725.858782095
36706.5605571669
36718.3829100444
36732.7639761207
36650.6352865214
36738.7609917039
36724.9763955982
36756.0035215297
36706.8307055265
36657.2481211957
36743.0860015919
36687.0851695789
36717.523818436
36731.7047570096
36727.9723405446
36718.2610450401
36728.8040269274
36751.50194374
36795.0897067213
36701.1427944381
36667.6400400126
36754.4906763271
36685.599416696
36744.8586602762
36700.839115336
36761.0603867045
36710.3051455304
36763.5564521628
36671.8040281479
36698.5027949941
36756.8015386631
36705.2144520829
36728.699351369
36791.4235106457
36722.9048769008
36692.0016964825
36708.0589034068
36737.3567463721
36778.8408012015
36754.1512377247
36730.5907094697
36728.6568862443
36733.3974528605
36744.0087122389
36699.7298655592
36650.4820802465
36731.0720206816
36712.3833934022
36661.0340839797
36734.5738559976
36722.752179461
36721.5139676089
36694.9215805526
36720.9612860057
36745.6239491053
36744.6317136008
36765.4769401824
36724.2795675617
36714.6802044491
36675.8621048712
36763.4947760355
36737.9399402065
36734.9850381927
36704.0448728514
36713.4719637939
36733.3291440453
36694.9775673998
36732.5435028256
36743.00288013
36721.7846104284
36700.5369956517
36741.0793156607
36732.7928031348
36739.1902840406
36748.9690238842
36715.6776883549
36753.8300161659
36695.2817773019
36700.4450489749
36730.096453036
36716.4415565447
36723.299121922
36731.9769576735
36757.2736722202
36674.2568431514
36768.8741791744
36731.3809498449
36721.6828996259
36732.5056354962
36756.9926162665
36660.6862523431
36715.5845094254
36713.2382256952
36686.5844003809
36743.2720698677
36723.247265388
36730.9056855349
36740.4853433103
36750.1235071505
36777.6493584474
36708.7092929854
36699.4431867552
36647.9727257398
36710.9439718359
36750.0820442844
36776.6873830284
