36762.4861690988
36817.0710396295
36797.6192132441
36859.7969989058
36859.7386861977
36908.5153504505
36786.9928977051
36760.5988230843
36832.8341835823
36898.2984324885
36887.7794343247
36809.6652294957
36935.7544013317
36909.3820867036
36859.9700099329
36787.0111771718
36851.171379118
36950.6179297066
36885.795873994
36812.4817255231
36830.5977672185
36852.977815401
36871.6252550472
36868.0579152266
36826.1388274162
36797.8615477186
36818.603225759
36852.3653957214
36836.1941180161
36841.4756818702
36864.3922720176
36887.3852647655
36858.0818682051
36753.828673805
36821.9703415972
36864.0131735358
36811.826225545
36856.3266179913
36828.9748104367
36867.8857889933
36787.4439637167
36841.4130757145
36883.6140140581
36883.2436917653
36928.9458636923
36835.130577381
36848.3173970901
36831.4629621264
36851.2852453168
36826.3888292497
36765.0454603174
36819.118059092
36814.5965495902
36878.4128579704
36787.501839934
36846.2316662442
36845.5097400442
36800.0696496521
36800.5230130297
36846.394571795
36852.6968161727
36851.8120370073
36864.7484409984
36862.9773452268
36817.8872587302
36875.6092890007
36838.5314305565
36800.0201947848
36716.8876943159
36814.6978234486
36888.7284224157
36780.057942231
36797.1836757851
36861.111332627
36800.8411378425
36820.3582186684
36783.9701999885
36816.5391698021
36852.8168146318
36790.8567146306
36779.9878093479
36904.6895031066
36848.8412651714
36860.7790900136
36852.3432904914
36755.2495890202
36842.4249500343
36806.6396065131
36904.1597861283
36835.2753680518
36863.4430329942
36837.0547188667
36888.2237807389
36846.2735987831
36862.1323218501
36826.9879797402
36814.9241060873
36915.2592733109
36770.4108616198
36852.7826665606
36918.5316894628
36792.2326887014
36774.5091730255
36833.0794013089
36845.9127259723
36812.9646480803
36768.0111147653
36829.2353215989
36805.2761701074
36725.1309158115
36832.0051982434
36828.2091931699
36803.8490068759
36832.8659861409
36885.7309485785
36856.3664285574
36797.5009228021
36819.5583335109
36888.7929566274
36848.6408623011
36845.1136098857
36844.1813016081
36778.9591882714
36831.2266281129
36818.8648400851
36765.5126534506
36734.7906216276
36868.087337704
36781.4537206183
36834.7355636312
36767.3052811309
36811.3816330358
36792.8528647198
36807.645834245
36787.6675245101
36817.2246086664
36850.0347809676
36851.9438757926
36904.0819266592
36912.2873273686
36808.0835438077
36807.7812353526
36884.6009925406
36833.6542769175
36923.4073513566
36891.220211601
36815.8093699725
36889.2486620015
36875.3855311189
36766.10009144
36912.1519670421
36800.3125029013
36869.1752788407
36749.4374053806
36860.8143700431
36817.7153647552
36873.7609815333
36825.7561764971
36805.257181309
36796.3152772644
36762.9126677415
36850.1487106072
36876.9306736645
36814.2631097052
36799.847189761
36785.866831842
36859.6320710253
36895.7581783271
36859.4097334736
36822.9048170383
36816.2657155146
36884.0640416645
36839.8395646521
36924.5117952089
36796.4201593547
36831.6517323263
36785.8803248143
36795.6075003006
36863.2346426031
36814.5291689443
36854.6534944315
36831.7969988793
36807.2536771701
36866.6988094368
36888.0942744354
36879.166837295
36894.7241657205
36875.6817792725
36824.4225139031
36831.6430858858
36989.1894514485
36863.1659236617
36787.3070291859
36816.9765071788
36800.4373020108
36901.9202252088
36778.2469957287
36858.6688704285
36806.4612309231
36833.528177973
36869.0655048302
36787.9987678978
36784.1756291707
36804.610432835
36872.5214802876
36844.7521101229
36767.8070407105
36822.6269552663
36777.1448970005
36833.3578913116
36775.1465591397
36863.6105415143
36824.175947284
36781.9988634264
36863.8067225956
36781.7142423753
36826.1429228525
36882.914656668
36826.462167374
36815.1347638655
36780.0334626583
36841.2111199275
36857.3692110125
36859.6833312797
36750.6480846944
36854.3234482515
36790.3956849635
36825.809036665
36795.5856792491
36884.3477363646
36880.8152480068
36830.191713317
36848.1001610353
36841.7262563378
36771.2922185126
36821.8254609798
36768.8286204541
36862.7445713333
36852.1103909218
36843.437004809
36861.0141150229
36833.7084350366
36833.6538676231
36859.8699573877
36787.902082293
36784.9497704458
36822.7160241689
36860.0285520835
36917.99132495
36862.6826356409
36892.8799601546
36846.49085236
36802.8804515823
36794.6580699814
36891.9743527409
36821.5792634554
36811.9921950091
36820.244853419
36736.55259149
36903.5040266553
36875.1898510068
36804.4027027247
36876.34721148
36826.5259501366
36796.7312422012
36833.6917376524
36844.5899885745
36783.8304414158
36853.7271574228
36798.4681549127
36846.401511699
36846.5750888673
36903.6453063153
36795.0264724826
36818.5413645868
36845.8636950301
36838.2160278338
36919.5557270855
36864.5102096122
36887.936639043
36843.0488378059
36883.6620775134
36794.0197745028
36866.5495470064
36934.3403638488
36819.6031689359
36874.017769847
36804.245701742
36787.1401661591
36773.0242471932
36707.5529595821
36910.5048600539
36835.8395456772
36857.8051318711
36850.5056021432
36818.4595098053
36887.6392181474
36865.7825772564
36772.7552054846
36800.4788161011
36814.4549218601
36844.4700638461
36884.6463784859
36817.576020341
36858.8954286295
36850.5735312536
36815.8620172865
36869.8252747353
36843.944173154
36760.4640728334
36791.7980014311
36820.6430032879
36785.8604182018
36819.147850322
36862.5973761381
36876.7748049471
36803.9682266103
36831.6107743614
36818.1664030665
36766.7819517707
36875.0221732743
36828.2895695439
36676.5978996326
36750.4548175079
36889.9114443286
36825.2970306869
36786.0537576289
36875.8113910473
36893.6513061075
36786.3930257625
36837.642386256
36834.775093328
36816.2806675027
36820.0897507368
36760.8238590908
36801.8300697232
36839.6815381837
36800.1624151762
36790.0876477422
36803.3375594112
36915.1836090209
36893.2209063214
36868.7408330602
36823.191067497
36757.3828101646
36896.298618871
36855.4708610764
36833.5756006287
36864.2117235446
36840.9848341265
36745.1847005184
36931.6340568787
36824.5866111832
36719.3746946362
36794.0662327558
36785.79680687
36800.3823042797
36805.8002576255
36872.1113377908
36747.4595628961
36734.3532808288
36790.1602427086
36866.1604548081
36807.1361660044
36796.9112307637
36763.7973620587
36841.2003656292
36777.5493909224
36779.1405808206
36758.6202176578
36846.162468481
36877.6606378062
36857.3466322026
36816.0246897416
36839.7370332033
36897.4087641961
36828.7277157789
36811.9967488945
36769.3579449734
36830.5334743097
36771.057213457
36858.9092078721
36793.9084466114
36767.6723011886
36811.372953989
36809.4453014376
36843.8526484453
36792.8427241696
36757.547564418
36839.6206220714
36826.8762391529
36819.6048442318
36878.9186540091
36875.9960091764
36849.6286717998
36826.8493968274
36894.6928544968
36872.252814095
36865.3694826963
36823.0074090127
36807.0605382409
36843.2701735639
36847.4054791924
36805.3275061402
36818.6483525527
36786.673015624
36705.5559781468
36841.438589795
36821.2634837735
36923.8528480989
36880.5620502909
36920.6397645568
36837.2692724316
36833.052295009
36775.3308148798
36839.3718959397
36789.4002887861
36842.6261576733
36893.0337462817
36843.0523257854
36813.535973171
36800.6435708689
36792.3801176265
36839.4778977601
36756.4083471653
36860.5123962259
36818.0013820764
36765.3619345069
36823.8507318771
36755.5215611861
36844.0038445318
36918.1527104224
36800.2830878937
36740.9579462246
36826.9567351315
36798.8194144159
36829.9162641526
36838.7312237953
36772.0438429891
36732.1242692296
36801.9028601693
36861.8404671492
36877.463494771
36790.5685805939
36824.1193559404
36976.9439251331
36771.3561666786
36773.4387812906
36828.8982488051
36797.0330106833
36786.1044202455
36821.7768486031
36811.5781425956
36778.7306910226
36880.1402828413
36782.5640325487
36844.7637915663
36873.08228419
36834.0682230748
36699.6595294255
36820.1138488999
36818.4680545234
36777.0592488335
36868.5934883496
36755.2828342269
36842.4302503744
36856.3712731594
36856.3239894903
36810.6642435653
36812.7275333017
36814.5407563163
36826.4755539332
36774.2905930533
36835.4401713189
36787.9941521273
36828.4933520567
36831.7401497489
36883.3168968297
36749.1930004572
36815.5212293784
36838.2830827867
36860.4583157851
36801.4720266562
36888.6565104939
36822.8253273944
36892.6443635534
36869.9282576278
36836.1068384992
36865.742248969
36792.1339360006
36906.1565640033
36738.835437498
36810.5151040796
36828.8505849001
36820.3307944496
36822.7465620542
36831.6173410988
36781.0787400912
36869.4196481235
36708.9396410125
36861.0954475724
36799.8392576544
36854.1532247208
36857.4620733219
36839.7107522139
36804.7638260001
36825.1153059618
36895.5641549013
36872.6726381892
36743.4840873731
36876.6948250291
36836.0187086602
36823.1156395923
36811.5443019561
36858.3094954907
36874.0276363038
36774.4086524898
36830.4701567392
36836.3403878889
36723.7858685191
36798.7581448332
36800.6840959093
36860.008157156
36817.6985586786
36810.0693196409
36837.4133698108
36854.3077079343
36854.4821660454
36860.1588432694
36804.1248493397
36879.8934591394
36794.1688968431
36840.9000358016
36840.485627479
36801.6176349847
36839.6296715198
36808.7672490585
36782.6006233965
36809.1516735906
36822.9563375976
36743.6706297746
36852.6819917954
36823.033973267
36886.197639773
36835.6257769306
36809.2090040769
36808.7144423392
36786.5038582961
36902.0946643615
36844.8613096479
36867.1221055153
36806.0749888386
36818.2981518102
36767.6235473234
36836.6419367096
36827.0031638944
36828.8727883248
36894.5801054133
36855.1158900848
36831.702952845
36844.5814305356
36852.76244815
36805.4292744532
36787.9264730073
36812.5154612682
36905.2720947799
36764.9137144809
36843.3964846262
36811.6043243277
36769.6561089384
36789.1689799708
36777.3659697659
36836.2776624576
36864.0771379923
36802.8039362671
36850.840353069
36773.0069819611
36825.1731589722
36863.4044366151
36801.264405915
36914.8148761167
36810.3658725639
36859.0561542767
36860.0983259413
36902.8933827866
36922.4181081275
36757.1136359008
36802.94902072
36836.937008556
36823.1371635333
36834.3356317882
36822.6335741299
36805.2282413328
36789.2689307456
36865.1582866142
36809.7755448141
36772.867435843
36807.7049105809
36712.0976089724
36788.7115976578
36849.9862895681
36794.4458356176
36875.1417400084
36771.0248521118
36847.2844228978
36791.3987965106
36810.8652625627
36819.9728108642
36826.5017281569
36899.2242070196
36828.044606279
36804.5641103388
36911.2064845259
36863.6247010073
36802.5314456589
36738.9834827123
36770.4772761067
36835.7643245239
36766.792905636
36812.8127029287
36751.0321688066
36887.497857749
36859.4254175054
36917.181474144
36845.8422527159
36775.2354808851
36844.3295791744
36862.8213459653
36831.9090486618
36835.2876018322
36830.5035532337
36799.0822541409
36863.3201123064
36884.3299132433
36797.1582097604
36956.7921321966
36836.9649512618
36798.7179916901
36759.7283959087
36895.6515257688
36856.311735626
36798.2228812145
36839.4552532078
36802.9026308816
36806.9016481532
36802.3602980334
36820.8729194214
36878.160759474
36768.9146990022
36866.1135863124
36925.7962755094
36631.4172600901
36806.9059514768
36867.5897806776
36876.6329354015
36801.0772054379
36817.8695942794
36828.3804146967
36676.1536534515
36767.3926680573
36829.5553438849
36939.6584670887
36797.9872252058
36829.3362487897
36958.4236446822
36807.8532953933
36796.4149552644
36895.65328131
36758.6175707651
36813.1036213924
36859.3042826208
36777.7278750007
36794.1113132045
36859.833774976
36829.6065661932
36793.6890992085
36760.790568223
36795.7729005089
36857.8977001175
36837.5360326297
36854.5588736834
36801.4980673157
36890.7683111942
36766.0449894958
36887.7573441482
36859.8347903743
36868.4359074554
36799.0935269605
36846.1089642041
36828.1041691341
36858.8975969354
36810.5242079926
36825.4454640114
36860.7368418824
36858.6540074282
36802.4879133639
36819.4488694103
36795.5684850858
36792.0233111345
36812.5457472775
36912.9626079488
36813.6275658491
36856.3575014803
36782.3409078732
36780.3843870171
36803.9389722323
36779.7196624544
36773.9229005563
36872.0238277358
36862.8761490504
36821.0611184209
36758.9132276929
36790.1851318073
36871.7483062227
36934.7150941436
36839.1949146488
36832.38982945
36836.2083778613
36836.1155163504
36874.0756028446
36826.1981134825
36771.0037156567
36865.1930858133
36887.9905303214
36820.7787767441
36815.0047863431
36875.806039431
36872.80269316
36768.2104037045
36791.2415653692
36826.7857076018
36828.3988106564
36846.067747596
36789.5767583653
36835.7863921989
36768.8094031402
36815.7129198493
36827.5044809208
36799.7504718522
36838.2091508979
36846.2911843125
36883.5204276916
36879.0683643771
36798.0161214661
36837.3111126147
36790.6953534021
36763.649093189
36814.8516765384
36781.3509972039
36873.4051676246
36762.1420617803
36869.9609327828
36826.4143948652
36904.580146712
36759.6786589987
36835.4399832979
36864.167488008
36823.5038117644
36857.9602124825
36775.4453375484
36801.1382127642
36765.2904676416
36890.0391494981
36774.1818175098
36799.4044705019
36892.0822559594
36945.0189582615
36749.5538734275
36768.5199996485
36782.4498861036
36839.2137118879
36840.5493022127
36876.8853495065
36819.6406762552
36749.1136669371
36863.693886091
36727.0055765804
36857.6125513123
36846.6606743215
36806.5164022521
36865.751095022
36833.2965074785
36740.7623103117
36783.9812948614
36806.5819036826
36796.6114101875
36873.7897019446
36871.3011889001
36759.3023342308
36770.2105171441
36749.6294597539
36769.4181386589
36815.267818984
36833.7797663119
36781.6992323425
36781.0748598838
36759.6868224366
36894.6131621789
36854.2615278751
36865.2718031617
36790.5397897607
36848.1989734955
36879.7081951046
36876.1230133465
36801.4907969634
36803.0871190347
36760.2469976544
36751.5591575582
36688.6883514159
36812.3413974472
36870.5053945379
36750.1193762995
36796.8258267663
36758.2176796806
36768.9673950673
36798.1197433309
36820.3797755247
36883.9622926931
36797.1218849362
36853.9537647417
36940.4339248753
36863.7296219582
36836.4917040288
36795.3784800581
36836.0337584077
36890.8723209781
36818.505832118
36852.0510437698
36811.2609447943
36818.6153528066
36832.9525694135
36850.64758782
36723.8961182869
36822.2309097573
36928.3732086353
36906.3137627347
36810.4167674591
36848.6933149404
36815.8717699086
36784.7124362449
36767.8023716605
36756.0365691652
36886.1024329562
36785.6681542887
36810.6408897569
36871.262155909
36796.2850316197
36821.8989759965
36750.3721815975
36857.5337679444
36882.4065342293
36892.4434447549
36884.1070339023
36810.8707217903
36812.7812251801
36764.5955954006
36833.8568347853
36824.8592802391
36891.2748112942
36783.8864076172
36855.8089874609
36800.1721978764
36797.7146226848
36790.221909622
36807.7705154925
36857.6589511638
36798.9374896007
36844.7776101165
36834.9897755949
36831.3676641613
36762.683513438
36877.5643396498
36820.6022705798
36834.2910220564
36796.67342512
36832.0958243871
36775.7505676921
36813.4847145753
36827.7250896336
36866.4557844924
36816.9461036756
36801.6871864272
36751.6189778148
36878.1711399279
36790.5992287085
36757.1565513746
36868.5517450096
36813.7334862739
36803.5743228523
36854.7758881586
36753.3216496619
36833.9382306315
36844.1029416114
36800.5853706711
36838.2491846493
36804.05741946
36796.2017958092
36885.9391007414
36830.1128436311
36716.5039771487
36802.7906563976
36838.429427938
36765.8836548252
36821.1356366324
36774.6768820886
36745.3856519692
36822.5456396699
36818.08299097
36850.0332391654
36778.6047055548
36816.8377393503
36797.1876068488
36772.2641092917
36781.1029454281
36824.3570024878
36809.3354350949
36850.4294765515
36802.3965430056
36839.3093123138
36811.9870551489
36827.8237019041
36840.4294596605
36818.3113491341
36838.1196424512
36803.3136280192
36851.0884403777
36763.9480134554
36840.1524426269
36873.1605522036
36807.9716317419
36789.5510640304
36792.7343960252
36753.0626181363
36907.5816396927
36882.0049748196
36865.3916451334
36815.1774107082
36818.8361437278
36846.629537856
36881.8990703589
36854.4888535521
36839.9666246068
36876.6622853743
36871.7677014786
36859.4410866321
36798.1288535047
36916.7506151237
36834.0091885465
36842.2234336526
36826.961847539
36911.0659672578
36834.2910998611
36882.0164699515
36869.7965713036
36840.3543491217
36773.7698493587
36873.3416832793
36771.5068494154
36849.9799763568
36855.5659735619
36742.5366074375
36842.4957315054
36799.9958524287
36825.9758231046
36795.752568474
36725.5215654976
36835.6192716594
36847.1502089055
36875.5124893821
36786.5421590662
36842.7535758745
36834.4938409347
36856.0998161299
36825.0800319161
36866.1748991184
36790.932123899
36809.2083272281
36763.5449936906
37023.8597374268
36770.5275829512
36843.1076154871
36878.7137163668
36744.8090659032
36790.4703812415
36801.0759656313
36819.9443651802
36828.6184886415
36776.8887985825
36878.0116378223
36815.7003141567
36833.7897847227
36850.5249563399
36853.6434946275
36826.9960119015
36783.3886563583
36838.6488817601
36791.3889789773
36826.3401175776
36821.1420221288
36818.4302349414
