36699.1778230451
36687.4563223803
36691.8934231039
36690.7197303537
36782.6472039798
36675.3264831475
36753.1430452681
36716.7994238238
36642.9522943937
36707.3893349457
36759.6110482061
36705.8644036737
36709.5401071956
36747.9894511686
36702.5116036958
36736.5343658615
36703.3191225162
36702.5548007642
36707.9214078317
36732.7077815058
36732.6398832881
36775.274277621
36714.8636850119
36749.568705312
36704.5559106718
36725.2779252293
36689.0852280724
36679.3007385884
36746.1027089049
36729.4287895422
36745.4941883544
36704.6477424882
36718.5385703682
36776.4272833354
36718.517372407
36809.3769432286
36699.145768087
36676.13899403
36764.9861098018
36709.326730997
36755.8045262641
36747.1042691368
36697.7013185788
36720.6251683766
36769.7957606392
36683.2434616288
36730.6013412966
36733.302301781
36698.7967809433
36719.9369111863
36743.1152356708
36752.0988427015
36747.4685325148
36726.6617325211
36655.2739053119
36672.1431639485
36672.1300589648
36690.347705491
36710.7315121301
36719.5241668868
36684.1776012601
36704.8487389643
36729.5068959801
36722.142615714
36689.284552552
36699.9713464218
36717.3293122549
36696.7331171676
36676.7013610558
36671.131508681
36689.3006830345
36728.3183303205
36737.8474393565
36714.109942821
36768.1949227987
36716.233771962
36715.1756408277
36699.867859784
36686.5440592147
36699.0942622931
36712.333925173
36697.1909456617
36743.384121964
36704.8445791124
36732.8467425932
36730.0663052863
36662.6038605492
36739.3119800878
36713.72816057
36696.0478547747
36792.9987308862
36696.7386454483
36707.1184509737
36680.3331047426
36698.8351408334
36683.8328257837
36674.8242195183
36721.3184529999
36738.6498839685
36776.8023498155
36697.5711698618
36728.2374021065
36708.6121747339
36746.9508440688
36688.3820812037
36709.0673224566
36733.9903024609
36737.5848951545
36667.1638048586
36695.753803665
36759.426456292
36724.5321048076
36719.0167780224
36739.5029612841
36689.5783105078
36721.2029978113
36728.9680915719
36738.9678252641
36725.6121660387
36709.1620576776
36765.714654673
36693.173642473
36737.4202975521
36745.9972630335
36699.5395986685
36719.5832407096
36722.2728723543
36684.295677201
36724.3500533389
36706.374634319
36681.8959338389
36698.9587638255
36709.87891569
36748.5480818485
36672.2003837376
36723.7092356544
36691.929336161
36738.5616882466
36682.3023404583
36730.1165084692
36718.2566151509
36728.3538971181
36643.1428451928
36682.5492213774
36731.3756952576
36776.8737425348
36694.5320958707
36740.9538880636
36722.6416211465
36672.9803503514
36686.9134761835
36689.9979872938
36710.3780529327
36664.7216760045
36692.7763922408
36716.2214614751
36753.9125367708
36690.1609853893
36684.5212273057
36704.654565014
36713.5874625118
36700.5382764028
36713.0401671161
36697.8908874152
36704.488143415
36694.7523009837
36737.8018151317
36729.5636451222
36709.7159170854
36703.1165797305
36664.7020250833
36723.5814491161
36717.1889383311
36727.8801744126
36686.9229213901
36707.9027802674
36658.4490853963
36732.0647952631
36793.7416166578
36709.0455170611
36731.4190490428
36684.4458393775
36708.0547641229
36682.0443798053
36732.9657798146
36719.9968902227
36701.7748147649
36793.0765104527
36700.7761040442
36687.9295239477
36716.1208418623
36702.7685076591
36743.8209606123
36660.2205787491
36694.3296110029
36754.4934677424
36677.4441938298
36674.0161668556
36727.8037024061
36679.1865928879
36705.057185259
36673.2877445277
36697.0294213733
36719.7792788847
36735.3619205045
36723.5794803398
36737.1036466684
36750.537364414
36684.485264501
36683.2880893647
36741.2111584941
36722.2184985011
36713.5469842975
36739.8949772376
36723.4530496869
36682.192328012
36690.6581825386
36732.6788091389
36709.3665427255
36747.6402831346
36691.42353645
36719.91600612
36711.4990791215
36695.1147174635
36756.6414617878
36707.273874927
36710.7693177457
36632.8547016423
36706.3475183727
36662.4586370699
36722.287470773
36685.327051132
36703.9546604044
36704.8193727908
36753.6488662986
36665.9088547077
36625.9435418584
36665.450698159
36739.0989256212
36685.88919424
36714.3247534134
36681.6434398349
36698.3128536977
36721.3455455808
36775.388552121
36663.8809548237
36694.0539994954
36731.6475721477
36750.1937178996
36671.1980691233
36683.8824458209
36708.2982957322
36675.9649655637
36767.7229098283
36777.0188136666
36727.3534865818
36672.6093738811
36702.1568453025
36713.2509504609
36721.5593038664
36736.1590062878
36646.8669173071
36707.8073000383
36676.3821020095
36744.1657777804
36714.7955474003
36695.0766841684
36687.4268316419
36710.0474371441
36699.1824812202
36702.6285618893
36710.9808340187
36722.8494795899
36729.5343649163
36677.9168349078
36739.6361389813
36798.4752561424
36680.1948472986
36716.7075507505
36707.9146268731
36716.1323814056
36671.9494903318
36700.582882672
36746.6340505173
36691.5047413303
36753.6930390646
36681.9186954522
36710.9097856704
36717.2241564385
36765.9620179481
36759.4888792546
36687.199734448
36681.1184849752
36709.1167334766
36761.6808819802
36702.8084820679
36718.6278613423
36724.4265824991
36760.55197035
36728.5532026195
36722.861879575
36711.4058736904
36734.8757533384
36662.9475986425
36695.6638089853
36708.672428587
36702.4125526171
36680.8253836807
36686.1116120718
36705.5564771597
36725.6342663222
36764.7679587762
36703.2803887045
36693.8117156142
36746.1050912607
36682.4749319025
36706.3353742346
36635.0662440519
36681.8716232653
36662.4256416035
36686.0356264665
36753.2869884091
36713.5937604175
36705.3690874156
36702.7835221708
36697.0167509675
36709.2857253154
36724.7113456859
36646.8084827166
36698.7789268884
36742.8515970806
36737.0423389343
36658.4186307283
36673.7723685118
36710.8036538221
36722.0028405286
36689.0728515459
36695.5481944791
36730.521590079
36683.1043042336
36652.3236360609
36712.5407321481
36700.6640198836
36699.275415047
36736.5776922621
36709.8514799938
36728.3172817743
36728.0940097231
36745.4843186581
36752.0618944872
36701.932467738
36711.7156379543
36712.0726919895
36739.9466338952
36711.5434744892
36695.1827729546
36692.3273809134
36724.0912388098
36698.2376031832
36695.7004346272
36727.0852340634
36661.4128717626
36683.0107085052
36679.0868842553
36775.4844396226
36761.9847416973
36670.99975672
36750.2224692
36694.1064426063
36739.0794913362
36717.5987974562
36687.3901211746
36739.1557671651
36771.0108258083
36737.7502544576
36740.1585044277
36696.9550762631
36704.3816829182
36723.1562244632
36744.1764625684
36716.3371324001
36704.5377422052
36737.2507610657
36714.4075810985
36702.9072478979
36673.6048858923
36694.7063202849
36681.8586925487
36685.4198511377
36694.2975152994
36704.4060725291
36749.4682040608
36675.3711878121
36689.5591565672
36726.4078226124
36734.8148898895
36709.2897909852
36772.00785905
36713.5972475124
36730.5333386719
36776.2386332369
36727.9558731652
36690.2733935881
36739.6318677142
36702.8544293193
36643.9934687891
36645.2360521479
36673.2760594287
36709.4731819253
36735.5777913026
36682.2577170783
36713.0621937722
36712.3685847266
36728.4856001233
36750.6133737387
36662.9431871134
36733.6271538202
36725.9302189919
36684.6214003561
36735.7704590302
36747.6914960323
36703.524220419
36671.197109276
36702.6348064353
36748.990519476
36726.9009304533
36734.2332080517
36732.047400099
36728.4691378221
36717.7309865933
36721.7284674081
36765.4830376725
36714.3804018959
36667.832650837
36722.9697917691
36732.0350927744
36695.8294256258
36702.3926689104
36705.8227554343
36725.2280321844
36737.1960097501
36720.5130298684
36680.2360686368
36700.3999431159
36735.7277088856
36693.4382533251
36742.4401116276
36721.7883017149
36807.6088550268
36721.2628634211
36699.4057883313
36716.173486628
36736.9957911892
36740.6056023552
36694.6780438329
36748.341545145
36761.8726166874
36681.4874081129
36682.8929370855
36707.2533663481
36672.291057055
36736.8147360497
36715.1068228636
36755.2167876972
36699.0640698884
36714.3869176665
36756.2026635981
36740.6605031167
36712.0265716256
36723.3517648923
36726.941227067
36711.9189279135
36682.799348652
36724.7125376839
36674.0109003812
36728.6832585569
36688.3794100611
36736.9930538048
36744.8175618715
36684.8026242485
36665.6015759766
36719.7029915524
36739.3143752569
36754.537859764
36681.9250144168
36713.079743008
36741.7084337391
36652.1447241232
36714.341580404
36664.8334289206
36713.7605997287
36715.2924434728
36752.6403693892
36672.6706585974
36655.9909686258
36697.6289675282
36649.9026392733
36688.5393879149
36704.495974812
36714.6262897795
36732.9643556569
36710.3400409696
36764.7179743351
36717.3046963891
36738.3921545138
36729.6185702712
36675.1332523527
36730.6837021408
36720.9594828489
36688.7043664912
36696.7396932332
36721.1695148161
36747.5457408623
36754.5755711966
36726.8687437903
36683.0588212206
36727.476325574
36722.1674121763
36673.2802858634
36672.1703520719
36670.0030985889
36788.7098643272
36769.3727566282
36668.79247128
36682.094442952
36687.8256923878
36699.425671731
36630.3290166579
36772.1519900119
36685.3475592062
36691.5592870719
36689.9271785086
36703.2332937554
36772.9728039752
36705.632681329
36709.112146637
36664.4421936133
36703.5463401956
36710.2554116762
36717.6749453603
36740.6185480163
36679.852797324
36706.8420765569
36679.0601993582
36677.8443892195
36730.9664368209
36735.7077817097
36715.8866289254
36708.3984535077
36738.7452156947
36705.133180506
36714.3674564756
36791.9141312699
36778.518997922
36771.9339552437
36675.8063140474
36710.2558669921
36699.9265645036
36723.3679053583
36690.0541781409
36734.3319224808
36684.612893634
36695.9748094488
36707.0261235368
36751.7115064748
36671.2985452356
36730.6869681774
36678.5889422528
36720.8448110885
36705.0115175982
36717.7658285547
36720.2310669591
36757.5302755234
36700.0683839616
36697.2325638434
36653.2214190786
36685.9335433438
36657.304954428
36652.9799626347
36698.9830556594
36727.636299695
36762.3192268865
36740.6960453815
36718.7555118683
36731.4316516029
36665.1817860756
36674.0257363443
36655.4806614952
36709.4294022118
36704.675105861
36770.5342591842
36717.5498100825
36739.25772348
36724.6349499724
36731.346365252
36740.8797947251
36798.0182434457
36693.7677307717
36696.2286480877
36699.9320380594
36735.4085787856
36717.3329554534
36705.7905693113
36685.8324723114
36720.0347754743
36693.2693812443
36718.2129137419
36801.7169046501
36687.8641712614
36757.8296633513
36701.9193162293
36758.4939647121
36746.6259134466
36749.5455653985
36706.0468277397
36679.2284345401
36714.0840479205
36787.8502817273
36685.2008248808
36698.7811813738
36683.8545275694
36689.442284209
36643.5615742639
36713.9263507235
36759.7020384257
36804.6481955538
36702.0588919433
36730.8286931699
36717.1071726855
36648.5995262469
36705.0887016227
36706.9237244949
36711.7913630883
36694.9983909954
36676.6637785806
36701.5270580833
36724.4036468306
36708.7883968042
36758.3383130939
36680.5127925394
36721.8905735339
36729.8286786002
36720.1748060502
36709.2230093394
36722.2339915659
36727.9773129029
36761.311183712
36760.182299431
36696.9158220623
36677.6967745729
36726.0623139059
36723.6548280765
36750.2483104718
36687.4355772741
36716.6551346392
36729.8831577548
36729.6309002519
36737.2845603437
36714.3819260009
36698.9178878554
36747.9666702404
36670.5485062554
36679.938176308
36703.6149918923
36745.0908130841
36719.0745713173
36667.4821999505
36707.0601819395
36721.676385773
36693.6570280402
36773.3558853463
36700.8811426482
36729.5698829915
36682.854895213
36705.2822580083
36750.830761413
36656.28582286
36698.8527429335
36702.0926338659
36698.4123786156
36738.2865030959
36745.2492635509
36753.8410997696
36709.0067374677
36724.2623451969
36711.361801702
36660.9823029037
36750.5621510406
36718.9608684209
36695.7528603122
36738.7423722572
36720.1302083166
36722.4033872621
36708.5778229499
36701.1591836996
36706.1805297661
36728.4343830209
36717.3546156828
36672.0926721503
36780.4120369737
36678.8433094601
36673.8083270185
36711.3006949868
36724.2335223369
36708.1536694834
36697.4089555285
36738.9406088811
36727.1033702146
36743.283610309
36734.9042817478
36736.8308440164
36727.1921113305
36779.6045941998
36747.2854567435
36722.4682985273
36691.8499304841
36743.392287656
36715.1131695374
36694.2374001969
36689.210575084
36719.0997744367
36692.2420235288
36663.7749829997
36702.3876643754
36719.5943528439
36735.3660525205
36702.5212693736
36698.0802137782
36765.0701126122
36730.788022516
36699.0843293698
36685.1594317469
36666.8357754058
36725.3330068079
36716.4973371582
36702.2084494343
36696.6084083685
36682.0293742424
36690.1163478989
36766.0193452456
36710.3851368847
36709.6778889141
36700.3794027421
36705.0219727418
36723.0345209158
36704.4344412872
36714.1432884934
36700.2692637568
36718.5181674475
36727.8526895511
36780.2890671844
36738.2375478494
36726.8838908097
36717.4162706534
36717.8989440341
36711.9883431821
36685.2347569008
36674.1242855365
36695.4149840988
36699.3000948518
36689.3547197093
36691.4260905121
36717.4030629391
36709.0281951313
36719.9207521864
36702.7333984557
36653.5825404583
36757.1463239451
36708.6789958049
36732.7029739063
36707.8545962554
36669.6968918585
36736.5348379516
36732.9951798834
36677.6519772276
36699.0667487
36759.0733785478
36658.4804568146
36675.7227843104
36729.803114427
36709.9380063719
36653.7331495146
36665.2188853221
36699.2937502816
36690.947194437
36690.7179508468
36728.9516442847
36698.5943179503
36743.2959578744
36662.6901972123
36724.7633612833
36749.2509096437
36739.6802389205
36731.5025430225
36737.9882629942
36690.2568846817
36709.2942018149
36719.675047766
36730.7613392284
36767.5848138718
36673.8562457877
36667.5718355911
36688.0854561164
36739.9558003319
36700.4424911143
36696.8691398313
36658.3045691736
36725.4324014798
36728.0558518991
36701.7490693743
36696.3183360447
36751.1499922407
36705.1417040155
36736.4301763275
36723.2577586831
36683.1041900277
36745.9229380655
36707.8602484414
36640.4107684811
36735.9713414328
36663.2834599463
36731.9789361099
36659.9302533963
36666.8814726498
36705.3052866351
36752.2300483493
36690.3319140257
36716.9295582664
36696.9519883641
36712.7594624909
36664.3688556214
36731.9273557945
36716.0808145479
36705.62505754
36680.9402601817
36690.6353857706
36698.7404612
36692.1683541248
36656.5847090894
36750.8549670845
36700.4998698447
36730.4949400787
36686.2751626892
36707.9015467223
36759.7004610399
36681.1359543677
36699.5317946146
36758.9404787295
36705.0634169518
36704.6035013852
36715.3911758734
36718.6246307757
36723.6941895699
36717.6833083968
36701.2669306242
36732.6809322743
36720.7758262017
36766.8487771714
36738.8245667936
36694.9979585696
36733.3412097919
36666.2931207052
36666.730806009
36678.098284347
36696.1187999481
36726.4800031716
36699.9518717624
36660.5314009501
36681.7649461585
36735.9104492246
36723.8263136078
36730.6325504602
36698.72948597
36675.9780218021
36721.3923028192
36704.6198605753
36748.3521317265
36745.7672409448
36759.9947177826
36706.6729150753
36671.3313819357
36650.1853524127
36670.2691133265
36722.6366924395
36732.4165995003
36751.0236489853
36716.4227573638
36700.0996184183
36784.9066127165
36709.6576027208
36695.9970696432
36746.139642488
36765.3329277455
36726.3771404583
36700.2028440145
36699.3383002249
36712.650240879
36717.9703086025
36654.7746278396
36699.77564538
36721.363585492
36693.0115566234
36730.8502097609
36688.8229398918
36736.2828333934
36675.0891452864
36730.9751464701
36759.3577080628
36708.4635441111
36688.0154974298
36758.8615587573
36689.2821894544
36689.341638503
36785.5205875629
36724.3333683531
36634.8024108005
36731.6367982138
36741.201407794
36750.684275018
36689.7774824177
36715.085089954
36717.1029541336
36696.4579607559
36717.3987508742
36673.6212945498
36724.4892820224
36702.3354105086
36684.590252571
36707.947811861
36678.3807733625
36709.2387210974
36782.6345401632
36706.9010866783
36677.9140835151
36720.487844106
36694.4046277568
36731.5359749813
36734.9634741721
36657.0526847976
36728.9669721257
36704.6292451803
36647.4631183873
36685.4898864579
36738.8563799482
36727.2362728757
36743.4371933945
36715.4832415204
36729.9591540603
36743.1157666058
36733.3772260356
36678.5756703244
36706.6344689138
36694.5565370519
36725.9848281673
36752.4773598699
36695.8931068649
36674.648889079
36747.9537849372
36704.0272449813
36716.7941760789
36757.1849519632
36702.7433069543
36722.0499006679
36762.0969691837
36681.9646296684
36667.1465409198
36734.1106491762
36781.3996913747
36706.5999882967
36673.4482634225
36717.5218700857
36648.9657556779
36693.5104348877
36711.6990398069
36652.6980482476
36697.7845639775
36711.826223446
36719.4325867954
36675.2826161531
36718.7005467646
36729.6567431129
36711.2086687138
36670.8280454982
36704.4329621612
36740.9968783816
36718.0359150647
36712.514537838
36673.4572191706
36736.15874568
36720.760994943
36702.5110364111
36745.1042311003
36703.1283148574
36662.001343776
36702.2906670846
36684.2157933278
36711.9969310643
36670.3721022997
36778.9976098596
36747.2406609534
