36705.491671403
36730.9997042514
36779.8090420347
36763.9275118593
36763.4073314455
36760.262139336
36760.7740437702
36743.6916345481
36732.5103819942
36755.1533451806
36747.379223294
36764.9222078951
36741.4209367428
36733.4691408352
36696.907798113
36735.7994347161
36702.2674771701
36832.7540228823
36699.3752058169
36762.9449069727
36805.614226163
36763.5558341261
36693.476227409
36756.9601944817
36817.411474306
36827.3772144691
36684.113007604
36728.197030236
36733.3054706018
36766.0005857124
36767.5577773252
36746.480010526
36752.8144646309
36757.5491371396
36743.0581362208
36692.3087656566
36756.259282233
36775.6598202883
36758.8855013036
36772.2588564709
36805.9782986183
36750.3167736452
36756.0882805185
36820.4985003573
36711.3759354651
36668.60884915
36801.8584172124
36741.0539777875
36744.7005796824
36755.5139186041
36752.2173769047
36756.2289091502
36783.7857436063
36784.8772678725
36750.2142455294
36763.6216553804
36757.974086176
36717.5244532144
36666.3576064327
36793.4992142638
36728.9658310853
36700.132562554
36701.5472902834
36767.2925929767
36749.567945148
36719.9300146348
36723.6910678366
36752.6817933788
36733.2296222525
36752.1190960508
36737.599414326
36761.2720321995
36792.3793960039
36732.7882874757
36699.2919724157
36723.09679113
36707.3123611492
36750.8935374426
36712.5562922188
36770.9714640043
36784.5489643963
36695.4799915485
36754.8370866819
36689.19336615
36803.1812761448
36733.8966258273
36769.1385560381
36733.0972221209
36738.9011181527
36819.8347096783
36753.3465259933
36759.7638391027
36802.7442713073
36770.2262669682
36804.0810759779
36736.9194669446
36810.8670380625
36769.1523082501
36744.8589533312
36757.7053913321
36757.4208338802
36675.0258550156
36755.1070375397
36769.2671252985
36795.4133675026
36713.6379665959
36765.2741912826
36722.2877440334
36700.6805122446
36741.8703358339
36747.9391441458
36736.3215863797
36753.5624735725
36670.2474427682
36769.4656523128
36770.8783219224
36791.0174923307
36742.4055480415
36745.1285564456
36812.7348312757
36719.025197456
36760.4827932917
36753.9927574931
36748.6403594226
36751.4813750863
36762.869282878
36808.8730658825
36704.1147936934
36786.2018512053
36668.9391845921
36693.0168904621
36741.1808615374
36749.7652622564
36680.3765014936
36718.9687797854
36692.6821204551
36660.635342025
36726.5360405331
36809.2242424924
36762.9552633444
36816.7627929061
36681.0160356925
36680.9217932109
36736.5255000088
36651.5697021996
36683.1833391341
36692.2716021229
36719.134605671
36702.3504924325
36736.5924858498
36716.7646767555
36754.6533485002
36717.550509862
36698.1261180203
36762.1647011814
36841.6321166754
36759.2617668756
36696.9773428563
36793.0988996861
36771.0491476162
36704.4606732861
36712.6380514816
36779.6435506184
36742.9391593752
36758.1263471733
36698.1145666258
36742.1592969589
36724.6056443612
36797.1392986837
36734.667930844
36739.9618705263
36725.1312228744
36767.1166105802
36742.9758717473
36751.0748698119
36772.6784590934
36793.4767447433
36750.788950626
36754.5657252799
36790.7984432057
36716.7613109804
36728.6762263452
36708.6648199553
36822.2176828098
36760.8846607774
36712.3966684361
36767.2919472205
36802.869341526
36670.7345400983
36724.0870957266
36659.2093422034
36674.4465216231
36812.4761401826
36747.8706153687
36826.552585581
36790.666326207
36755.0790625068
36704.592841809
36665.9870279744
36757.8768091391
36795.9562145536
36759.553087991
36771.4909850498
36741.5479267583
36704.5479802709
36775.7234704816
36768.2666646307
36649.7100036536
36742.0693474537
36679.2700764859
36792.3178725016
36729.7107244366
36847.2610881208
36743.3895355623
36824.0938869404
36760.6250941431
36732.0954327298
36777.6241142183
36713.0847694008
36731.1563511601
36757.9199791027
36720.3589812971
36724.9810936079
36750.2252641293
36679.1642968725
36816.5850918392
36718.3819185983
36751.1873428012
36728.7364753246
36769.7968596792
36740.899422205
36846.3532925353
36754.7513493278
36726.8122150024
36717.1956307812
36730.0831643855
36708.055042521
36745.7218576027
36688.8095743158
36720.4403330779
36725.7892963041
36735.1002260872
36760.9995642895
36743.3129394025
36741.3647129064
36747.710813745
36802.0246716592
36790.2041992158
36791.9389623289
36751.1176703116
36715.4415420573
36768.1642462946
36779.1628234015
36730.9340686781
36744.7540642511
36757.3239544437
36763.0008815782
36771.3393183754
36702.5685210152
36708.7301024835
36740.1177584069
36718.8211602576
36856.5648558882
36719.0451701753
36774.1212749498
36708.968051525
36738.795062634
36773.8077781851
36736.8741532004
36795.910758937
36755.6453980286
36667.7870062795
36730.1870500872
36747.9492634119
36652.208053665
36763.8893422692
36713.6006022356
36734.4365024202
36770.5470682065
36783.2554102269
36735.115094874
36645.6224793263
36709.4195311627
36735.0955710824
36736.8068978297
36793.285327537
36760.5696926183
36752.1544424631
36732.5554861625
36752.4280806828
36772.2462565386
36829.1794962069
36681.6258395269
36768.722750871
36739.7542752749
36812.4927941977
36767.6865283825
36693.2065919946
36736.2556046381
36767.7524842111
36737.2263266314
36770.6833409371
36772.93085454
36784.6781902835
36840.5842695708
36778.5954187462
36728.6190175053
36683.2477925504
36770.8053045075
36709.4862763264
36749.8822836087
36768.6637922384
36847.8792396242
36735.461634034
36722.8546134265
36721.841130747
36830.1801994639
36760.005911511
36731.6196127018
36776.2031363644
36814.8341756626
36749.4645739765
36729.5670898555
36688.0882242075
36728.4230012461
36823.3490658166
36705.2751604275
36739.4689225821
36708.5190496058
36705.9911747455
36758.5420722363
36759.6046394279
36730.0587743898
36766.4533124642
36720.2567632122
36773.3360224222
36719.3873049648
36688.8502977519
36814.4482057616
36636.3760030982
36710.1477759217
36727.9259774224
36789.2790809855
36768.527738691
36801.9475658186
36734.5018608242
36766.0581836133
36690.1112978352
36735.6785901897
36731.3745076083
36736.912314203
36683.9189177181
36720.5285190321
36745.284562779
36760.8075981473
36811.7920001068
36701.624638481
36700.1768806921
36661.3647563558
36754.5826565415
36729.8091242179
36802.6185923792
36749.1655491344
36791.1804378053
36706.8294918946
36719.1048034449
36808.5046848576
36790.002161042
36842.7097016302
36738.6580289873
36790.7418221134
36777.6886494515
36785.8927683573
36686.0255470781
36724.9087128517
36747.2003655385
36699.1555784673
36718.0174684934
36704.6433029163
36718.0016348364
36789.7151751921
36811.2778740769
36772.261474455
36844.0088381545
36755.7795355384
36815.9867688294
36762.4763551314
36770.8275070081
36813.4296762052
36720.009174884
36766.2292223289
36739.2874606134
36707.0829738294
36739.7455845879
36778.8517649936
36701.4017100057
36796.9371864199
36772.8090382227
36785.6309893393
36775.9454288326
36727.4855636663
36815.3253355548
36793.7306893106
36733.3084911274
36748.467199789
36729.368064945
36703.3986180583
36752.8055690786
36808.2455617977
36844.769534703
36728.8771875078
36706.6223579135
36788.4681094936
36762.6972306063
36771.3390942269
36716.550907316
36705.1237669675
36742.9469628562
36767.826755738
36775.0634293394
36761.340687365
36727.4251268038
36702.7789842746
36727.2029236821
36796.6387254081
36740.3617356667
36712.0221790748
36763.6595643016
36806.5499094679
36720.3207543253
36720.2839334463
36783.2446426979
36740.7526276696
36667.1560629961
36739.2281657294
36749.2132306639
36801.305500265
36820.6003607964
36676.0276404643
36789.8584552118
36802.1956998406
36789.8850546686
36749.7881534199
36740.1275936962
36723.8724987559
36803.0169728644
36755.1103754976
36780.6534366376
36677.1726646708
36658.4702592053
36735.6126898983
36692.3765967406
36758.8703948795
36740.7027885157
36784.1172367945
36798.5629508784
36777.7088163012
36686.5597381503
36753.1197949817
36813.5162212702
36799.0260933985
36749.2875317422
36808.8500550608
36732.1650360746
36729.8801008747
36838.699650291
36693.6254665604
36767.1011263452
36792.6525281168
36698.0078343791
36757.6576044984
36797.6432992665
36765.3497877141
36714.2643177305
36723.4659697649
36739.6518380151
36783.1679974568
36693.2516583799
36726.2313295127
36803.5988929084
36790.2717711456
36748.4335783961
36778.6600562394
36861.0760274141
36770.528986145
36787.255318541
36760.2646952189
36765.9791972908
36745.2008536168
36787.4270261598
36779.5844300035
36789.635041215
36791.716832037
36759.3498824463
36780.3982338948
36744.1075294669
36746.1355440315
36778.5950278849
36764.1465700357
36686.2693939819
36773.5856720858
36686.6071913122
36735.6359092862
36738.439163029
36702.3211521667
36757.6338772123
36790.7704464682
36741.0069851015
36730.0749355027
36725.0977897091
36775.5014508367
36729.8890525403
36784.8451117609
36724.3218662653
36766.9559202713
36749.4913883348
36767.8815193731
36741.3606585957
36755.3926571331
36760.1063149559
36708.8604055577
36772.67309793
36748.1226554052
36723.6195572736
36700.5382016362
36782.45183457
36758.6401408192
36689.0683515544
36715.466638675
36762.5386748752
36656.9465451211
36735.6462581214
36749.1122436671
36772.9478939823
36776.9070905057
36738.6160107532
36771.8224438774
36735.6854925499
36753.4198265784
36729.9482261931
36757.4509000591
36777.748847811
36783.542523915
36808.0862572485
36734.203304641
36746.375787622
36789.6453798439
36740.165160737
36724.8369156339
36721.2976185266
36821.5601188019
36791.1817469336
36773.6532413594
36688.991973117
36766.8745848801
36766.5022502009
36680.9601618185
36760.7484313532
36784.3999744637
36697.4785195687
36702.9137938849
36726.2082370675
36734.0424250252
36763.2112813234
36765.8850404543
36671.6335638034
36754.8974948279
36767.21755149
36801.046181644
36735.336271374
36817.6264856942
36815.8820041366
36764.1455198589
36842.6302757165
36806.0155272263
36770.3315958489
36642.2083677757
36751.751757863
36698.9558909743
36737.1901298081
36744.6642960819
36705.9567122667
36740.6827116103
36798.11697724
36793.8439972734
36725.3011727435
36702.3474148947
36744.3049138941
36743.92151941
36744.0417668938
36747.1327482343
36806.7733741435
36750.1006331453
36736.9599332468
36799.8797566365
36744.3337163227
36720.3143057757
36809.6842263864
36805.2547737275
36786.5988223211
36841.6827740559
36732.1474334825
36787.6489796173
36769.4222502131
36746.3736461306
36773.2709188529
36801.0483534144
36758.2119742803
36724.3564664638
36731.0606090159
36805.7832326671
36724.3691853105
36773.7870437636
36682.9143161029
36827.5249913102
36720.9382585234
36808.0534165784
36788.0525965913
36720.3939190697
36704.7478084121
36823.8221908341
36719.6643772434
36760.8419027581
36773.7898786488
36700.0636819502
36735.12204454
36758.6505398802
36722.1143643942
36727.093526276
36734.2165366553
36699.0407441464
36649.7778626138
36812.6444270598
36784.3371167127
36732.8826553369
36814.3215674157
36739.0369420574
36754.6872665171
36748.6723082629
36730.3278970399
36765.9860853496
36785.7791534978
36794.9412917621
36756.5890323965
36695.7792701983
36693.2687119475
36759.9519872578
36725.6659776144
36688.5329856641
36676.6869442869
36767.1922481875
36741.0728667873
36736.7942140726
36770.4724678659
36746.8644865215
36773.7616078649
36720.929327958
36692.9315154706
36751.9491364877
36693.6909427531
36761.5273909169
36742.9150863338
36695.4604741336
36686.1540151239
36711.9236034169
36798.1878642742
36724.2355703705
36740.0055687569
36685.8756020869
36758.69194244
36754.8924955643
36737.7611011784
36688.4515213155
36807.1004924926
36791.5740336208
36792.7890320051
36747.4899981779
36774.0145930435
36781.0108846917
36745.4608281447
36749.3336630115
36696.90252207
36747.2345729416
36711.3319349098
36727.3894258838
36720.1156448767
36705.9853252316
36743.2545158934
36781.7862744743
36753.4309205892
36723.8549878058
36739.0978566088
36790.0701810073
36786.9197070363
36789.1117055973
36695.5664734105
36781.1670003502
36776.2342306545
36785.5124862528
36738.3478502518
36755.428168927
36689.1752478056
36717.7411977643
36717.884292258
36757.0313400739
36775.0876113814
36806.3994871691
36768.5609012606
36754.4464321488
36771.1217085198
36777.9903375419
36721.6373224041
36761.8380103711
36772.9828280785
36751.6496890353
36757.4406057648
36808.4626799714
36752.4053693247
36762.3751000633
36714.8811047294
36797.3352941072
36712.3211957555
36741.0717795452
36787.7197988054
36823.616335214
36710.4837049088
36722.3217502447
36761.107775909
36770.8791273502
36713.0354566959
36778.6016737399
36757.297328156
36780.2293463793
36739.209129304
36765.7395549638
36731.0459103174
36717.1367898584
36792.5696619388
36771.8808750359
36744.343956112
36794.1257329915
36778.183485788
36781.0718097749
36711.5741048118
36825.1268964259
36786.524337353
36674.6093222302
36694.7791365149
36711.0380551396
36744.3284423749
36723.7678037884
36710.6471634105
36745.5572760005
36772.4105662003
36725.4631630934
36712.7030005997
36699.3941280949
36740.6614052468
36763.2810832414
36795.2092572542
36750.4855205746
36678.0476333102
36722.0209916329
36783.6232253212
36761.9608826058
36748.6561897091
36736.186387151
36839.3616202595
36777.8732823606
36747.2351678882
36726.7743471164
36779.5028472163
36743.4338625253
36773.7713134873
36709.7788388819
36806.4163907573
36757.1134026962
36746.9266377176
36715.6737468483
36698.3435957692
36803.6159428249
36765.4106725271
36731.0864851114
36651.9159490087
36826.5233981176
36753.7649188423
36731.7090379037
36685.7512793139
36773.3336281854
36748.6184272932
36684.285620579
36783.2178787472
36744.0762454097
36774.3971925948
36725.0309021283
36783.2935728849
36780.8296188892
36747.8273360224
36752.0210020988
36732.6075055165
36741.1419856399
36803.0814252837
36779.0887880899
36744.5962761412
36709.0562677814
36838.1479858157
36677.8658899687
36704.3492650871
36680.521263264
36768.5856170801
36679.3354286031
36685.334270818
36755.3404009001
36689.5344957829
36700.0072144872
36744.7872954778
36699.6454050771
36807.7581135453
36710.7078062238
36766.2308653399
36756.7088272322
36790.1202137275
36809.6434566858
36778.8469087006
36816.2991129073
36740.8839247245
36708.6575039884
36675.5324927189
36719.9825134877
36732.5003353379
36694.6687697368
36743.9398289365
36683.6817271752
36679.8599737396
36754.3120763194
36775.8034350802
36704.2403042126
36666.1102207984
36775.2156351452
36844.8716218552
36656.457418027
36769.0301356443
36796.5656459136
36799.6623639154
36780.7348335437
36792.0054156506
36798.5852114978
36802.225545607
36654.4742654071
36679.2206507967
36795.9383056347
36706.2842522949
36769.6785502072
36741.7207188557
36813.2304001487
36729.5353019869
36717.5351645567
36811.6678296164
36732.7472734527
36800.2370951625
36814.4816095645
36723.1744101021
36766.1961378608
36751.1622392325
36791.7159816177
36770.0712853522
36723.3431011576
36704.8094826115
36716.8578571263
36754.0690536001
36729.4325880234
36767.5358436497
36724.5224532138
36747.4668917295
36798.2695824778
36732.0910046199
36806.7925263184
36710.1008608541
36788.8915364092
36723.0052689486
36766.5211404667
36780.0919517311
36806.9860203624
36770.7828851264
36731.2001172674
36730.1102351443
36741.2052626664
36836.9301959927
36775.9143617534
36760.6375772135
36764.2858411355
36733.662292852
36754.0576198315
36749.2671667773
36695.1924136991
36822.3061783388
36790.5079182188
36730.6355221907
36755.2144496557
36797.5351268606
36721.4395687436
36793.0536013252
36810.8110788695
36785.957595753
36717.5776745417
36697.5599739066
36799.2424108468
36660.5735938176
36715.1117681563
36738.5256683017
36767.2080379208
36666.2824729836
36723.8639938657
36708.1728890974
36701.7581185962
36708.2046845032
36782.3553763106
36748.0527319695
36795.5605339475
36792.8045536089
36797.4959499641
36724.5781947447
36752.4480961629
36715.1855639203
36804.8211951978
36725.2726148973
36850.5172801813
36697.0392949114
36760.091210757
36690.0281708218
36789.6246938678
36743.8723095423
36717.2035242978
36754.0882765188
36785.814497027
36814.1144229845
36764.3327371192
36730.2997240771
36804.2201369342
36802.8538580959
36785.7211409368
36865.266621871
36770.4005720573
36759.6754327322
36752.56123463
36709.2239639669
36753.5228643915
36713.2020347931
36739.5295016493
36679.3774186044
36735.5377484549
36820.2780982261
36811.870207606
36705.0387000826
36813.9779345276
36763.9415969269
36695.8073648358
36781.9022125174
36739.432021072
36733.7793160451
36749.850063672
36720.4004422573
36794.8991022901
36701.8203100974
36793.8745783931
36766.8226051799
36730.203402882
36783.9192152449
36785.5007098886
36791.2029459143
36710.3397496537
36767.4243790247
36764.981458253
36739.4183398699
36809.309218324
36774.4594960934
36686.3563956734
36817.8755462092
36773.5312281418
36705.8535112188
36835.3860490108
36692.5413334474
36692.7315789697
36693.8383752722
36778.834055734
36738.3996357265
36745.6324518311
36775.1276777187
36683.7421050334
36810.8092942906
36775.1183254851
36759.6870211244
36729.5365572644
36686.0032178613
36697.6006882962
36760.5936051113
36778.7433455646
36778.5868307585
36762.2627883198
36813.304843614
