36718.5803705513
36694.6063593446
36714.29685924
36746.6133070612
36720.8815295976
36720.2065598641
36724.6991473386
36708.8750268261
36671.4603969989
36716.9979200378
36769.3000878007
36662.9207947211
36669.7813020426
36680.6430001047
36717.6407357689
36676.8381644093
36739.6740474656
36737.7482226134
36722.6451174733
36742.2033096659
36754.0251915947
36742.5590343597
36705.5866396349
36665.7373249001
36723.4134480379
36738.4119224209
36688.2925890723
36674.81654473
36733.9039570867
36775.0092415359
36723.6203976202
36713.5162901934
36719.5897845219
36731.1273282691
36709.9708175941
36747.3699809123
36699.8139985633
36708.0205805653
36682.4016632536
36686.3703909813
36736.2765785932
36717.943056207
36728.5869626045
36735.6241995533
36718.0835677439
36685.2337087316
36747.5759528801
36748.6208543337
36750.3656705465
36680.5973749201
36705.408425992
36753.6326868593
36714.2617847087
36714.5525938426
36693.4412197599
36675.4992838872
36735.6065153421
36734.9243678177
36701.8846240237
36688.26957878
36731.7709290775
36748.2770008524
36725.3860099314
36711.1578481916
36713.7567616229
36697.5053061127
36675.8366256221
36709.6565593942
36780.4799297238
36749.4592400824
36727.2613436773
36699.9280932216
36666.7023322656
36714.3773989861
36700.3493947254
36742.6533408835
36696.7131500087
36729.6810641532
36670.5009900091
36708.91233071
36725.8497310175
36726.704192245
36730.7394737656
36747.0707275739
36722.6176012798
36710.7460838933
36708.3903435113
36708.8280934414
36673.2751022278
36741.2771914649
36723.0174663141
36711.4046500002
36715.8901640099
36716.2869085534
36718.5964239201
36721.9795826499
36716.0622193617
36749.3859869802
36686.1924759101
36710.2342649958
36723.7448069911
36734.0023584843
36786.871990478
36681.0532210824
36754.3717274307
36673.7974438124
36691.4959578437
36680.7829950068
36688.0586881437
36763.3445377861
36734.7640121942
36681.3475723706
36713.9223575366
36708.4273910698
36731.300854401
36670.0398482311
36747.0898234663
36715.4087158367
36716.8021510152
36685.7797715291
36777.5872878546
36683.3494773896
36740.9750531103
36693.7635689486
36745.6732860007
36706.9921135659
36719.9481955253
36692.209127088
36769.5617055801
36704.6920830496
36674.1910102213
36748.2090009216
36719.5425352644
36681.0522588459
36740.5926629422
36736.9122624252
36748.9475941269
36747.9662143457
36668.3408673418
36699.5022764522
36709.1638951497
36731.3949306519
36742.9094959782
36757.3775659278
36759.4245636099
36698.0740250301
36772.0279868456
36799.7486615749
36703.8860232134
36732.2026098993
36718.9974414138
36697.3880188934
36711.418870373
36702.8337011278
36704.9452431774
36702.1664900528
36725.854134611
36663.8997744784
36754.2118495819
36730.1954236681
36691.8986580886
36752.8810263296
36724.3880265047
36714.2373001747
36700.3979237358
36700.8461609443
36740.8413330223
36762.8627956185
36711.6566523174
36750.065588321
36732.8959930116
36659.5896856476
36690.3593233216
36763.6864807521
36691.5497826843
36728.6287433589
36745.4767295739
36733.9318626476
36744.9002679091
36770.782217471
36734.6138611047
36732.9947828458
36697.1274311552
36695.1513067616
36763.0894042105
36669.6655040651
36668.1541887141
36660.0588828641
36719.5236026384
36686.1913938356
36740.909825477
36693.1466424442
36749.436034489
36703.1977418338
36754.60252303
36694.4690950206
36740.8380364607
36662.927496147
36676.4844686697
36746.4176793819
36731.8818812832
36726.8977146939
36691.6805761139
36699.2189777484
36713.5640185645
36741.8431528739
36727.7908889155
36739.5352225688
36682.9131570645
36705.863531836
36678.5586325102
36758.8052793833
36654.0019411701
36729.84196353
36708.5316787197
36709.962445523
36723.3225028296
36755.6599377188
36775.5567819559
36768.9330597541
36726.090432853
36745.388620094
36725.6202683529
36759.4745723026
36699.6236982617
36765.4814936012
36740.6986122282
36695.8082040676
36681.0997045327
36736.9398238646
36802.2489360674
36719.7045897197
36801.5859787285
36696.6315355747
36707.8634186751
36730.9025900904
36752.9475607701
36724.7287180158
36685.3541617863
36751.5293741263
36705.3798697762
36734.0306802033
36749.0162264091
36751.7050775667
36715.0694080114
36729.940913135
36681.6767110383
36775.7278537776
36719.4203047832
36694.0114055188
36680.357069665
36729.2497701167
36730.1002961125
36735.9215443755
36733.744499202
36684.0855261662
36738.7767066192
36711.3835708442
36770.7075824635
36758.2858840365
36679.2975486022
36755.698606944
36679.1460370924
36676.9754685295
36688.1482539875
36710.9389862084
36654.9859321894
36719.0628199253
36736.4342887294
36714.9882798368
36734.5915234667
36695.8954341555
36696.0300428644
36718.9028504884
36652.8190827255
36674.4474424467
36700.5448217873
36711.6693820948
36729.33707054
36713.7677481606
36742.6810172214
36800.8207947433
36765.6769306947
36752.1852342376
36708.2571209364
36781.92435442
36766.9456117382
36747.0992561617
36722.676468019
36768.2569286676
36727.2881059815
36751.1977247252
36696.1752351673
36740.4223263063
36711.3180201473
36701.587833076
36685.1345732847
36746.5321365601
36685.7455613819
36703.7089171113
36697.1560961096
36725.6046737779
36697.6801703989
36735.0153086989
36709.369382152
36648.2005076039
36718.4143722638
36727.0219178877
36668.0424407315
36698.2428511477
36724.8975174805
36683.736064738
36766.5979347711
36752.281118943
36700.8734185794
36669.762689563
36692.8112845451
36689.3980941236
36711.4141082236
36688.9338778785
36693.5780320128
36739.4021770875
36682.3544108067
36719.6406153319
36726.5618938148
36692.90858723
36636.3357860518
36749.7506884693
36702.8794670402
36723.8672765299
36725.0956758899
36724.8788986701
36697.9430679843
36706.8701672443
36702.8797757013
36684.7438446887
36723.3990564936
36657.4831356529
36674.9238195056
36760.6354330582
36739.5681755292
36635.175621104
36764.404102522
36731.3959917924
36717.3400292536
36706.1470898922
36760.3436386807
36711.9909761009
36744.0875824669
36710.8234530382
36714.0517445397
36711.3006358753
36722.7478832043
36737.5211730475
36708.5946605241
36751.1174698136
36706.9529276444
36705.5736116381
36745.5619879232
36759.0591193926
36760.7549873512
36724.02312697
36690.0318187379
36689.7145882444
36774.2519017837
36680.8836299855
36724.2892788682
36756.490379366
36740.1574290994
36688.8987729985
36706.3559742186
36717.976147267
36764.4853624
36680.9971971253
36686.0372446774
36743.8017057952
36666.1320564894
36728.2237665335
36691.224602231
36730.8978910148
36769.3112268168
36676.3261263937
36740.9862391207
36769.2823502806
36685.8228561506
36726.8899319815
36684.2867053743
36712.9721432672
36734.3960543015
36709.6452077031
36678.0819141153
36736.3767476261
36741.6512387721
36728.8529121378
36756.1374465971
36720.7311463396
36684.4525071044
36661.6753125032
36683.8167604924
36735.6315374567
36710.3342185054
36739.230290865
36735.1925225511
36719.5869737506
36715.1922112065
36719.090509618
36671.1438699421
36710.9412202566
36717.0376652287
36700.1351655457
36790.8810290152
36716.9298366358
36713.1419321319
36727.7866769971
36717.9061306016
36676.0002068966
36712.0105485957
36693.0920751053
36719.8498973016
36787.6599156202
36778.3695988575
36720.0763490182
36725.7524243443
36706.7306363432
36724.7560884724
36710.4809284654
36678.8955218113
36708.4736393065
36667.7559917934
36706.8259794105
36668.8094197743
36714.1684986156
36751.3045669473
36649.7254854914
36707.9353750336
36702.9372793218
36725.7617326581
36727.4105766607
36713.7822448723
36685.3611969548
36724.411558313
36736.3974063876
36717.4575765877
36744.2161820074
36664.3839329337
36668.8935441943
36697.3042482269
36688.3368586688
36733.3656484377
36682.7294496513
36725.5031333948
36698.7380591428
36749.3432646388
36701.1892238597
36718.3135209294
36694.9427876307
36686.8469190557
36764.5348894937
36685.9517664729
36680.7971348285
36687.342485874
36718.0821060317
36717.3853950012
36734.2537100394
36724.15613314
36703.9607950199
36769.2132692425
36720.7069082956
36736.8290164943
36724.953017331
36763.5594168998
36659.254323586
36716.0582633349
36763.3460696995
36687.1289095986
36736.8499363846
36687.8197907666
36718.5068658536
36673.7372737537
36715.1527557019
36742.0920159575
36721.9147703401
36723.9022539329
36694.1218495677
36770.4490251757
36684.1264877503
36712.2697398321
36760.7291700418
36692.2489878642
36655.5485723747
36693.9631728093
36767.5131444049
36764.9266703845
36715.4043780849
36745.8183756034
36664.9975135546
36744.9353534663
36750.4108858447
36731.4005923277
36716.1127679092
36729.3529665276
36709.4778531492
36661.3728392193
36753.9320649594
36767.5867273566
36710.6120843854
36737.5847333188
36719.4331453968
36761.4663477183
36717.5774152376
36710.1080887129
36734.1071010282
36685.572455809
36735.6080989425
36724.7831008342
36678.8254067619
36698.9060268347
36739.7704725743
36678.1848915582
36714.1695372115
36687.7926852863
36677.8372941243
36690.1720988093
36745.2349833695
36747.4180428957
36675.7835722771
36739.2342963462
36701.3820628864
36708.9220798696
36675.3249276414
36668.3887733557
36718.4295013362
36702.4607743407
36731.6850830225
36720.8165129108
36699.9682571533
36716.0290517654
36701.5821367937
36681.6318402612
36697.8954249338
36692.8752361692
36736.8878040213
36721.540228447
36722.3891193845
36744.2895503699
36674.5005221661
36696.9441868146
36705.3388984589
36668.9849048437
36727.4753529942
36675.6115992805
36724.1505456122
36684.380283887
36700.9613912184
36725.0143381077
36697.6872935509
36704.5065811666
36774.3091346149
36688.2033483799
36735.49590125
36719.373688981
36753.2706192182
36749.610301115
36708.8026280137
36696.2157217692
36699.6648399597
36714.8890463727
36758.7415150914
36708.1484331108
36691.2586283677
36731.6283381225
36685.9085605859
36705.7803938866
36723.670252986
36737.5144500494
36687.2849777208
36690.9162677688
36738.5842234531
36697.6833961425
36693.2064017181
36707.8598845352
36689.5304035959
36720.7845589746
36687.6043673009
36754.1458090757
36705.6531658279
36717.4389131922
36715.3898382799
36779.5109979457
36693.4253461966
36664.9124378462
36724.8356670872
36698.02267806
36710.5082262698
36672.6870198532
36702.3558265522
36708.6831632567
36710.6347004775
36730.5418241324
36717.146257895
36674.4264747432
36726.3105962634
36707.0481313793
36710.5771735414
36686.4833219173
36761.1396025605
36725.2640024299
36716.106830317
36697.4419217342
36742.9773460185
36736.292124074
36781.981411763
36650.8524030961
36730.6795889348
36693.2719530717
36667.9816516446
36708.3251747528
36665.5904746682
36738.6786471528
36689.4257679281
36693.2608396117
36763.5248066631
36682.9485280977
36740.5476799824
36713.6367332471
36683.119691142
36747.896154383
36724.7569035154
36699.3782948906
36726.2790257549
36710.4025856407
36716.625346746
36693.609984925
36720.4802412535
36724.8217771806
36717.7154471328
36705.816812203
36695.0355683358
36689.8678295193
36752.0212206912
36699.8533281528
36752.7586269793
36733.7897731517
36694.4096889019
36748.7133677508
36747.4175657131
36757.6057608357
36771.1761426983
36721.1205809406
36714.1910019026
36765.46795267
36750.7904829124
36722.420423329
36696.5877905638
36723.7748853201
36694.3769854961
36714.7443387261
36734.5297791275
36714.5570614725
36727.8557797078
36740.506952264
36694.0868429108
36717.9742009243
36751.2494875781
36729.2232017346
36728.0278204369
36767.9130689858
36679.9553920677
36718.8185045558
36689.9947868368
36728.5668964906
36707.4525386414
36746.0460609076
36683.2268158777
36692.1347195169
36702.0410188635
36753.6906061323
36727.8315291627
36771.849405676
36735.0861558792
36686.5533368535
36662.7885181822
36750.1712833114
36728.7955262563
36757.4381316987
36724.4839583364
36815.2261919381
36781.0520744258
36687.5364347916
36701.8537470883
36725.8006278685
36717.3841268977
36744.2266921302
36691.641177334
36720.0098093902
36700.2344823609
36690.0409321349
36738.697846138
36738.6700762099
36673.0846052269
36687.6521794788
36709.577073858
36714.7925273464
36724.1308222752
36662.9964147813
36724.1216704484
36750.2424057391
36709.8469398437
36711.2358648941
36771.0749988785
36682.6482018974
36757.8276650458
36800.67236217
36736.3700756751
36720.9865043596
36718.304859369
36678.5044832119
36701.3231464468
36671.3770762937
36686.7803090006
36708.5640266294
36711.9167612129
36783.7470478049
36704.6882592448
36660.9969504559
36694.6502527169
36732.9375484266
36660.1634562913
36747.5841968651
36754.1601479311
36702.2031791852
36663.705662649
36713.1408467963
36749.2699499057
36743.2685618485
36688.8898989603
36703.7254154215
36703.9989250849
36703.563083838
36693.9927445317
36687.0099541893
36761.6896846471
36729.5450709889
36695.4147861004
36763.2436321498
36710.1821631687
36767.3266029122
36770.8941005952
36762.1413141677
36700.4027573015
36725.9627783904
36696.0358124136
36680.7464136824
36749.1116009825
36693.7790952724
36668.3820358855
36710.8057708649
36684.6567653078
36715.1289921514
36710.3414249973
36727.6644558309
36714.7181294118
36672.5524133057
36750.6663721437
36676.1835245343
36708.7166730831
36681.9280885438
36727.0147185296
36692.569546972
36759.0069063819
36687.2701507751
36677.7743691141
36728.2872500739
36696.0680502444
36731.2883550745
36652.0813670901
36683.7110101171
36704.9024708547
36715.681137446
36770.4427515744
36724.3110224686
36766.2480346427
36709.8886656056
36711.3364386404
36686.550246013
36751.7062302741
36751.1041534702
36715.0088009908
36682.782366349
36698.6900433152
36688.7643852132
36698.7952844752
36710.5498584935
36769.9744713072
36713.1061307425
36715.2188428629
36720.3666541945
36714.8235238425
36693.5742200748
36759.3876514623
36722.490110354
36727.1368230806
36711.1894702746
36696.087609023
36707.9140341615
36690.8962752217
36719.0621920894
36734.6050698964
36720.4527279097
36654.7450300432
36708.6874738558
36724.3887887759
36741.0772352566
36734.0924237972
36663.8481288798
36695.9023096611
36670.0451014434
36742.4218597809
36784.6257978124
36681.7771235179
36717.7321538704
36729.0892233665
36694.9039571336
36722.9524301089
36692.7968563755
36732.9441378505
36756.2513697115
36724.9873149632
36685.5942150559
36704.452107498
36708.3355401598
36706.0387920127
36727.9005095075
36755.2884171503
36736.8450853985
36728.0488254504
36705.2096222092
36715.335372503
36756.1006594163
36705.7974405653
36776.5124543862
36689.1017763915
36715.8507800394
36723.3527711547
36753.655776925
36717.5281073847
36731.8605571662
36669.5848103747
36719.1313695566
36711.1809362021
36673.9321372844
36670.3872693483
36718.570974254
36730.0341825724
36723.8479410568
36722.5582692681
36726.1287808101
36707.0891005911
36750.5510892251
36755.4174454359
36758.5905129603
36725.6350699166
36688.0460739289
36718.3001352536
36711.3361593902
36695.6739585027
36675.0098092409
36675.2304441654
36672.5749516335
36696.0350294819
36752.4182285949
36702.5054492935
36753.2980273733
36674.0356216306
36689.5992743552
36655.3882184399
36704.2903756874
36715.4042448581
36702.1127935087
36710.3059749076
36699.2012063271
36769.2700872356
36697.4741306078
36744.6023587722
36731.0191395393
36722.2482567446
36716.9783672544
36692.6325625517
36681.0053127475
36668.937695726
36761.372864166
36677.6090600824
36659.7381759949
36648.6517527305
36740.2902493519
36749.0174485753
36732.5823044395
36704.8056979038
36722.7957806273
36776.980189047
36697.287219032
36755.5721811855
36678.8907482919
36724.3275039105
36664.8170111452
36693.2324794382
36714.9697266869
36723.3927754329
36728.611069646
36752.2618824309
36709.4275874055
36726.5124683411
36733.6522714536
36683.5076154238
36721.2984355713
36752.2706218384
36740.6437467809
36754.2768392725
36691.3641250409
36670.9755907497
36696.271682139
36681.9305705022
36737.5930911233
36717.9790290113
36722.3930734319
36764.3868851158
36676.3182570006
36743.110562583
36745.5006784383
36719.6935899322
36708.8914612349
36692.8682644033
36716.0392948653
36726.7512526379
36652.8886674126
36723.6840486579
36724.8521783076
36723.9812748171
36734.8774053671
36709.2428028248
36693.6778113171
36689.2069094115
36722.9794865106
36765.2624489179
36699.6587547824
36720.0877064164
36662.7640756802
36703.6506306003
36703.112168338
36724.825632935
36694.5359664479
36739.5322209283
36720.2511992725
36719.633989137
36712.9509687872
36698.3065278154
36680.3253809609
36715.6741127381
36741.5777173891
36753.9604572999
36726.7456937088
36711.955972526
36691.6434834616
36756.7276100997
36669.7468055604
36682.1450895022
36721.2285639364
36700.137770958
36727.0889804732
36758.126068464
36740.0172297077
36706.8522979491
36735.55689259
36720.0834729162
36749.3148784958
36786.8358890543
36699.0503157375
36768.2853996167
36735.3676682523
36715.8027248304
36721.3033751072
36728.6267559695
36692.9457430795
36685.4095839416
36714.8714632591
36713.5862551304
36750.2223797504
36733.4420787613
36780.1310621505
36711.5024602888
36711.521687304
36727.3299319812
36730.1916653093
36738.4862500715
36713.197240722
36692.8754642467
36802.8757085593
36721.9817668583
36706.8511171522
36689.9166686113
