36667.3019332071
36676.7729573223
36691.8822515628
36693.3795647775
36676.675848826
36711.1191524398
36681.9694559728
36677.1917082282
36673.5719329836
36686.280325645
36694.1554359601
36676.1772899958
36689.8652260498
36671.0358808044
36657.2060323533
36676.4698386245
36726.9790507514
36695.03285863
36669.1824448354
36667.699502132
36670.1076507448
36716.3557535245
36675.8870152073
36697.3072932791
36672.9400182106
36659.1417624783
36656.4219389035
36735.7666929248
36674.9354238895
36683.6346808433
36666.0105799324
36705.9706969022
36701.4686722428
36689.9822305375
36654.8420460244
36724.1029170152
36691.9518135325
36683.8297713987
36691.398621093
36698.0024788286
36692.0244979634
36677.2615848611
36670.0896113183
36678.9501217372
36694.3157391928
36674.5340320404
36687.138342335
36678.6679576328
36728.3138451318
36690.0527286027
36665.8185684731
36685.5147484477
36666.5049514519
36685.0868721268
36671.4219636173
36663.7963109538
36710.7936652378
36709.1509851001
36679.6043812432
36701.2459935086
36671.369187725
36690.6136362813
36684.5278000926
36672.1416558599
36691.8350454464
36673.1817108036
36679.7539361443
36711.7546372456
36729.279588684
36727.5174802838
36725.8301476709
36677.4894965285
36667.8515722598
36679.8480207139
36676.7426607286
36665.1949636522
36693.181120246
36687.9363565285
36691.0337029563
36658.3335654542
36676.2048603436
36682.8699904677
36676.1337556342
36725.3834684753
36691.4608396113
36669.1729569454
36671.55092429
36735.607077273
36719.581271719
36708.8333319688
36706.9655491162
36687.4131600141
36681.4058616697
36683.9317781879
36700.1302702169
36670.1416399532
36738.6052916823
36713.5253007228
36743.9469365123
36700.1435708766
36722.4409432431
36672.9940006393
36724.8582448729
36689.6043443056
36720.0445927243
36676.6934457995
36680.9812622408
36710.4820155891
36721.2250497957
36678.6013629431
36685.6556161507
36726.9522316137
36670.5569980711
36673.1333236076
36694.8380428178
36659.0041633958
36681.4694269038
36699.832634819
36716.0985779067
36681.9707340979
36722.8852733223
36666.5481773782
36705.6435591244
36733.4016536926
36706.5437652266
36679.1559846238
36709.616633456
36734.6406187372
36662.6020944292
36722.4438831981
36682.899013017
36714.3808271475
36685.807779325
36679.9191360133
36674.3036645812
36673.9143621275
36679.3388272698
36735.7309066684
36684.5921323194
36687.4336468871
36673.887490533
36724.1245075604
36658.4526947452
36711.6430823246
36727.1480785688
36689.8978688483
36686.259226426
36738.5634672524
36663.5987749311
36677.0313165882
36651.5005938999
36717.2041741333
36690.0405449356
36690.6917236679
36675.8190942984
36679.4172369372
36674.0290423751
36664.4847371099
36724.8927429232
36716.5742454849
36706.5675254751
36677.8418336036
36674.9227351333
36673.6493501617
36683.0731733852
36685.8140154868
36688.55278642
36685.7514978388
36684.3805773469
36719.1746063773
36670.3365500778
36671.320177569
36687.5017274191
36723.7757632962
36668.8697760601
36669.0004501882
36730.344537207
36694.9770607413
36671.0765299658
36675.0277191861
36681.5834728755
36732.6148378276
36662.4238357245
36722.5296217201
36656.8783960088
36654.5364447455
36698.2709521663
36671.5333142186
36670.7912370612
36670.2977120514
36684.084652464
36691.1866923814
36670.7173781008
36682.7553157636
36718.1356670558
36669.0878246594
36725.6217492572
36676.1362970877
36677.2480132322
36669.0115418448
36698.1229389938
36716.8110705246
36681.6513042031
36690.4589351652
36674.7883345031
36689.6045011075
36731.7091470311
36670.9389810347
36670.6793657093
36678.6136453956
36679.9996472292
36663.1829650037
36676.7808725829
36707.6705447744
36704.4935137598
36674.043415206
36727.9941858003
36709.6827762559
36661.8672694497
36718.4164234184
36681.6995063835
36686.5373648779
36692.0747998492
36659.9589801735
36673.7557164655
36682.0234762579
36725.1912156298
36679.119797528
36664.8490404548
36671.4533929066
36696.9362756703
36690.5815371689
36677.078292714
36686.840515034
36705.1161915564
36675.5513080134
36709.7011396473
36709.3939041025
36723.0401421368
36684.9958212178
36659.9483467002
36716.7019831233
36690.3102252026
36726.561623068
36683.3923697221
36695.6066142678
36662.9743812377
36661.8355899349
36673.0380929548
36673.2477831803
36689.6091228882
36702.3942453844
36691.5646917669
36729.548195956
36712.4734389189
36686.5914775667
36674.7533163056
36708.448281062
36729.0072339798
36679.1079532213
36681.8254779728
36678.6357664846
36678.8960711012
36675.051524104
36725.303204026
36725.7810668805
36666.496605809
36671.2651805895
36734.05408759
36672.9556070454
36664.0983144356
36679.6155499119
36677.6041699884
36670.6191871001
36725.3444851812
36674.0915265205
36675.0868000244
36689.6310160739
36677.4172381494
36680.0289692695
36680.3053462627
36698.7942702832
36683.1943004309
36685.3655219715
36689.3537595397
36674.8460919068
36679.6414155138
36671.637860552
36691.478966811
36674.5884619056
36679.3422762936
36671.2495661846
36712.0028977469
36724.2917905025
36677.5954093168
36678.6317323311
36691.1986366107
36672.415871953
36684.8296960005
36693.0245317374
36679.0832841094
36677.4164267418
36690.319771842
36692.887768293
36676.2805468056
36727.1687773933
36688.1704221361
36723.4910252798
36739.7194888639
36708.2826798522
36675.043809469
36676.1924289462
36676.5419477507
36691.3389962329
36660.5597777743
36681.2736153267
36666.3919297302
36685.8760830005
36683.9875455808
36701.1735210858
36676.9193462412
36688.1880208008
36690.7859607532
36684.4938504877
36727.8981476655
36720.6036819317
36684.5031213725
36725.1548967816
36674.4267581075
36652.4523982773
36726.7510357532
36676.7298652107
36689.7082753279
36661.2551331759
36671.0143886356
36699.2943642271
36667.1863293517
36687.0386933981
36725.6447376493
36684.1957285265
36672.5050655666
36664.4536536731
36728.1359626971
36711.0157856629
36680.7715352732
36673.5698536792
36716.5565371205
36675.4796601987
36689.021744241
36687.4363280733
36736.8207017459
36695.1811196452
36677.053570974
36679.5919173563
36677.4040335431
36689.6766352551
36664.2626734168
36666.9100993509
36684.0447212171
36680.1525899787
36686.1170328845
36685.7596635046
36677.5109593218
36661.9138127233
36652.2887992743
36669.1578721742
36733.7874381815
36687.2898509185
36739.4156216861
36664.2205265335
36713.3500298591
36670.7770534111
36669.9580350338
36672.3060720328
36688.0174148918
36670.3264772279
36674.0355856166
36716.6741372716
36687.6721815235
36673.1498283891
36668.7963487851
36681.822612777
36677.8771338386
36733.9985203176
36672.3675410954
36691.5318176642
36728.0509889966
36672.2214102364
36660.9559334302
36726.9554443585
36703.4672783869
36717.5644044633
36732.8111101369
36672.685370774
36667.3278329659
36701.9801312628
36742.5247120705
36692.4797600072
36713.2712965783
36664.1160602984
36732.2949666094
36660.2634384288
36674.9708222965
36668.0177412529
36694.1950746811
36666.9045250432
36680.0539551576
36691.7264462635
36720.9657016297
36685.64183049
36666.4232097293
36679.1084730878
36670.0910345158
36694.1508827214
36711.0362043158
36687.5199504873
36687.11344866
36679.0288987383
36678.9756291251
36670.5910908633
36672.8427703377
36689.5082189619
36692.7805602275
36678.1513295979
36691.4969960794
36730.4794763406
36677.1866985213
36725.7303807967
36701.4190875578
36734.6716824553
36680.1217586899
36672.2007637819
36681.1547518773
36714.1647579135
36675.7567112556
36692.9714962545
36686.6360638374
36733.2344511695
36709.8281696573
36695.8429160157
36716.2020878633
36670.130337943
36676.7293640247
36728.0616980558
36689.5510619816
36693.2818490299
36679.3443624044
36676.2471025885
36679.0114469952
36708.2605718158
36671.3614595038
36721.1520643497
36668.5459190549
36732.2431014447
36717.9334744223
36688.2375368502
36682.7418250441
36671.5808895179
36673.1429642538
36719.6837320186
36650.0515561901
36676.8062585397
36672.3870513257
36726.637512193
36673.3534450715
36728.635766609
36683.4879561856
36713.730372693
36659.5704712339
36742.548256369
36674.3923086548
36697.7599002965
36722.6397014095
36670.8230728928
36658.5192673911
36668.0671821308
36715.447882055
36679.088305924
36722.8436114099
36732.7414855108
36679.5765342904
36689.7480635922
36661.3824872222
36673.3455259034
36676.5900118075
36714.6330995516
36694.4938761578
36690.4917148095
36665.1340100188
36681.9731332149
36678.7889144961
36697.1927527183
36676.4982359992
36725.099117888
36710.7990394633
36700.7080874644
36680.4583767035
36681.6447396682
36674.6227310723
36687.7484750089
36682.2003425301
36682.5033853004
36682.6521284714
36681.7791811668
36675.2333172834
36680.6132029772
36673.2766088743
36659.3396963941
36736.5559857667
36722.1023551295
36711.8883879384
36706.1922287675
36703.5381267817
36702.4483406527
36681.011143303
36680.9084903156
36688.7450676809
36668.407524428
36706.9553902637
36661.1296371721
36724.8550695512
36708.1542771478
36693.4673790281
36677.7427112645
36676.7101237117
36725.0382514092
36721.6331228271
36678.1032488341
36678.1149010959
36687.6763882638
36721.5337352625
36688.3088832682
36693.1048290338
36681.1128378513
36643.6221745704
36664.6919116332
36665.5939732172
36686.6819154847
36683.0340435789
36679.0909964114
36665.1851730657
36665.7084720499
36689.8215707237
36701.4943448731
36690.2547767609
36716.199029079
36711.9354187308
36715.9781735404
36665.6851718238
36681.0453760599
36703.598085855
36674.8735586168
36678.4925844265
36673.5756440121
36681.8174289829
36665.9143768255
36676.3597584407
36662.4090760042
36670.6820255361
36693.7734593411
36673.16594748
36678.9490585401
36674.9816667309
36692.3416128679
36690.6255924126
36692.2243689122
36681.2366362614
36732.7621459428
36670.1067350764
36691.7273182479
36730.7563836786
36674.4879590797
36672.7568897474
36734.8294321008
36687.8300171354
36687.0363321775
36696.7764117431
36719.3679848178
36723.5630379179
36733.5331381079
36661.4741636692
36676.4771880759
36702.8626492183
36683.975100638
36720.7625885489
36670.6527283883
36699.6456948345
36731.4533904992
36672.5955824366
36688.4546058637
36698.9769243438
36703.094303258
36670.4344446136
36678.8361391531
36679.9129778127
36680.0745533998
36653.3777232591
36705.37651408
36688.6328821421
36674.8746098531
36730.6748346029
36724.6785000985
36666.4120850471
36663.9916914904
36676.4251756526
36730.2088152113
36660.6271373525
36686.1833513503
36677.040823317
36723.7298042881
36701.2891355685
36660.5206035691
36689.0751008224
36678.303207811
36739.2602920157
36702.4283556036
36679.8413798262
36682.6975141616
36676.2221875902
36729.3515640682
36736.0642486818
36656.8997894513
36682.2691764836
36669.2786814623
36654.9157442193
36696.7405520743
36685.9799937937
36695.7655167494
36679.5879552125
36705.0581946022
36675.8869419088
36691.5173836347
36689.688529994
36670.9842298335
36677.3792314425
36696.6402434952
36714.5763910256
36688.2862340598
36715.3386143009
36696.2890416625
36691.7719127898
36731.1486061847
36667.7668016017
36740.388659022
36661.8022625583
36735.750968201
36676.3132629409
36700.9221679637
36668.0974179978
36675.0364390392
36690.7922317969
36706.4455556237
36676.5035808904
36682.8724614544
36682.2458804147
36678.6977658097
36720.5942652139
36672.9221562517
36690.6595165578
36682.8610643345
36726.1086050977
36676.9848768176
36701.4769301488
36679.5235686575
36737.362704723
36684.9160177065
36692.5561783925
36686.3634810305
36664.6681957864
36715.8307877378
36671.2535109638
36693.1191443815
36690.7156594305
36724.6097032286
36728.1461793491
36669.8885801409
36677.3152675467
36672.6417649398
36681.8283832841
36671.4186329145
36682.2436373719
36751.0963015688
36683.3471291698
36726.4800431139
36693.104471655
36672.8527854869
36700.6124636569
36672.1995775481
36673.2826619785
36681.190201246
36710.0165187322
36674.698129504
36697.5260096042
36672.7411343015
36654.2316909211
36678.2103102365
36702.7081208649
36700.9459551345
36687.6798304699
36672.7527868645
36739.6290386205
36672.5803120923
36723.0068529361
36684.6328420057
36748.1364910091
36674.5437927941
36674.0237044177
36674.0156775258
36734.1523208522
36720.8372202856
36679.9937219595
36670.885359683
36698.2742412153
36733.6131639309
36690.5066478477
36672.2822375054
36714.2437533312
36738.9039476169
36674.7129043965
36724.3590685567
36667.2335424314
36679.3606284031
36691.7794396043
36721.7090881758
36675.8321128658
36701.6278412014
36676.0998208098
36695.0223165772
36675.6131161231
36689.0960596302
36679.9384629176
36712.0021556623
36725.889309622
36681.4224933732
36740.6360862006
36672.7782155295
36683.3518657036
36721.743518814
36710.480872156
36728.3533873186
36718.8159479655
36683.3516841427
36655.0962204688
36654.2367257263
36647.7268213591
36717.5308138073
36684.1882598009
36670.796533772
36699.8304013966
36668.0785899855
36672.8828587386
36685.5235822223
36684.2273987787
36708.9326285655
36702.7524331506
36682.6122181678
36685.1919616583
36715.9184130868
36674.6671701711
36677.6700326479
36686.2021647321
36683.2745302133
36721.6042414377
36682.0530271095
36680.4680278938
36685.8020926664
36668.4647724435
36724.8748788919
36678.0467697019
36681.4722721835
36719.5802901549
36689.5749794112
36667.743074724
36695.4521198263
36718.1166470125
36663.9620561296
36708.6065487852
36660.8842873235
36684.820094357
36678.3549274745
36667.0926555502
36667.114348863
36672.2167732306
36667.2786711208
36686.5895564391
36722.429548011
36671.2035159231
36685.2970721111
36712.3610584802
36727.6636115321
36740.7108687946
36685.8013791225
36668.9461987706
36739.7737135643
36657.9109976735
36666.0037714065
36686.8048950626
36674.7892999436
36682.1928500871
36679.6408451885
36690.6028582114
36695.0818516057
36664.5984652875
36673.6047589743
36715.9246786502
36673.7479514458
36664.237085016
36675.2923161574
36661.6919865023
36703.385621717
36670.7913698987
36672.0194566533
36674.6208876556
36731.677590827
36663.122918387
36673.5522677589
36722.9426062389
36676.9882758998
36661.3132575313
36731.8758979825
36674.5173747235
36702.171639263
36688.8319314131
36691.3013856984
36690.4648059681
36679.4370571827
36667.1217737175
36680.5286971672
36667.4188746399
36725.5751354878
36680.2255840252
36678.1558326674
36695.8792520258
36756.0477470909
36678.506590857
36672.1852877573
36677.1822207808
36680.5573620937
36689.1554746935
36686.9042087539
36674.7915359233
36687.8870486957
36686.23249975
36667.8886879124
36669.2403640602
36670.7152573602
36707.1785688028
36697.0382997373
36673.5384797675
36683.3233071653
36666.2187292263
36696.3789652408
36730.1006216222
36660.6287836658
36727.1021474646
36667.0094931736
36724.6933463055
36672.7974153056
36661.696605059
36712.2152976132
36690.5552580075
36695.0276895905
36664.0227131401
36725.821336793
36692.1983369273
36696.3322609211
36743.1719167588
36692.6360947333
36700.1130181636
36708.4837504203
36687.0060276774
36724.2880316273
36684.8647805471
36679.9890104472
36692.4003046069
36717.6334677998
36688.1704209522
36671.2729184754
36666.0535109962
36688.4817594851
36695.4704031278
36661.9001607463
36684.0003759124
36683.5677679941
36692.5912740935
36682.6934731338
36684.5651823376
36675.2853646304
36732.2324009787
36680.5626088903
36660.3879947391
36692.8400735473
36682.4420816447
36688.251809993
36693.8884272808
36670.4384864876
36677.982274825
36704.05532104
36740.6931658215
36674.3947318916
36681.0795806868
36673.6732399006
36690.4454504376
36678.9770575921
36689.6370290525
36707.6248993524
36727.8384360922
36674.1288174232
36710.1510808991
36671.0132723034
36702.234118928
36672.8956198282
36699.236421425
36674.2124162255
36689.1695725605
36670.0917771202
36703.2874586337
36664.6634684932
36677.247099856
36723.4679404868
36727.7202701578
36676.490641819
36677.8937865359
36671.385095928
36678.9236809439
36665.0173632137
36718.5304883725
36666.5444929412
36697.4770385427
36675.6998283114
36698.0583173599
36684.3396955439
36675.1380884832
36670.903444567
36735.4015616068
36677.2028452093
36669.1789528325
36669.5680686985
36718.2297026148
36720.1854991764
36663.1104607837
36707.2630549635
36723.0709701059
36692.6995286886
36683.2536083429
36694.1630545203
36664.6980357656
36674.6961774351
36694.426684106
36649.0513355962
36685.1755903415
36676.9349000523
36677.2407850417
36690.9926622809
36671.5754024753
36693.0695419515
36681.9119092178
36685.4182001879
36686.8140379254
36732.7895298031
36673.9633750177
36684.3223094132
36703.3184285693
36670.6932876747
36669.0740867832
36681.2681367005
36681.4557045359
36714.1618003484
36671.4857689951
36669.5953800969
36720.7330708511
36685.5508178791
36669.6530444093
36681.5204239716
36686.3650270273
36688.1023499068
36723.0187394733
36678.5669514767
36669.9266081708
36659.255320258
36671.676541109
36677.4193954119
36700.9422958756
36684.55576142
36667.177204987
36722.0583121041
36664.9119707214
36679.0844350227
36664.3080867359
36676.9341546814
36694.5491209894
36674.5358450746
36682.9962155266
36691.7024369048
36697.23610811
36659.0362877043
36683.3835884446
36687.7612440048
36675.577583177
36673.2714017975
