36683.8569770017
36673.4363965583
36679.448727317
36686.364238354
36688.750621682
36730.0155667228
36681.1927244592
36724.0618335294
36714.8567408148
36705.7085507261
36692.7793206902
36665.543265365
36677.5502604922
36674.9062622803
36673.5334041824
36709.0596463283
36674.5173934093
36674.788152931
36693.2138276333
36725.2401838054
36697.650904381
36681.4674215043
36685.8274403677
36678.7802176396
36678.6952287198
36687.2667462856
36661.3542041927
36669.7984892626
36672.606497749
36739.724506727
36678.2626503606
36687.9927695972
36679.5727436171
36709.3449210005
36660.8296343785
36678.8807462529
36679.6592564044
36686.1969706111
36684.800097508
36687.6813233539
36681.8319791646
36686.5530334013
36671.1334985453
36678.2573194232
36670.4981196926
36672.1673920352
36672.8139127081
36668.4112536121
36666.1830799038
36742.0953270881
36720.6703312141
36679.0710124581
36680.8654923121
36675.393130594
36679.5963525712
36671.4770289201
36706.971848344
36671.6660154754
36708.2446548346
36679.600333088
36676.9249064496
36688.6145494412
36672.2321768748
36676.0863280299
36673.3101381278
36678.6688169662
36677.8943977087
36681.2076714669
36659.6614064448
36674.4786838957
36677.4338256142
36674.4557953073
36674.4926074061
36721.4485480016
36700.3847983416
36727.7028443581
36663.0798755581
36665.2636388508
36689.2348898755
36679.5404239784
36679.5698951367
36683.9711428242
36672.0080371812
36684.6777814262
36731.2732779786
36683.0213944348
36682.5094893322
36686.5990804904
36676.6235101633
36671.0087255018
36678.6871927581
36690.8731216902
36676.902529145
36741.6951257864
36665.3311146797
36677.6366155653
36690.6199690199
36680.7152563707
36669.553611412
36666.2396521795
36668.0248372544
36676.6001106125
36677.1222137679
36673.6966748343
36686.0885578266
36669.6216825171
36675.2281890819
36669.2135476553
36737.844860886
36724.5506815053
36679.8788092111
36718.2188559526
36678.2329345034
36695.2506959929
36673.094614315
36679.929437816
36679.3433807858
36682.4987318762
36679.5696915181
36725.1997678076
36736.6527715895
36676.5176427613
36680.3759938528
36687.7926553158
36674.576480556
36696.7777277586
36662.9970076922
36673.9317189651
36672.8897545811
36718.1997540597
36681.1045874373
36683.8269319596
36718.2610813242
36675.9155492371
36677.9249087096
36676.2658514833
36673.2685971593
36681.9224394149
36734.8046470318
36676.9245478433
36675.4818483305
36669.4780308408
36678.2300835281
36666.6993234433
36684.4081603944
36716.129893434
36657.850899984
36685.6846965482
36682.6328777987
36680.3102195172
36680.8272404984
36670.2016286169
36686.9335701927
36700.042039583
36742.0060008956
36683.580934217
36661.7946219251
36684.3581945293
36676.1995222606
36682.8837412291
36687.5529389767
36737.2422266964
36675.8291150271
36672.8910851128
36673.8007056853
36676.9417431756
36692.5710146143
36675.1250007239
36674.9672576256
36698.1968438703
36690.5372794841
36676.1213727832
36710.3663890184
36676.3622886069
36728.637440447
36668.1488113695
36689.162154978
36719.3546745014
36667.9308626999
36679.2887885023
36702.2188130939
36736.6255683099
36670.085653002
36716.5643386857
36715.1372190712
36697.0727187281
36676.3331094944
36681.5220615027
36676.960061513
36684.0472807413
36667.3932860851
36681.5720594711
36662.3171762496
36679.3099310381
36674.8097287095
36685.5226235654
36723.8365076443
36666.2583728986
36672.4366657327
36689.7389642909
36700.069265396
36677.4773069069
36675.7982966763
36740.2587595768
36676.6314090518
36674.2503358674
36673.0706622928
36690.160689509
36679.9514414226
36669.235693301
36699.2943724904
36665.2607388421
36674.3211831923
36678.6650772797
36662.3941980313
36669.0706762777
36677.7804394692
36725.3480900811
36668.7792307723
36696.9451694848
36672.9243438501
36667.7792669073
36671.794336684
36669.3512618842
36675.628219133
36687.9137717024
36670.7063978908
36690.5687645034
36725.1021707145
36676.4879672396
36672.9101081357
36688.0033949744
36690.9159022899
36682.8283688574
36685.4320734742
36681.898818856
36675.4009256213
36690.3794532044
36692.6439105647
36684.2413116645
36673.948215986
36675.3043223312
36733.5418735089
36673.8248252168
36694.5716186333
36694.4691404738
36680.4776432636
36682.0370743442
36693.5993096312
36684.8010516509
36685.9278200805
36675.1857698048
36689.0251284558
36678.5846033071
36728.3707831357
36672.8259578544
36695.4311558183
36687.416343057
36668.3130786772
36689.5942029648
36689.9982561883
36684.9178336317
36684.9525781148
36686.5548650384
36683.9351621269
36694.9087019959
36668.2785819944
36676.8285112556
36665.8629966738
36669.6183412169
36722.2777425163
36680.3904429204
36731.8469982792
36684.6177318285
36686.0742538162
36677.7690928252
36674.6047151616
36685.8672768169
36692.0471197412
36682.9569557365
36684.0024910463
36729.6190177528
36695.4684759715
36677.1577321756
36687.0065072211
36680.8941224626
36668.0491032954
36692.9108654874
36667.3550874605
36673.0390723942
36706.9925553607
36667.7605040731
36680.4547515627
36677.8712656921
36668.7326558702
36671.3308177477
36694.7748697042
36682.8458296826
36677.9007575464
36736.0227612806
36687.6908961933
36681.2762925156
36729.0307347796
36674.6470313278
36689.1152893549
36705.2916519873
36725.8438025738
36667.5755912367
36695.5537508532
36674.0848723243
36673.2804958349
36693.0894752447
36699.2741986757
36673.6407280403
36685.9220135425
36680.199893941
36697.2163316867
36683.3682642677
36671.5276172467
36674.7012228157
36677.8008007866
36748.1368758145
36682.5291264973
36679.4137611614
36725.6609726885
36685.9140010063
36677.4258880737
36680.36968122
36684.2267132493
36678.1388950213
36684.4828422908
36666.6360832013
36670.0971364435
36678.1535556229
36692.9863699314
36693.5166658377
36672.1251340744
36669.3940186838
36693.319601885
36684.8697316633
36669.5156519525
36678.7373474003
36673.9076074888
36683.9742810909
36671.9411759178
36676.8003378812
36679.0328004377
36672.9044995746
36725.3202588368
36674.5705541936
36680.1346542436
36677.4454128901
36703.490841688
36674.5700473143
36693.6637327224
36681.9983150601
36688.634121654
36673.8185817249
36676.2943973958
36728.9856923297
36673.6496048383
36691.9039858805
36690.6319504436
36692.3895008918
36695.2043880437
36671.701945103
36666.6075101727
36669.5811109894
36684.2699592052
36730.2384755448
36730.8065425532
36677.6980993848
36680.9262353649
36662.0363382813
36663.3685757241
36687.7213906445
36689.1467748526
36673.9290227264
36714.166599389
36682.2774490314
36677.4509219029
36688.5112794824
36715.7480344667
36664.8494962723
36675.2269233639
36686.5744824784
36677.8930944439
36692.3933729946
36685.5893463425
36674.0472753914
36681.3916798948
36733.1634393644
36676.1664123721
36663.9911408905
36683.3181378701
36672.6275641509
36684.663142575
36689.7398085477
36675.4434252682
36685.6102772607
36680.7700531552
36679.6923038629
36660.3305119146
36685.6474967281
36732.7771561339
36664.8964455376
36680.8423527335
36678.5343185886
36677.2375075678
36677.7120488585
36672.4179187417
36682.4998724438
36675.7568499103
36684.4213386041
36680.5101319942
36667.6888783026
36667.5717923884
36678.4200855985
36669.194649399
36689.2379871488
36683.2632632868
36677.9189154918
36673.7834900429
36673.5222828022
36683.1819128722
36676.848034843
36680.2566146095
36678.4843081966
36674.7318392803
36684.7838168708
36669.5795085759
36673.7764415072
36678.0172339873
36676.2627505007
36685.2974697269
36660.3561674158
36675.4168651329
36672.4178334408
36682.4647812594
36672.1064665823
36688.8413129161
36740.2328207096
36675.9426758795
36734.3266755677
36683.0352506
36682.3222484391
36679.9308467282
36669.9433593955
36674.7015904801
36675.196257504
36675.0643842203
36696.2179257335
36700.3351592875
36661.9462601795
36671.3495928627
36682.0046576047
36718.4632135885
36687.4172061808
36692.8802388303
36681.7865505417
36679.0583444588
36717.7167535169
36671.147288988
36678.6646414499
36667.7034298947
36682.9616360676
36725.8904998428
36728.32333682
36692.4122954445
36704.9538495485
36685.3066115664
36685.2791500403
36697.8209341932
36667.6047075235
36674.3263820212
36680.8741752432
36676.6554913513
36683.4490609977
36672.6426178579
36668.6167390477
36680.0412375795
36712.0300711762
36689.5885526278
36676.3817146529
36679.1197809471
36685.6004127435
36654.2152315248
36685.8024676023
36686.3621894476
36678.3646018303
36696.5957727001
36686.0531354408
36681.1024351801
36687.5952701753
36674.7762659087
36693.3849455191
36735.6275738405
36672.6428209066
36684.2780700492
36709.7210093478
36697.3044152658
36680.1082626674
36679.5637729279
36723.808740877
36727.7306575799
36684.118668954
36683.2329841139
36674.1542888653
36681.4868555693
36664.4476937227
36719.486892104
36666.6442571649
36671.4838800511
36683.4182453919
36674.8328439392
36674.0053232209
36676.8871728506
36684.2521553003
36680.9807060989
36687.185724704
36680.2869093973
36670.8528775165
36668.6191550348
36682.6927226262
36696.5441173461
36714.1144952834
36668.1135211868
36665.0326961414
36679.1393880314
36675.7586521597
36672.6286320984
36677.3804044969
36677.8508149033
36678.2524327909
36666.9016143852
36698.1578364302
36703.5930782339
36675.5208546953
36667.0757297876
36679.591413299
36677.8132590426
36671.1088592259
36676.7245328645
36670.4105449099
36663.0418749176
36693.7115874282
36682.2971439395
36695.3107861201
36703.5788448906
36735.4944579893
36737.9037323165
36676.7640615286
36719.6097089094
36666.8572420485
36676.5217448498
36698.4698416835
36689.8893036483
36679.5400382125
36672.7514491679
36675.6477984284
36692.5311900368
36702.4207526058
36673.2899460534
36673.972568515
36670.4813724527
36726.4643434664
36661.0874682535
36673.2677036714
36679.1581292237
36697.5770008503
36673.7520427372
36671.5648610803
36687.6995866063
36698.0194368562
36683.5412773211
36679.8068484987
36664.5736132676
36683.2512090784
36671.5979604389
36694.4954880773
36663.8313170223
36690.0917291651
36689.579709898
36691.6218600564
36660.9486055303
36725.753831602
36695.2503018623
36676.977625829
36674.4781607027
36683.1024867175
36730.5169697695
36703.0760423051
36716.252275655
36662.2570162709
36706.7289770217
36725.2065120213
36680.8592346409
36668.9771492757
36673.3512055761
36716.4039910436
36668.9204338014
36659.7969914502
36675.7261529152
36676.4395186934
36689.1914419026
36682.4483195443
36663.859060531
36727.48078308
36680.0827022012
36677.966388698
36718.0947388285
36697.9431623746
36689.6696748363
36690.1187362152
36672.115842845
36735.7056808123
36677.1019226914
36670.9335275624
36715.5606666178
36680.4269790326
36682.6562644596
36671.2939029347
36700.2594612401
36667.4319461962
36686.0257513438
36741.1721740207
36725.9011178086
36681.422237346
36673.910468175
36723.8055844556
36682.4957665038
36681.2789650087
36688.8489695672
36685.9507324087
36673.9500894987
36675.7617038715
36687.5584839189
36689.0445531459
36681.1968790979
36699.4103173638
36768.9201283409
36691.1402472448
36682.8567271105
36688.2669402267
36670.8160593882
36686.8653897308
36673.213836281
36673.337046594
36694.5214315225
36731.6018963926
36726.6299687016
36683.0441037137
36673.8918830421
36678.7388588576
36670.4270506043
36679.2438322073
36668.9229773512
36683.5708726934
36681.805916411
36671.7171313801
36683.9744221008
36665.9766253989
36687.4858958977
36740.182066685
36687.8872292426
36710.6952869093
36679.3766511024
36687.263877238
36677.720251249
36695.202852185
36673.7442674288
36676.345084861
36683.1542695013
36690.8239027548
36684.7751443436
36706.99974862
36670.3938501788
36675.0609591591
36688.6489205581
36676.0994524269
36683.03592142
36680.3759454173
36672.8928021289
36675.6051520081
36708.5116183897
36679.5379536983
36670.0098329453
36681.8503711143
36670.1318339528
36685.2698427441
36671.517475551
36657.2950215961
36655.1799185491
36689.4919610279
36686.6801753382
36688.2253318309
36681.6419749964
36673.0413560896
36679.2623957864
36685.1009600928
36682.1260662853
36680.5925381259
36690.053647642
36667.1141572976
36670.7532375851
36667.9821334733
36673.9294309306
36683.1785434162
36715.1436454941
36674.3606685452
36670.3771925635
36671.7893255786
36670.6141570768
36671.6191339972
36681.8318321324
36682.6873748063
36689.2486891122
36691.1537929105
36704.5518369217
36677.5069853532
36683.4692641527
36687.8622739426
36700.3219262787
36668.1677917208
36682.8448898371
36673.5132882939
36691.6236726407
36675.5612052366
36673.9952500322
36681.0946692972
36678.1575341186
36732.5042341395
36684.3403521522
36673.2732584932
36745.5038355967
36676.2275092544
36681.2340860745
36682.8118177255
36682.9130474391
36688.5138541435
36686.1830956597
36676.5384704708
36737.3366919727
36662.2991435474
36733.9688483948
36736.5557496228
36663.9630608236
36679.5782046432
36705.9409410006
36685.0473700254
36662.2408825897
36679.2379108794
36669.2065217738
36715.0433002336
36673.064489278
36693.8494103695
36689.5245805477
36685.1100275554
36728.0102877761
36682.3870751106
36685.292480682
36683.4662627481
36679.5360074764
36668.6503808257
36673.8160009801
36677.6721682787
36686.8648856051
36676.6279683461
36664.6974892252
36672.7419171979
36685.5582801083
36718.7487083563
36697.424622471
36671.627602478
36753.7577181734
36730.638296364
36739.7449629927
36728.2455345876
36662.5639650618
36684.8219963455
36672.2318755389
36694.6482058175
36677.5250371707
36687.1066725091
36681.9596820197
36708.0919801658
36689.7039601455
36668.6979353254
36668.5564604229
36685.2977076728
36676.1014177441
36690.4399599717
36683.76976923
36673.8743194982
36717.2256594411
36669.8542700913
36672.5801244726
36678.2435620567
36671.3760617718
36678.6624798179
36687.8056549982
36675.5931618332
36698.1255610375
36726.8788884526
36698.1809705093
36666.8268728799
36730.4743823631
36670.4546545017
36706.8719554066
36726.3221445414
36681.6116343441
36723.9438756332
36713.1943302069
36686.7042516472
36661.73234659
36727.0993069827
36662.8997599674
36671.4481269715
36723.8409485631
36680.0084766053
36707.3155871907
36680.8826473724
36717.0636320303
36722.5412302051
36737.6279139935
36679.0192079604
36674.5790616188
36732.4086483716
36673.6714955106
36689.3410263859
36678.3190433608
36675.9804654179
36658.2166703583
36690.4103432461
36682.7370605022
36726.9642830447
36681.8231847838
36683.1438799476
36676.2577461829
36736.1604737962
36675.0358312622
36703.5531584066
36690.1378598807
36673.0484365732
36723.1274627761
36681.7604012997
36683.8715292402
36733.1368575409
36687.3763535398
36668.7504165779
36702.2256102477
36668.7491337214
36685.2973688349
36730.1909898393
36713.7686785511
36722.5546014999
36667.5385650798
36726.3165548196
36677.4407493201
36723.3583468147
36684.3533197587
36740.6787508082
36678.6284903471
36683.2706175385
36694.7301724422
36683.2922345121
36683.9415994244
36687.1565273014
36670.8466797511
36684.8093368153
36692.9181176885
36684.9496124644
36677.4408416065
36726.7427527737
36670.7957210338
36665.7899952391
36676.992569594
36683.3039463786
36720.3742946599
36722.8369447596
36678.3021069092
36668.6671282524
36736.2594958534
36727.5565351641
36729.2711000664
36674.7326566973
36733.081628602
36681.0852174353
36675.1134159423
36682.9396722679
36665.2478415457
36683.5638582833
36673.4274732533
36679.6664975969
36664.0673211482
36682.1980713244
36699.7915808566
36688.8676109224
36681.8626719519
36676.6099528909
36670.5707262954
36716.5237793096
36695.6447455952
36672.6248193511
36682.676051314
36680.8471736922
36670.2322366992
36680.9041319484
36680.1775394884
36682.3946507874
36688.9600676995
36677.4098587198
36689.4485624611
36672.2040437524
36718.866125569
36673.9735576908
36679.0737278449
36675.9727345314
36678.808610701
36678.4133320156
36688.6283402644
36672.901978034
36743.4491527868
36677.636949637
36662.5070431709
36680.3622295079
36664.8183922806
36677.0902660502
36662.5762932526
36689.1936204802
36676.2552313112
36686.0614682544
36687.8052539606
36716.6296420813
36736.3770596651
36669.1286639294
36683.0690021231
36675.3016201812
36686.3173956924
36693.3737376899
36684.7797069872
36694.4156537415
36692.3781106373
36696.6693268374
36735.0028211389
36670.3144605134
36687.4330211522
36681.6768738629
36670.0497269683
36688.1504365237
36689.5479677555
36681.7541584224
36691.9396617249
36704.4870782346
36724.8690015565
36674.3670695239
36679.0306137398
36672.7169554839
36660.4733201907
36662.9935454576
36693.9990655256
36671.1315173826
36689.3769085139
36674.7969030186
36730.4109584584
36681.483969757
36693.7352666141
36688.2782915859
36682.649814379
36698.2174333522
36690.4098920631
36678.6191565293
36695.3801679919
36720.0367213617
36733.7729910863
36680.6930974985
36664.8986866139
36668.4434308119
36675.929205283
36677.4903761405
36676.3043708003
36681.2461152845
36677.1298945814
36671.091721856
36700.5619829534
36668.1142522993
36696.5421465918
36667.1468026851
36678.4067210373
36676.6994997033
36683.0370973245
36675.0636493837
36686.6963909841
36688.6442592038
36724.5314943852
36678.8444943713
36684.4723392252
36683.2773451352
36673.0275083037
36671.330164984
