36680.4638961553
36678.1903687534
36691.3096490731
36682.532638762
36683.0512528663
36678.6521745652
36686.4685340158
36692.1447570325
36681.1657347259
36686.4630308856
36680.0006212058
36681.7515279514
36684.0457264983
36728.2956387787
36679.1007384495
36677.2683341881
36674.8179418187
36680.6832051587
36684.713405292
36725.6009326671
36688.9825172937
36679.5895399879
36684.6218730498
36680.7388796799
36681.0473843784
36684.8746260461
36680.4888694945
36680.601232627
36688.6300257129
36678.6487098602
36677.5620415349
36688.345974655
36681.9864832886
36682.4811909343
36681.4018619661
36678.9970397894
36675.2034977458
36673.0114336563
36675.4934013018
36675.9618622371
36687.7449143534
36683.312322722
36677.4999452194
36675.5101862721
36675.945370499
36680.2601868129
36681.4572685583
36682.1050858326
36679.269428521
36731.8963818645
36673.0665884024
36728.4070884947
36680.0845010659
36679.7944826219
36683.0674215189
36680.2357243219
36678.3027647139
36690.1233001554
36681.4054751749
36682.0737540407
36679.97775298
36676.4456386737
36673.4085009034
36681.4348101052
36675.2780489624
36684.6816568255
36683.744038115
36681.0850446996
36672.8550972083
36680.686550323
36682.6810138336
36683.0375145737
36689.8421752099
36675.3700807327
36679.8905149175
36676.9166560784
36682.8373886567
36725.4453618072
36686.7992556357
36679.6866381785
36678.461062757
36675.8724389061
36685.7833799629
36728.6382304914
36728.8870142793
36682.3711351966
36681.1528679272
36679.7810851275
36681.6912945009
36681.7328578498
36685.0264682426
36675.8271686909
36688.0148148195
36683.8275493282
36682.2332995007
36670.9750762215
36678.3577861497
36673.2237796179
36684.8460932215
36678.8977291101
36677.608467871
36682.215890296
36683.1253442584
36681.634785532
36685.2244507818
36681.0944432254
36678.3965426773
36682.3361440896
36682.4714402435
36682.2208730645
36681.9963883359
36678.185626306
36689.0768588784
36679.5655347576
36679.3420052535
36683.7683649761
36681.4863012873
36677.2718384188
36686.2241600876
36683.4051501627
36680.0867491582
36678.2650199204
36684.555030308
36684.618885507
36677.7600427267
36681.4447544426
36681.5514437214
36682.1869528402
36682.596607073
36681.5191004077
36685.5450820833
36679.3483149742
36682.5102359905
36680.6850809076
36683.0590887607
36675.3095534329
36676.3267446594
36677.6968534692
36676.3219394965
36678.7012339159
36697.2561391273
36688.2550334916
36683.2782132155
36676.0068179445
36685.1100281516
36681.6630291577
36680.0448910474
36677.3089835412
36686.352623999
36685.6525054595
36681.5038569797
36730.1787542454
36686.7821933464
36687.9980446771
36681.8473848108
36681.4438526779
36673.6715438816
36683.3465140612
36680.6285249412
36681.1038185787
36681.1657598584
36675.3061077078
36683.5930912079
36688.1225431867
36680.2688651531
36681.8994281011
36683.0929991645
36682.1859129816
36679.3009478634
36677.2426859007
36722.6759132653
36682.5742493339
36683.7479965789
36686.2930747087
36680.8900761878
36682.3714262846
36678.1283427934
36684.1791815026
36676.1279481571
36681.2346472766
36674.3302024138
36676.1641661316
36677.5012033666
36680.6044335594
36680.4817885387
36682.9402757129
36678.9925001639
36682.613858253
36677.4646107029
36675.5527836242
36676.4961017576
36679.4931001338
36672.9545798485
36688.3724556796
36688.1432337036
36683.7356873805
36682.0098765835
36675.6433455943
36685.1285937935
36681.7689037243
36687.4877690905
36687.3017759884
36684.6581666222
36734.9429243044
36683.3060190444
36680.6705063621
36689.6796116084
36678.6338177394
36678.9507646162
36672.1837207435
36679.1100830982
36679.3761593795
36678.5363799023
36738.8435392594
36679.2247603876
36729.274225039
36692.3537387112
36680.1986614526
36677.1801156467
36686.8113544477
36682.8777239636
36670.1878795974
36683.0040746623
36686.4728296057
36682.4908583529
36686.0170124197
36733.5976041764
36684.1971248471
36683.8747874338
36693.357583506
36681.6009973721
36683.2421982645
36675.7718500994
36680.3036209482
36682.2729726285
36683.6485582638
36684.5692802982
36680.7489984248
36682.8050233287
36685.8932916256
36674.9223489781
36737.3817288976
36679.2872719997
36684.8430409526
36680.0188487497
36679.9155434143
36679.3047811252
36681.1354996217
36679.8946049187
36680.5793731887
36683.4618758697
36680.4950501502
36678.2959520925
36679.3224371964
36686.8487319188
36678.0274607563
36684.7385610529
36678.2179119576
36681.9176658225
36680.7096725198
36685.5248482949
36688.7721498518
36723.5696075124
36677.276697675
36679.2822451487
36682.0351012292
36684.7717017838
36733.3454920535
36683.3648688436
36677.7394849018
36681.2861000319
36677.1311878994
36679.2348362397
36685.5580129186
36731.9991932757
36676.2059672762
36683.3731640321
36686.1278738091
36685.9981427303
36679.6888211545
36679.284668291
36683.3687069128
36681.4871778089
36678.0078832876
36676.8965931454
36689.2129417741
36679.4904565125
36682.6892228785
36682.0724976292
36677.825902674
36688.582522055
36686.8572633032
36680.749216266
36676.9094063176
36679.5650584608
36691.3723032265
36680.9689200187
36680.4728533428
36678.3727563556
36680.2354105752
36680.0744877562
36682.9833710736
36682.5952701696
36678.978668244
36673.1328950278
36688.1454712041
36675.1531596408
36675.4655878994
36684.3803405031
36681.9272876663
36687.9439691691
36680.350359444
36684.9236372888
36680.8766087093
36729.3341888317
36680.8672791284
36674.159488834
36681.5365682316
36682.0281853048
36685.6823631326
36682.2965488021
36681.7282553273
36682.4533504365
36674.7945062354
36681.1800883742
36684.001887165
36681.773759164
36726.7411314451
36679.9085446514
36680.9297059113
36679.7168956847
36677.8418157386
36681.9562173465
36680.5111594405
36679.5056789509
36678.9371308107
36673.4173759868
36678.6568793899
36678.8423689333
36677.4348491738
36680.173326371
36686.559560852
36675.8896580305
36683.2087919241
36677.3201594641
36682.5226404971
36686.4981042738
36670.1853177526
36679.0280033124
36682.3656778886
36686.0326255851
36686.5934576741
36680.6706128624
36685.8910406128
36682.4970329354
36690.0034821454
36681.2466903243
36682.0849414926
36687.3958949564
36679.4384416766
36687.2319226329
36678.9359465699
36683.9404750628
36680.2943517796
36684.4454852641
36734.0548850438
36678.0362858212
36686.4738636052
36680.878564771
36682.1586680448
36684.5368555151
36684.0937501004
36682.2574952653
36681.984873108
36683.4329094246
36725.9672325383
36677.3088762011
36680.5010678234
36680.6049435359
36684.1912541459
36688.2809664242
36686.5325026487
36687.2896853747
36684.0707914785
36679.3578099487
36683.1143526944
36680.3364279015
36686.2906872736
36691.3270771233
36702.7262312914
36681.0025100711
36685.4843432191
36681.0865076019
36681.8276886356
36681.6677553373
36679.9440307629
36683.0330607569
36679.9066351258
36678.9313950661
36684.3837692316
36688.2144471481
36681.2637407986
36687.258109662
36682.4360859309
36679.6095994164
36680.038196657
36677.707254867
36683.9298557968
36678.8059587554
36734.2901730947
36674.0532513748
36674.2315678018
36678.0519808493
36685.9820419532
36683.5537450632
36677.4830261423
36681.4179247548
36682.8643820261
36678.0533940025
36680.1013709539
36683.4458952045
36680.1040457262
36672.5135180116
36682.373600494
36687.6833466456
36676.6006186118
36680.3159744294
36681.9521068636
36677.5917078428
36680.5947212427
36677.2880612204
36682.31562862
36680.9262922161
36674.5634765331
36685.2655176764
36683.8453031839
36680.2694195746
36680.9115887489
36679.1728337059
36684.8482205471
36680.4469085851
36684.5749822265
36683.093519395
36680.1159129755
36678.7491116118
36680.553159457
36685.8079473781
36678.5737832709
36678.5462858079
36685.2443960674
36688.9024566388
36682.7627789526
36681.3344391249
36683.1160506823
36676.613190681
36691.7952684728
36679.9558949884
36680.0910705646
36686.3011128475
36678.0099337256
36678.9084898177
36676.1656874317
36681.8178475865
36684.133470378
36680.6195239904
36681.22582989
36682.2130736274
36675.751022061
36682.2403070458
36682.7207249631
36685.1947390112
36686.3876804941
36682.9760475354
36733.6491467919
36684.8769805858
36682.6203723005
36684.5534219709
36684.0393441989
36684.278450595
36677.4479978212
36671.7515789644
36676.8828986718
36681.8107459316
36678.1809200002
36682.2679862852
36732.3978676967
36690.7996191136
36682.9147744222
36681.8248805777
36687.7115715637
36685.1935602366
36691.768401396
36683.400914373
36678.6782552738
36680.097229326
36671.8602599709
36684.0941704405
36678.8921579583
36675.5160804251
36683.4764057961
36680.6150093185
36682.270648354
36684.397912217
36681.1376137842
36684.3839633311
36690.2737652937
36682.2402488053
36673.3080757415
36686.1218301992
36680.8960073187
36682.3953350453
36687.2656117435
36677.8661202302
36723.2712964643
36679.9111663614
36684.7176589665
36678.8742833678
36680.5952405894
36671.9396808615
36680.8055935819
36679.2302227561
36678.9157842482
36683.6402550703
36674.0374811997
36681.0696660296
36681.3180368688
36675.8508937917
36674.6257752846
36675.9565153767
36688.9012106527
36679.8427333606
36671.5050796696
36729.7262417468
36679.5405872007
36684.2581751959
36680.7309658516
36684.7520735717
36685.4366529913
36678.4281677741
36681.0490006755
36671.7632591639
36686.6690880002
36684.1824094015
36679.2044864262
36678.4025750344
36677.3944996181
36677.0258463522
36684.6570806039
36730.4984420054
36676.539725458
36683.3723338288
36686.7117812504
36679.0394505928
36682.4752772802
36684.4984616037
36678.8060568675
36682.0707615712
36681.7409001763
36682.363669168
36684.578322776
36688.604152221
36679.9224962306
36669.3851390922
36677.566941639
36688.172776206
36687.2110334587
36684.1928174764
36684.8682838081
36683.2747946255
36680.6983069494
36669.3666825254
36679.4831484543
36673.0477631704
36676.5498139929
36688.6769978345
36679.9198311349
36679.3188057478
36681.6856884545
36673.8677944228
36681.7284837338
36682.0913249183
36681.9192581625
36676.9125197152
36676.4245295038
36705.1776598356
36685.188953418
36680.0545775151
36685.570054484
36682.4546629308
36680.7248483672
36681.3515293239
36684.7977284134
36677.0259822607
36686.697669308
36682.8318675729
36670.4391830638
36681.9579141809
36679.4066473133
36676.6711939672
36679.6484424366
36682.234850734
36683.6904886554
36679.3094354864
36682.0799483054
36686.693712908
36684.5098426124
36670.9143614722
36686.4873611485
36686.3663691172
36676.1825303482
36684.5339034834
36679.9472717115
36690.0345490865
36680.0504303057
36682.219892526
36679.0449788157
36734.6652702712
36683.7744532525
36682.7147382992
36686.8834315092
36680.6615460975
36675.4291453071
36677.2083088809
36727.2108337227
36679.7505978264
36686.4055720027
36683.3971316966
36668.6572001099
36684.109410219
36683.3367593257
36681.7083131497
36683.9906082793
36665.5375327622
36676.8158000031
36681.8654349244
36678.2809919384
36680.8212473548
36688.2738453504
36685.754038201
36679.697619716
36683.0826145358
36683.9820062952
36687.3322492083
36676.1341681273
36686.5256199954
36684.723721406
36686.7579098
36682.0355813574
36682.9982330202
36673.8954777962
36675.295344835
36683.6119592968
36677.0748192523
36682.7293222335
36679.4762642615
36689.295274894
36681.9690017392
36679.1017094048
36670.6249302549
36683.6503914857
36733.9751326185
36682.3544097039
36684.328731232
36671.6549655007
36680.9923420557
36676.2021431981
36685.6100384693
36683.8005971521
36682.8030057517
36683.8428785833
36691.2575475607
36684.0728081085
36673.7636670121
36691.4438587597
36720.4231395505
36683.9909904497
36680.0194645825
36683.3090786932
36681.3097183822
36682.5265063988
36731.6991794089
36684.4579853922
36686.4969010634
36679.7230937601
36687.9416005534
36680.7897683768
36677.8217931044
36687.0526524082
36677.7318234599
36679.5619035456
36677.1809000223
36682.1886724138
36685.1132783595
36681.9803628437
36687.1458113087
36666.7917053804
36675.6379040422
36678.4095059811
36678.1984618695
36682.0273593945
36680.5678635259
36677.8611062329
36680.5338697898
36686.7850920058
36681.4786602842
36681.1369154478
36675.2645863184
36687.3661832214
36731.1288991538
36679.0742207231
36680.5000611687
36680.252540195
36678.3013778712
36678.0771877098
36682.2260577127
36683.8080752075
36673.2069380335
36682.0444120177
36683.2885371025
36668.970847392
36682.2764790541
36679.6380965078
36681.770447821
36682.8148493627
36680.4437100208
36685.414529943
36682.9375069351
36674.9326345377
36680.0562036942
36682.2806137905
36681.1486724807
36674.9310637167
36728.8786969081
36685.7070076416
36681.3409336113
36683.931299493
36680.2753580441
36680.47405444
36683.8423090105
36680.7899117101
36668.9899731979
36681.6048081309
36684.2756223086
36672.8833735393
36684.2819894807
36686.7069894137
36684.1310991025
36690.2304062962
36682.5216545629
36676.6697492514
36682.0351340517
36683.9452201383
36680.331729227
36740.9482113382
36680.9355201754
36677.3082390694
36682.4980413076
36682.4937609609
36683.6582354493
36681.9456964766
36686.0450020786
36685.9075625688
36683.7462057169
36681.39644103
36681.7586327957
36679.4766772495
36682.3491815145
36681.5566089237
36682.9506280308
36685.6491072915
36732.2061669404
36674.0954928712
36678.2965533503
36674.2201576975
36680.8901507316
36679.5216658624
36680.5965107565
36689.8585468598
36690.1802775988
36682.1958165639
36689.0597308089
36671.1897306273
36682.9429363636
36686.2713011676
36684.020769152
36730.4056121035
36682.3159838926
36682.4878312563
36680.4241799517
36680.6220521691
36680.5753444365
36686.8074553777
36685.5405105045
36681.1153151208
36685.8623038304
36725.0211962483
36683.1834708266
36681.1190959196
36672.9879861665
36685.6206544041
36689.5008691532
36677.9863571862
36679.6873765709
36676.978516587
36679.4908226551
36682.5911725351
36691.6354798494
36682.5135490504
36687.0724514923
36677.7191713027
36683.1458845482
36684.523514962
36675.7369198092
36677.2090290581
36695.3293273614
36681.4588810531
36682.6534511621
36688.2615126966
36682.8497819047
36689.0837800099
36684.3348224976
36721.2889123732
36683.414140781
36683.1780805312
36683.7913312139
36685.4029009807
36689.5836474124
36734.6446570103
36678.9876103758
36677.740937117
36687.3392740263
36680.9695004143
36679.4243253801
36681.2072341579
36679.4885693049
36674.2775879106
36687.4581057324
36683.7068615306
36683.9198618823
36683.6513670255
36675.1546830136
36698.3110158023
36680.0396297928
36677.7748541271
36684.1641476165
36679.8562945081
36675.1961372908
36679.7015685967
36682.102893027
36681.0321013894
36684.2127766635
36682.5295348635
36680.3536025789
36674.7636328759
36686.9772965548
36675.7786133299
36678.9870626923
36675.9516042547
36685.2031917845
36684.1691775383
36685.0719780283
36686.8770655268
36684.4575426416
36681.6955446687
36686.5573072124
36683.7081083038
36679.1181998308
36678.5517194576
36683.8261304555
36677.3813047351
36676.0625259778
36684.0865751174
36684.8793249527
36682.1339616822
36683.9312301542
36686.3194995659
36675.7281281872
36683.316198676
36682.9391936866
36680.649637202
36683.2897304075
36684.957875795
36679.9796081738
36682.5104900143
36675.7219935906
36683.9703426276
36688.4440818868
36679.7344109588
36679.0407309017
36681.5276986594
36679.6614712937
36683.1712595274
36681.495476445
36680.7672591621
36689.166919237
36683.4605064341
36681.5310712702
36676.7036795494
36685.6962352332
36679.6970101025
36680.8225671721
36680.8305544589
36680.636545512
36684.356973647
36730.3058644781
36681.5330207565
36677.2068612068
36683.4165997521
36680.7947798036
36679.5796755066
36672.5202662441
36682.7577206473
36692.8894326071
36686.0976074695
36678.3078298361
36678.4912147886
36681.3300562869
36679.8157252455
36671.6566290099
36681.4858982648
36682.4419487907
36678.0578690582
36677.6719987619
36682.0574109281
36684.6639164952
36686.1267889791
36732.0806551962
36684.0452884292
36687.6658300622
36687.7113388997
36681.8601055489
36685.3408700505
36684.362392072
36691.4178821416
36685.9052319499
36676.2902011835
36680.7583325344
36682.6899258666
36694.8256772195
36679.3136805858
36685.3249530599
36681.4557084445
36680.3064616409
36684.9974150425
36685.2588645686
36688.3176111652
36693.0840877091
36678.9330908569
36682.9651287994
36688.5240289508
36683.7790687048
36685.111264476
36691.3556450745
36674.402809407
36678.8000797258
36681.1322429809
36676.7694463338
36675.7350390704
36680.3192330796
36683.849639338
36677.1587617159
36677.7639498008
36681.6518430473
36681.8494940477
36684.3053203672
36682.0162389867
36684.8886042326
36682.5307759186
36677.0158250688
36680.0987861048
36689.421435735
36682.3589466764
36692.0148580327
36681.4045303539
36684.8766858397
36681.0924798674
36681.4004145355
36674.4636952848
36677.0783581751
36688.5008625494
36680.4371163138
36670.0596345621
36680.2352370696
36679.1957201652
36681.5236059436
36674.9181910656
36684.970990413
36685.1891858913
36682.8472061012
36684.7172820636
36685.0250783846
36680.8083142588
36682.1785571979
36676.4665677454
36687.1175016548
36684.4749437886
36678.5834143302
36686.9738573189
36683.2959323631
36684.4663992663
