36693.5968271995
36671.5608809464
36687.7863642109
36693.9088598975
36738.4001626034
36700.4103605617
36736.2313712765
36643.8678555409
36697.0896030533
36694.5592889862
36686.3423620212
36709.0763649082
36743.4441813267
36686.3609178672
36720.9688625417
36663.5583982458
36712.3435302656
36708.5960441671
36699.5861863793
36664.7540328866
36674.7965814751
36710.7490468718
36689.5391621597
36721.124471707
36708.5626417497
36684.5291172282
36708.9565826706
36666.9410625075
36716.4980836701
36677.7383639882
36724.8415362271
36655.396562318
36692.9087445694
36683.3049720012
36684.4273832629
36703.0715531371
36684.1761354894
36687.0545160617
36669.9355295252
36682.9814797752
36685.0726641872
36690.1003826741
36693.1190318424
36719.0414838677
36715.7736156772
36708.0615836015
36718.6975168176
36661.813531432
36702.247432648
36691.7452124712
36676.7166300243
36722.922233107
36673.570272585
36712.3798747481
36673.0767327313
36741.1944337351
36688.4883153387
36708.2558358831
36716.8327029343
36665.0283792108
36746.3591080177
36734.5222708422
36716.6662793819
36712.8525102148
36660.2777570856
36691.5249723094
36729.2525958588
36682.0953057311
36684.5603078884
36680.7877558908
36667.5947528489
36706.8234627025
36717.4731943781
36723.0403516179
36721.3316210426
36693.2785633383
36680.6353401738
36690.1798285413
36677.4336042115
36697.3347081218
36698.4397491335
36693.2047683199
36721.6123463365
36660.9166541906
36726.3280453577
36716.2299828918
36744.4764831187
36726.6823321858
36668.8604451973
36644.1615582726
36669.321726971
36706.7534909388
36658.2477933528
36701.6029878819
36718.4159899452
36702.5530588519
36707.9898805958
36713.1300071297
36700.973178005
36691.4938056395
36748.1669467778
36674.7807350356
36723.7490229298
36702.6975211712
36710.8094635551
36704.8912620159
36653.1611846998
36721.41934787
36672.2692359829
36673.7523791468
36716.0703088922
36685.5675129474
36682.3374540035
36675.8077149507
36711.3236846131
36712.6456094289
36731.4716906863
36675.8002615596
36679.352457868
36691.7397141404
36669.2211881469
36673.6371488617
36732.880350466
36673.802813892
36653.200020167
36695.6722270183
36689.0822397764
36718.2663679659
36668.4084100413
36739.1973610174
36688.3734450839
36702.7487871159
36657.3680028111
36659.8359947762
36727.938666038
36687.257991715
36692.7508082502
36725.7513370284
36725.6431887719
36693.2543172055
36738.0565553996
36725.1695615193
36704.757622124
36682.4774260214
36735.3255215057
36670.3979095629
36662.8767593135
36693.8625139625
36745.4425540735
36703.1685893349
36678.2488424644
36703.567128909
36718.4795753355
36722.9125188595
36704.0997559904
36660.8848176885
36724.4755197548
36714.2806875371
36698.345118555
36684.9493543868
36740.9205065131
36664.2927092151
36725.9939924667
36719.8391233436
36678.6692229819
36718.228461531
36686.5308272015
36659.1214176034
36725.1059225065
36733.8989152445
36665.7226164124
36682.1976372417
36734.0109913982
36677.197538124
36668.5562173074
36678.3483432203
36676.4135742018
36680.3462894335
36731.2411063845
36701.0558790878
36713.959798284
36714.2786916568
36698.6228018077
36664.7284519576
36757.092717831
36693.9009550338
36679.1783193861
36706.8083574776
36675.9835958856
36722.4691351321
36668.2090770201
36700.8261136047
36680.3556028635
36721.5281495516
36732.720587835
36683.3693241406
36772.9979480285
36699.650909589
36717.3097489973
36681.3194667817
36661.98149548
36699.3091315927
36712.4043946179
36713.2272832676
36689.4184798839
36670.3763357782
36741.9328012434
36737.2715047082
36710.4148099347
36703.692516153
36686.3966523834
36704.0491345501
36675.6989083582
36702.3432935894
36672.786007208
36727.4899107057
36731.0036286519
36718.4295905532
36710.602821771
36678.0173711421
36662.9891328988
36672.9920413296
36707.0372122523
36665.3873326232
36701.9025214251
36692.4356260978
36702.5909940381
36671.7996248967
36674.1335561592
36668.6726967808
36710.9009180459
36658.6992275258
36721.5374181833
36711.2725421264
36690.3806088746
36685.23517821
36665.5384907169
36744.0106680107
36716.9681809774
36684.2229972971
36659.3756085373
36680.4318954335
36705.0780760712
36683.2037492334
36744.416770262
36721.7490619642
36712.5051942016
36717.4759730823
36738.4873613879
36676.9829215427
36663.4754752148
36721.7622798557
36748.9232381352
36730.4925793493
36704.8446654788
36704.0802566723
36673.9519081192
36707.8692738725
36668.5728467605
36654.3278337658
36645.9193121819
36737.4472468411
36733.6368098131
36705.1302052526
36754.3132069074
36739.2377317643
36700.1854069598
36731.3350536724
36710.6492551328
36680.7548935544
36711.5247514049
36737.2811377401
36719.0183279829
36723.4024375443
36696.0046920724
36677.2634879419
36722.5839206016
36736.8271767931
36675.7105970424
36714.1800203795
36719.1145770415
36736.5591399048
36710.3865806475
36700.9923810881
36681.0331533651
36708.672797934
36667.9698643044
36740.0005771312
36668.576320289
36720.864942189
36670.7182985213
36689.0921694063
36714.9132287285
36703.9896408658
36708.1859540184
36708.9259629485
36678.8943471197
36704.8088496441
36729.8994562979
36733.3237555842
36684.9277129317
36680.3721435194
36730.8014473784
36695.4611343586
36730.5576702859
36712.2805853497
36708.5040063152
36651.6373495688
36734.1648302714
36703.0744973536
36661.8319850961
36708.784539485
36644.2965233199
36648.1686783316
36695.8294588915
36696.1933124134
36739.0843592559
36697.0152081669
36663.7177135414
36688.8130961977
36708.4271169778
36707.7933847286
36695.8410834884
36694.737380963
36714.3007684916
36687.0430456863
36741.3942358998
36675.7585410134
36716.859913421
36682.9806617547
36705.6298667667
36685.9508570846
36714.6788228723
36719.3688394239
36697.6550500889
36673.0491172334
36670.2837717296
36700.767340769
36746.1735862391
36732.8205193968
36675.0646140907
36717.5538583562
36688.3226583825
36725.9563210738
36725.606695983
36674.5118717296
36718.9381541166
36684.9771574737
36660.0802989777
36673.4114507374
36666.8038238545
36681.6767493083
36711.4333446899
36681.2474967678
36671.5046153294
36728.9465165593
36703.0508725808
36687.5548402187
36702.4835828595
36759.0766494839
36706.2628029064
36732.2812279832
36717.8371798757
36715.4261736811
36699.9383957935
36670.1730469878
36696.3548471977
36689.8666940097
36681.2491331516
36719.3657899429
36716.6934511007
36652.561153997
36705.3143856093
36703.4737603004
36704.1018158642
36668.0621867018
36686.7799915629
36690.062287553
36704.5315562313
36701.0180666328
36737.9895849019
36694.4636064381
36702.9053097084
36677.7551659552
36655.2653393138
36675.1587419599
36673.6468743257
36707.0344413094
36713.1029941561
36734.6379440454
36666.6693976723
36709.5883668498
36709.9609976492
36680.9405872504
36706.5947215574
36673.2323222385
36679.4301841131
36693.1341961181
36716.3357150755
36653.7622312181
36689.4244187801
36686.842031675
36703.6255135791
36717.1735428876
36685.8370150359
36675.8214055604
36690.2669407992
36673.6790238655
36706.0241370673
36709.6540463134
36686.316550382
36683.5353743009
36687.7812749954
36703.7261857992
36717.9313437136
36718.7783196448
36692.664508662
36695.8879205431
36704.778280164
36655.5299574915
36707.0889017707
36703.566624309
36727.0552108829
36689.4998389752
36668.4190645834
36701.1797419312
36733.8807319591
36644.8115453432
36721.4785661271
36660.1987376275
36684.718395173
36690.8556036569
36686.8560700917
36655.1495690493
36688.7686261359
36731.2793917949
36742.0892434555
36731.9222226284
36727.4992459695
36699.9275926073
36655.8057707897
36682.8936767126
36705.3469125467
36714.4241630029
36717.9054098053
36695.5290339078
36692.9058901418
36688.3268691267
36677.9219743447
36705.5682972672
36660.1530472829
36707.556897516
36716.3990438451
36704.4652245174
36680.1665346689
36735.3890756893
36698.6124686768
36708.5638657185
36663.3193249811
36682.7122251821
36700.1957121156
36671.7244503926
36716.581164948
36692.1269037162
36708.6908662082
36729.9651994179
36715.5587283503
36710.7816097517
36684.8123629546
36657.0988161546
36683.3306060083
36730.1194446697
36715.4278192885
36694.415086418
36680.4404836215
36662.92770746
36666.6651867877
36682.5799195725
36676.7064592267
36704.6854078292
36728.7223237632
36670.015326345
36675.2707040677
36669.6616167476
36694.5542179717
36699.0122993109
36708.354820729
36703.8015941069
36695.2183529428
36723.8486186594
36733.9081422654
36678.4171807429
36686.4794140446
36703.2631608532
36716.3196985933
36674.1331484045
36702.4784700297
36699.4811011072
36676.2149969206
36675.9482659048
36675.3890582217
36667.4793803082
36663.0651080778
36705.6396555478
36699.9197299256
36749.4135672808
36667.0560215669
36673.9953484999
36693.8516408754
36664.9417231876
36674.423720213
36711.423533329
36699.7036330125
36697.5091303773
36731.9191226452
36659.5424993189
36659.9993553425
36753.1932560137
36725.9854643864
36656.5808588209
36664.8613876841
36687.9227481933
36675.8350891797
36698.1866700959
36709.4961209227
36701.2760950595
36676.9999433042
36727.1925427099
36721.2642576889
36709.6293258077
36718.5804564535
36688.0480037784
36689.5364182451
36702.9216631205
36670.6179669875
36689.7229252916
36726.3730365799
36709.5100336828
36689.7064069526
36721.3871326012
36703.5224300289
36706.9308188871
36697.194614553
36688.899925319
36722.1654189365
36684.4991322865
36681.3399674555
36724.8333893285
36668.1148289347
36733.5860816273
36742.388887076
36680.1934494778
36663.9847797028
36750.3142272086
36697.8541381085
36686.9540847409
36716.0640232355
36709.0936272526
36684.5258890618
36710.7083862549
36667.7340054676
36717.2552063782
36724.7355135127
36678.7166939706
36741.2353263682
36696.7989066718
36666.912055494
36704.7362932097
36681.2697156761
36680.4926459801
36713.391005052
36715.3945500592
36667.2427241168
36730.1570011047
36679.2755618632
36713.1929672233
36713.967782016
36672.0785232993
36733.4817494228
36673.6963957378
36733.616917638
36696.3354976682
36668.3389696227
36678.0089562618
36725.7747523101
36684.2455156002
36708.5007838564
36688.9528088768
36702.8145567755
36658.595252122
36723.8090409971
36677.2091501486
36656.0009424167
36683.0826923821
36708.7386621659
36705.408254143
36697.6391181814
36726.229540703
36675.4913013745
36679.0662678391
36723.2837199555
36674.7963121929
36757.8319810907
36709.5048220415
36714.7605465334
36674.0738139978
36668.5944304896
36671.3029864243
36735.075650735
36698.8551240979
36692.3204596748
36674.6299530287
36722.8945175275
36690.2861345266
36676.5434466683
36665.6828550366
36683.2125047994
36707.9356558488
36663.6387595474
36675.0049566999
36710.7369648377
36671.0396708704
36688.4211550768
36733.9760199457
36671.9612410752
36748.0842523274
36677.6096440279
36708.8431613896
36698.9439545643
36663.8963584669
36690.9103275668
36669.8836932006
36722.0900127597
36698.18890315
36680.148243101
36655.6000388985
36689.2484789287
36727.4452238291
36703.1800594255
36706.0009833637
36669.1476796593
36705.2558554019
36685.8750710266
36683.9983802616
36683.274878129
36738.8031275373
36700.0031797251
36695.1707371447
36664.0924716879
36687.8533013572
36726.9819546566
36673.458023274
36742.6956045773
36702.2197246721
36658.6200201782
36698.3200773538
36690.7365804444
36707.8881343983
36665.0877549586
36670.5316617515
36698.2633183632
36702.7483348399
36668.1495547479
36718.2850296792
36676.051699116
36692.4476356275
36673.783136659
36690.3829110788
36660.6037645335
36711.439276915
36719.1815771745
36728.4453239075
36655.1151542638
36697.0028469775
36726.2191498921
36723.2720679667
36735.6214394477
36718.3625133217
36687.703033104
36720.4862392496
36712.9013711927
36714.3502388845
36672.0625766123
36685.5661509945
36672.4690562466
36693.2486677638
36675.5094066903
36702.704511889
36662.9628361274
36719.2378856188
36693.598622154
36720.2848010794
36676.3792851435
36705.3601719926
36705.115827549
36676.0874126124
36698.038488833
36653.5910667878
36686.3432765296
36662.6447560788
36688.1239081815
36739.2007139477
36725.7716014625
36671.5907752626
36669.8181491334
36702.6051279823
36742.3708872124
36696.2027411456
36700.2879678351
36678.2562253498
36666.1804727441
36712.3571899057
36688.9568892816
36738.6535708613
36679.5889833146
36717.3775315204
36705.7930198412
36725.872088114
36667.7837625998
36716.6541500364
36678.6304497042
36726.9164107619
36681.949058991
36658.484007441
36674.0556358897
36688.7030713086
36688.4944771062
36657.3603955285
36697.699652046
36689.8873153083
36695.1283320267
36721.1419231319
36720.8186917254
36670.8407428172
36664.0313113568
36682.6865616042
36736.3470860706
36730.0276072337
36702.821551223
36702.58831623
36701.9113580564
36688.9162574987
36683.2693860951
36706.0388336812
36718.258683769
36685.1970503817
36720.9182905816
36690.668437564
36702.1074202358
36678.4663961552
36676.8243349575
36720.8759448456
36714.1176244536
36683.6919423391
36696.6599025786
36698.3894165712
36683.2578670869
36704.3345739393
36666.5422131112
36663.6012875538
36663.7147985391
36693.4711729051
36667.9722755493
36675.9770676357
36701.9856240036
36741.8234927287
36699.5330416225
36695.7945871607
36710.1892104767
36704.5439607401
36675.6776828769
36690.0839994876
36672.9597872291
36659.2582937622
36738.4742155076
36686.3354034398
36696.9869571712
36688.2371795995
36746.5457300974
36694.585173773
36689.3842754193
36693.5429610573
36705.3400047903
36685.2408546459
36713.9246643064
36722.9712826153
36731.1522793784
36686.8472635273
36724.4553117439
36706.2390682666
36686.3412935627
36701.1998989518
36691.8946773756
36735.8106525425
36688.3535405876
36726.7089591717
36657.0691578224
36700.7566403447
36753.6291604056
36683.4151768299
36699.5907417484
36645.5726540127
36732.2425191559
36742.3263370243
36669.2846107614
36677.521652107
36686.3628959744
36701.3475999659
36701.3138099107
36679.0734479331
36701.6967847081
36694.2945000477
36707.2128604097
36667.9248657239
36688.3163486438
36687.4269387842
36728.6706025415
36674.8048966967
36668.7322816699
36674.805226641
36717.535205371
36694.2040058197
36690.5259365814
36685.5299998514
36796.0256052156
36721.3057174729
36700.5218898373
36675.8005008304
36684.6947394438
36711.3681420223
36654.8503749259
36706.9604792441
36688.8770593606
36672.5077623474
36673.1046974286
36747.3752586539
36758.9303086835
36736.2661876672
36657.1261201422
36691.9434635563
36673.1752998031
36704.4674144071
36681.5198379965
36732.4124889231
36674.5655043892
36708.7758889465
36671.2282834898
36697.3738469419
36681.8561771156
36698.6716352059
36717.839288032
36713.9331353072
36716.6277103926
36663.8742195553
36687.5680860814
36734.4652755999
36678.5371201136
36753.4057607571
36708.6175962493
36704.0343524827
36712.3667257323
36686.1828919442
36697.5946740249
36672.0058518444
36687.815136044
36658.8767699473
36700.3162528625
36717.292899024
36675.923810531
36700.3941570415
36684.4966187342
36704.3702110194
36658.1830404447
36714.2669196873
36690.8037174228
36657.1193046191
36725.364119821
36738.9236817789
36699.1227347015
36729.7753643354
36726.1865814227
36719.0461640437
36646.11414305
36720.8023040773
36718.0270091284
36683.0153136137
36689.382741778
36680.5363232891
36717.1505490123
36706.7785465896
36666.4402481119
36702.0999695376
36683.0218095995
36659.318761179
36760.0895862779
36708.7123897514
36708.0326359662
36704.4855608259
36737.6142559943
36705.1760325608
36677.8380719821
36664.311602477
36712.548303987
36732.492272714
36696.159449133
36663.7704109159
36717.9799556522
36687.8087177289
36658.9153519665
36653.1665795465
36719.1528110314
36677.3765602555
36679.6466511371
36723.7188036924
36718.4306514048
36748.3871554826
36728.64691283
36750.6444901292
36673.9521692904
36697.1603899807
36721.965014133
36693.5300836033
36692.5200123245
36689.3203318804
36695.4491220309
36681.6343218452
36728.0535015028
36692.7609090258
36692.5628648976
36742.442326492
36670.2110754418
36673.4810637239
36691.1701699392
36679.4585036104
36699.4372405473
36685.5456885575
36709.7409148979
36728.3081112027
36685.1809092221
36730.1043838579
36688.9783308161
36713.0359020306
36668.6091379976
36703.641644777
36714.5184067361
36726.2969135838
36698.5608920267
36664.5979543393
36642.0657728736
36712.0568268822
36746.9745208457
36696.1516079636
36699.0373384225
36653.7979023566
36665.7803797899
36695.1912676489
36720.7394069521
36697.4755124164
36665.3072612563
36668.8392000807
36696.3136315939
36675.7083903912
36720.3469696092
36658.8601403123
36683.018184941
36668.1148927512
36673.7080584444
36730.9922423898
36685.4730819123
36706.4755940551
36729.595445233
36725.6658287706
36674.4850366789
36670.1181334562
36709.8131928017
36697.2120275792
36661.7661864386
36721.4306876044
36684.0681961646
36675.2382529215
36713.9697151337
36686.0850648292
36663.386918784
36670.4856453176
36698.7472547114
36676.0076033189
36660.1330426855
36688.2398364816
36725.1535057249
36659.93485773
36697.3070465301
36657.6098238861
36679.9732622328
36696.9461326048
36704.412689279
36705.9509892737
36690.2937793466
36704.8098889248
36686.4317851762
36677.0693498951
