36757.0562222337
36704.4160590994
36687.0126043371
36700.6796987032
36746.0710271205
36680.2330155572
36740.1483692781
36715.6575369735
36770.1566185712
36749.2688099061
36683.9591166006
36710.7928229556
36702.8338080902
36755.4580283385
36718.9813115221
36668.9200882732
36764.3710860758
36727.4850522186
36666.2647339564
36658.7953544677
36692.3761199241
36673.8186155185
36673.5538840278
36729.1811030788
36705.4036858505
36720.1491339872
36757.0692352436
36742.9485103246
36739.9647155199
36695.1630756924
36682.0253712128
36715.5084830094
36682.4960305699
36735.7573837479
36772.2379297867
36672.114384283
36752.9681962245
36764.2369577578
36767.7229424775
36734.3648213682
36742.7909772167
36722.4243644832
36698.9232803229
36789.7970750674
36704.3323205527
36683.102230708
36658.0390026683
36746.3781766474
36679.0202079404
36711.4905199248
36625.5904425777
36679.1559088892
36723.7069645507
36718.693452967
36713.1258761534
36720.251306843
36725.8696202073
36740.3373892816
36700.4492605635
36685.3852831056
36763.1570155888
36738.6293681754
36696.6648441439
36712.9886407316
36720.2299687607
36721.2634387666
36759.9162119921
36684.9380121094
36716.6904923896
36717.2782183383
36713.2323135523
36668.5042250805
36715.2524480277
36716.8873884915
36722.1870001911
36719.7088878948
36699.5469694529
36712.2924159266
36696.1419388085
36759.217925728
36759.6102606222
36726.9519287778
36714.7638191472
36703.405804736
36652.935302901
36737.6413694795
36681.3774245608
36692.9057788068
36739.5741194662
36743.617380919
36700.2540360912
36740.4839795324
36687.7564168855
36757.5096946937
36708.8414959184
36762.2743195098
36705.1641051794
36748.9394640159
36752.346309832
36678.5802911495
36689.3964865731
36706.1358390179
36652.0289219519
36769.1845780568
36732.0233216857
36791.7237881128
36752.2647478095
36763.429120087
36736.3796427251
36688.0548402277
36721.0751935303
36743.7891250899
36755.5679945106
36706.9226079817
36709.1345965063
36665.6125496635
36670.2858735198
36697.7286694184
36714.2932463125
36706.2162789971
36673.0971701756
36670.2644330798
36689.7249291828
36744.9275946174
36706.4807980671
36779.4882085856
36724.6256541858
36753.1562128817
36701.0953907934
36656.269349015
36720.4549200383
36816.1968365831
36790.2911378059
36664.4789196979
36733.5100517999
36764.3403307139
36713.2043600059
36719.0189195838
36775.9308836336
36845.3341421013
36743.1408941272
36661.0126423977
36713.9506994328
36718.5652140137
36733.8611453111
36775.2539546447
36693.4501068446
36703.9762333156
36693.8867472743
36708.6405209206
36704.1831020645
36758.3462230966
36682.1125193563
36764.7280076442
36706.8655864737
36665.6466805168
36702.5538232025
36776.7721401773
36659.5104320556
36710.457544826
36742.7084488234
36673.8540045219
36728.6858057671
36668.420867584
36745.0438042237
36701.2894782366
36770.4846881793
36769.2967373004
36739.7968989291
36703.8465940092
36693.5391149049
36711.1631023014
36710.9949875112
36747.8577943443
36649.3756969991
36747.0330727341
36684.9667995428
36709.2373666695
36796.5953750939
36698.3483718162
36730.0778555561
36648.5121183322
36789.0846671294
36677.0077209712
36702.5645910114
36706.6259038268
36669.4377122263
36692.5073405311
36690.4579662839
36693.4384406187
36651.676096221
36716.5837818506
36738.3943519049
36719.1079257326
36702.1231483291
36733.9061914473
36746.3699897349
36650.3813835728
36746.5179494303
36704.8883751818
36685.4365418058
36702.4753132595
36705.4164493744
36731.9710229325
36710.5046088788
36712.4779712694
36674.1437797695
36737.5930781835
36744.9362509713
36703.3676346272
36718.2281787215
36708.0225200499
36705.8979069861
36695.9150584069
36719.2652717657
36736.1874288543
36709.3664393208
36744.3479943504
36677.6225422509
36749.9905338374
36690.0889360183
36786.383757238
36704.0850403347
36725.619856839
36767.627400328
36724.5390783405
36639.4894049613
36731.7351899648
36710.7882973472
36656.7262361364
36761.9182839813
36733.9232175486
36767.5325108125
36717.6304016268
36647.0260727523
36689.8591715859
36702.2756216204
36709.5283657834
36758.6548880909
36716.7810815071
36738.2082020214
36697.4031217089
36749.8765850048
36751.1853690711
36731.0885761842
36702.4274042552
36751.7917411813
36818.5986615725
36743.3440015395
36706.8872926922
36660.3036984391
36735.10978339
36686.7601948191
36716.2566400664
36749.2938994434
36727.1050368726
36733.8617379673
36756.008790565
36749.0548405064
36687.3007671607
36688.3761022275
36677.8564568141
36653.9255328473
36784.211049599
36719.0252080799
36753.7129530234
36669.6626805407
36796.8179357044
36679.5872329842
36698.3821900961
36692.5385430712
36705.8736719853
36712.626557135
36782.6101781718
36790.8330892081
36747.9914899631
36792.3995623664
36685.2774938544
36764.1524991917
36692.515461448
36718.8422569382
36749.6768559318
36681.1500127445
36807.8064109197
36745.0434013963
36752.0824012807
36669.5869888344
36704.2028223841
36799.2667833636
36718.911565223
36716.2564138811
36731.2944372904
36816.4807735569
36714.7386401551
36743.0073766626
36720.6144041953
36744.3064865104
36679.3004541993
36714.0885269961
36711.7283714023
36725.8693354476
36731.4713825913
36726.5004509682
36737.2868839228
36743.3736257671
36692.2476854456
36728.5200566215
36714.1486985943
36741.5303545771
36701.0342914199
36720.5137416047
36716.5350476652
36675.8784633158
36760.499079226
36701.869305896
36803.7579597974
36693.1186584648
36735.2277026149
36802.3851355686
36758.9199156289
36724.6696956444
36713.5877239964
36691.5125033575
36732.9579283313
36680.5756605781
36755.8658739037
36746.1605427526
36745.0729123932
36658.7898160442
36705.5006857999
36721.2505645102
36722.3193996604
36749.821320959
36751.3007549476
36684.8316216141
36775.1807879953
36705.8399330074
36677.4465563809
36674.2227130439
36728.5861875358
36711.8219055529
36705.4726953883
36756.4661955367
36733.4421623574
36692.9703007392
36709.9545364202
36678.2668293294
36699.8112050881
36687.1229334235
36798.6781779615
36629.5024000733
36769.9022521843
36702.1325461754
36700.364826838
36667.2166589435
36716.7948000649
36715.2152962609
36739.24884528
36762.758832715
36699.980129783
36700.8554955256
36750.3533118015
36707.0273666229
36701.3706176801
36735.3730213588
36714.4244786282
36676.1543288737
36692.8334671995
36703.7748238772
36687.6790752079
36729.2465807172
36689.6654701454
36715.7079005215
36724.2312401379
36656.0834984096
36694.2175355569
36759.8184322336
36733.5482251848
36755.1327702164
36691.9335584857
36704.8340849817
36713.7072795289
36688.2855025544
36742.9018652213
36728.1790330985
36712.312094402
36737.5672462901
36719.4033699994
36664.6565538086
36697.6602769641
36726.678592906
36737.8124020678
36690.8849195338
36730.4947974252
36790.1797342578
36710.2579262692
36693.7068064759
36737.0549931562
36755.2137222405
36683.1945747351
36761.7659699336
36715.3803763267
36673.463934925
36738.0428532221
36722.9723883505
36733.524178646
36770.8345388807
36730.5974558773
36703.8968609439
36730.8152543951
36745.5296714115
36688.51548732
36726.0799458808
36744.1902558232
36767.2151881544
36757.2390624074
36742.8881359497
36694.0324011173
36695.6379961044
36698.2123418627
36673.1143959765
36769.4794048027
36662.337021347
36704.6085555351
36716.6935369613
36745.1270575324
36701.6604306645
36702.6022381413
36728.1638387355
36691.4198369281
36740.0393041371
36754.2051827908
36703.6071247952
36728.9500179206
36708.832468129
36785.1152993084
36754.7064674517
36662.6957245016
36777.0763488876
36744.6917229007
36700.7217811632
36769.6592723615
36696.811715836
36664.3310436343
36724.8345460969
36712.1272226149
36738.8772122437
36758.4397847358
36695.0229954082
36702.6688232377
36689.0558759144
36767.2866200699
36758.4572110796
36684.8773982734
36715.1784203022
36685.9236069616
36720.7167452664
36702.2627173818
36646.1874349595
36718.9966335204
36717.1535319465
36689.9597192292
36720.5600667739
36733.6743601183
36723.5356171145
36759.2205834644
36710.4586553898
36742.360078127
36707.8411669259
36724.16873526
36681.8192832885
36735.8142409649
36721.7100233863
36708.5237064469
36638.9641340558
36719.5083350112
36735.1260326683
36715.7963232809
36697.4976371037
36751.7735129608
36712.0967588878
36677.6189251183
36744.8052649591
36669.8404712008
36745.7011378382
36722.4342675841
36765.2347065373
36685.7671560248
36706.8695986654
36717.8157650901
36741.9100037017
36727.3028914487
36714.9275211185
36672.6627564291
36759.1179332792
36751.4206683347
36706.6392158179
36699.8145886893
36730.515808355
36715.1436906746
36786.2430431229
36723.2351216538
36739.4364910945
36671.6388953035
36680.227488319
36702.9325711102
36708.3877928694
36679.4151129822
36696.5803550313
36717.9202440495
36697.7984431632
36696.1226835396
36729.8515807276
36715.3326962126
36762.2847665971
36697.5945684013
36727.3497738575
36755.1305850625
36696.5227339712
36734.5116739482
36692.4273355956
36707.4656263921
36782.3038863052
36706.4705228661
36620.8673635268
36719.6353695982
36804.6416437797
36719.4404715729
36775.3541229699
36729.3001117045
36740.265613301
36736.0134559057
36732.9396074241
36694.4048660716
36649.338309201
36729.3563908002
36733.6497199777
36694.3980953491
36708.4721549115
36724.3912704534
36751.0109786461
36689.824270953
36701.570931023
36731.0858810078
36747.2582319564
36731.0095020156
36723.4293651212
36815.2145980241
36737.6806152283
36703.0864915466
36726.1360933807
36769.671745218
36704.3910955027
36712.8926195278
36732.9400039942
36712.7010004478
36685.2200763013
36746.4302446766
36737.8433488977
36684.1705311898
36732.5253432133
36696.9014684524
36733.4705762344
36731.8455552611
36709.9022673716
36741.4532896332
36727.6832792478
36723.1603526836
36691.2088784716
36693.1759380044
36680.4786396844
36710.8190553871
36697.9276650541
36769.5208967581
36761.857463178
36735.935615443
36700.1963093592
36726.4869742447
36735.2183160532
36701.4378424608
36715.6426087957
36731.9015333949
36717.2420739198
36734.5577837942
36688.4165123764
36709.2723374961
36649.346696437
36740.5605143147
36694.1175302194
36656.2516844706
36733.702078058
36680.5404206084
36767.6020029984
36728.913939204
36707.2663359381
36711.2721125343
36755.2629446561
36674.3351409578
36727.9377658551
36710.332291952
36702.8816458867
36718.0018562436
36735.1537982583
36751.4575711927
36710.9965037454
36738.1926476022
36714.1411820077
36752.1305167378
36711.9117238298
36696.019814401
36729.4642843566
36780.8773391807
36741.5054296055
36722.8015527271
36723.6927559978
36705.8076465912
36744.9755937327
36740.6616813676
36743.4275258477
36757.0787186317
36674.4033660874
36743.2775338406
36687.7414527995
36793.0553863733
36751.9100753932
36735.5168448858
36762.0387056776
36702.3912164089
36716.5647694026
36669.6621829647
36666.7477800781
36710.3883680353
36695.9510325328
36763.6451751759
36725.408839291
36780.0686794298
36738.3332424402
36746.6354967426
36735.6349398054
36779.4945068022
36725.8275523182
36673.6031838332
36726.8581339226
36748.1275886232
36702.6375878555
36721.6277303029
36682.9237137342
36710.5294008816
36722.6045164288
36718.0440265999
36683.5998996573
36720.1789380183
36698.4606852277
36744.4715535527
36691.6073165094
36767.061268062
36699.3807606688
36665.673526458
36687.3889373683
36724.5458903977
36733.6961103726
36721.5882302947
36700.4539247483
36712.9126372722
36745.9519414054
36689.1996229672
36724.6738726607
36692.388554443
36690.4250191504
36702.5045014266
36743.6615149881
36723.3581294802
36722.1580269927
36741.0691328848
36764.0906246895
36772.9976952903
36760.1153555555
36671.9699468417
36767.7765803401
36705.2033831616
36708.4116811422
36770.7876199344
36695.7281117704
36707.2920791071
36690.6498059525
36695.3460965027
36701.6778276613
36700.656966238
36710.2394988961
36723.8277389501
36740.0597376886
36674.4227097776
36724.8418344309
36710.8502699732
36746.6613709833
36695.8393066073
36747.1745438955
36721.1147905567
36703.5391466002
36732.3659505597
36701.1032128469
36709.226204423
36702.7078826775
36723.709638371
36686.2802324694
36759.8186028438
36705.5051450345
36753.7463985793
36688.6678306263
36733.3232940612
36699.3944326113
36746.4876626521
36677.8901725028
36673.5698431435
36752.3112877326
36721.0909619273
36768.8977611811
36762.359512223
36758.3778478701
36713.1707349944
36789.338372664
36695.265431241
36727.8020950668
36606.9871447486
36780.9379738854
36749.4872920169
36757.7950905135
36669.0506655879
36713.7158307699
36695.3298810904
36658.7408948999
36782.0947408232
36697.0435084421
36705.602451069
36765.8565821388
36697.9841417313
36671.838396587
36722.6786955482
36705.4520574675
36744.6833648822
36781.7730056057
36698.8552712641
36731.7255859907
36658.5288053547
36696.6556067314
36684.7429036937
36707.5673244156
36690.150095708
36721.7397377599
36718.7018902586
36780.6655371072
36721.1053585538
36691.018797377
36755.366287187
36727.3727003616
36735.5734884463
36719.0856673907
36704.8819167099
36688.7832643647
36742.7837864246
36762.6560120978
36737.3516661807
36706.4839406191
36721.6601271583
36703.3320055426
36767.679539443
36700.5414204739
36751.4743554765
36684.0010692757
36739.0056995133
36735.8864645381
36723.5270835074
36734.1498205329
36702.6792063375
36681.8880703066
36780.3970597014
36716.1919806353
36764.3536204656
36702.2078944634
36714.3596071756
36723.4619874788
36699.3844280789
36680.3878778307
36768.258062856
36703.562645887
36674.1433082022
36693.965064898
36737.7186100758
36777.8548557439
36670.171281615
36729.7585984341
36687.3947970153
36702.2318587854
36777.6711521976
36721.8828358082
36722.5227760057
36720.9035370695
36704.9181576077
36719.3549952622
36722.8960359655
36740.9341757303
36682.7371397417
36758.6673709502
36650.092040621
36709.2890023422
36795.8663617436
36686.710063123
36675.9621333671
36734.8925305607
36775.8533027387
36713.2957378834
36743.7389152377
36698.1541952902
36752.4157434595
36740.5560577572
36648.7083460341
36662.3290965428
36706.6450480724
36702.0246072351
36725.7946840467
36698.9577316035
36714.8345259452
36805.250177915
36684.3323226675
36707.4103937009
36768.2609803636
36704.1524235707
36742.3544289644
36708.9792697558
36737.1067530369
36678.4379627996
36744.2824718709
36704.756349716
36690.6124550696
36707.7933827463
36719.835557024
36704.4774777541
36760.4648429094
36720.7880143223
36704.4606207271
36713.1803593258
36709.7139362379
36691.5649867424
36696.0678244096
36756.2382300275
36692.0512080915
36758.0717271399
36686.0059997269
36749.7748820191
36803.9143600606
36731.1879368302
36777.5419466878
36723.0897814834
36717.7932435235
36786.0780549732
36664.550905206
36717.9561488755
36691.8526380386
36705.501122675
36718.31442756
36729.3910859358
36729.8513136658
36704.5195688767
36735.432970232
36707.1031271188
36697.4986727964
36729.7976912529
36726.3515100357
36721.3260483312
36761.4033688671
36746.1459311318
36646.7620705761
36696.0043375059
36723.5498703926
36706.1711563893
36708.8265334205
36697.484542687
36683.3638242093
36693.3866191114
36683.62191269
36671.1841288781
36680.4916703028
36737.4308248157
36748.6568092798
36718.5412413261
36764.8675471302
36755.5614032259
36703.4002525951
36739.2152551182
36725.7976592531
36776.6297002735
36687.5244607883
36751.7523181658
36740.9005144573
36726.2699212082
36710.2008318771
36757.5282956656
36701.6015647845
36688.0741037032
36789.1584552591
36688.0206220852
36736.5075096952
36739.4987196583
36715.6595689361
36736.9188212441
36737.6399745798
36741.4451649029
36688.6438064655
36739.1397689936
36697.2544921936
36692.1703583551
36731.8757991696
36719.7051939038
36760.5184438007
36716.3196296051
36686.4791090662
36711.9774735976
36765.5214437867
36681.4087725613
36705.0604880618
36768.2106116525
36769.8976284167
36716.9275744789
36772.8990938567
36702.1144279901
36731.584738435
36689.6934605342
36704.5658614238
36750.2792696119
36662.7983126862
36753.4387820234
36719.6010480524
36751.0955857951
36749.5914231214
36747.6385578747
36714.973369381
36746.2441129516
36739.8689385942
36747.5029559829
36730.7556636512
36706.2797862793
36728.6689154911
36741.495136125
36752.7660962329
36748.810191909
36634.2563865182
36766.6350262436
36701.5254647121
36733.4067020813
36675.7332902133
36687.3779740687
36737.3960586066
36711.6818875837
36711.3558403017
36695.0234905356
36725.0060883086
36713.5414379223
36670.161663342
36691.3419589595
36787.1482397817
36723.9884040365
36720.1515791112
36724.5491317516
36759.3590518145
36710.9897997456
36747.0650777287
36748.9457104004
36696.1456885009
36663.9499472029
36648.6029556588
36672.5878582862
36707.7963160689
36798.0503167881
36747.2500748912
36679.483685505
36707.8457807935
36733.0607519316
36748.8549745374
36719.4335771215
36744.0778106872
36720.2076421186
36683.0280033426
36739.2343934349
36681.0165807842
36695.7236147901
36692.3284251611
36733.5488366031
36747.868730009
36744.422749258
36765.224473155
36678.484813153
36694.4588628355
36741.7256383377
36668.7190695376
36722.0609155023
36771.6315282692
36735.8186952322
36704.7857959521
36733.536367209
36673.7692449522
