36679.0233444231
36734.7607454773
36732.1715881311
36665.8543270558
36685.292000948
36690.3690167328
36681.1822267225
36710.7798200697
36694.4431702163
36689.5709302274
36668.9378253047
36683.4997198409
36681.8225106497
36725.291911747
36697.1630070582
36680.1293688657
36668.5110330387
36714.8489846183
36715.0075280962
36680.0534618109
36668.7339237142
36696.7609448847
36685.0746475656
36708.0770599705
36677.4472594466
36660.9205861052
36682.742259582
36669.2389748018
36677.2751312594
36741.8950771691
36683.2025793467
36673.8860511851
36691.9936703746
36680.1444617273
36722.8010615755
36724.8713694568
36738.3821261797
36671.9242926417
36684.1459790669
36729.333132206
36708.8884610971
36694.9086697308
36691.3430443726
36720.1375223327
36690.6767431838
36650.10918741
36726.199303693
36670.1840838312
36662.0093858694
36688.8521393536
36731.386532026
36698.8232303203
36686.2268152301
36680.5185870148
36672.6356598203
36702.4433275221
36668.9835215016
36701.4568570042
36672.8394611014
36747.2117315865
36682.5144186005
36691.1057865536
36656.9758704743
36731.5107226593
36674.6431817244
36689.9731400821
36667.6388793587
36696.7823373729
36694.7808233011
36695.1858767446
36684.8834074898
36704.8246519501
36696.2541674502
36682.9441315091
36703.6710343381
36679.0809461588
36658.1448147954
36714.0938982466
36692.527854088
36682.4770245436
36683.1324732958
36702.9255472062
36677.8109169742
36709.4081128871
36681.2458970427
36720.1443748848
36676.2278649046
36691.2872145595
36702.8465386004
36732.2976343589
36720.6764528737
36667.647358528
36671.9194594736
36717.7009773467
36695.3845682671
36671.8646425592
36716.0393153193
36687.747393885
36722.1075562541
36695.4684677938
36704.1843162499
36681.3421903306
36701.7127967856
36729.9684643523
36685.8234963659
36665.5540106879
36721.91883176
36712.638169031
36682.8615896394
36710.72823954
36714.0707783473
36741.7917695298
36676.9470194881
36675.3654155289
36662.4098317851
36765.8982384797
36682.3468775611
36713.1141802713
36669.9938816972
36681.7677781252
36715.9910970417
36670.2891316575
36675.8097099139
36718.2963097238
36757.3133136839
36723.4427791391
36708.7573589609
36719.5678954801
36661.1556787563
36716.1563842367
36665.2708715532
36715.9765985302
36727.6929383887
36707.2157208996
36697.1107477809
36676.2215070911
36667.2045349187
36665.3723531622
36677.88729186
36658.4523262511
36665.4546772977
36648.8784647679
36695.6572032501
36676.2560129801
36690.7033131075
36684.7008234522
36710.2434812719
36657.9733792144
36672.4077341863
36719.7580983121
36679.4807026211
36707.3077350755
36668.1687464104
36675.9685397818
36735.1793576573
36708.8761495526
36669.5772861982
36690.3525597953
36726.399235242
36736.800491501
36711.7063395776
36724.9912545585
36715.1381740296
36707.4086480741
36690.3297235609
36701.0238094747
36696.4989701846
36676.987884959
36677.2929996547
36691.4163602322
36667.0540466023
36684.5151447744
36678.4693121362
36682.4522777713
36682.4745961967
36684.8714489902
36669.8296083502
36695.0468876439
36700.195897966
36683.2678396988
36716.7889688977
36657.0748853034
36672.6803630435
36688.0657902184
36712.0494032757
36697.0128939227
36682.3936111489
36674.7499084531
36723.8849343841
36662.6747249377
36714.314507101
36674.4227552407
36736.7121535533
36728.1163103536
36718.849460176
36681.5113041523
36666.2342904713
36665.6594043366
36689.4310249653
36667.1386905244
36723.2722809869
36684.6059400906
36668.5154170343
36731.9226706675
36697.3400505409
36698.662035658
36679.1991762665
36679.4803211135
36682.2820277934
36739.0195083024
36683.784501139
36691.7554119114
36674.0823220509
36666.3370537356
36742.0092661502
36685.6717239303
36673.9413344684
36710.7016236242
36718.5599917132
36735.8947526182
36683.6246545469
36692.0940422424
36671.4712820163
36730.8674262337
36716.3678259251
36668.005274545
36731.0477283586
36737.0261215073
36730.734874362
36711.044336577
36694.340739678
36666.569048846
36660.5719812143
36688.8579420015
36703.8520620188
36697.4986021255
36697.1798252828
36690.5147570979
36676.1429076928
36678.5641007505
36659.0290328719
36680.4308791952
36665.0795657052
36716.0362643749
36679.6578975153
36699.711072997
36745.5940283483
36736.0767337112
36728.4422621146
36685.4573813793
36701.3438491085
36733.8307025696
36710.4496012012
36709.7397697022
36677.9563445177
36661.7656524085
36676.593939096
36681.809805849
36682.2498348713
36690.4979623688
36681.5178212649
36653.2437804251
36735.606471559
36721.2170232628
36666.2518292139
36678.3690250592
36689.0520911948
36726.1686707636
36704.6110970595
36683.4576407915
36677.0532971497
36683.0307452787
36711.4977653211
36683.5538214488
36680.016713609
36715.0598823703
36681.9298371926
36694.9101726417
36657.5422765966
36701.9105121638
36707.6395886777
36674.6821644436
36679.1554878007
36670.2744529517
36688.2334930999
36680.2638137367
36666.97944952
36712.0882769352
36669.0749535623
36680.5207640031
36667.0451301799
36723.0857031739
36692.9861367888
36666.4380323296
36709.2869759247
36738.0465784274
36682.8639227544
36683.5900508588
36673.803290615
36669.6228714748
36672.5392522855
36668.2439692043
36673.8032875665
36713.9971372617
36710.456738596
36669.4202023075
36728.1306409242
36691.370053753
36723.2585603785
36655.9214824249
36670.8709801283
36722.1275178988
36729.5884707137
36674.0702966875
36714.1024216006
36669.7414855194
36645.0313111226
36664.4379432893
36678.0029351892
36677.391101312
36700.6225569802
36744.62405008
36665.7418705931
36718.6620717879
36717.4847031664
36660.7266724767
36693.5545695644
36693.315632592
36687.2151790709
36732.8209430952
36684.5531166315
36718.6570725102
36717.1599643414
36728.5823347057
36726.1062218463
36691.3925466068
36701.7593588886
36701.9588817164
36695.8408499958
36683.0637516963
36674.4364738627
36684.069735061
36690.3092986032
36710.9601929055
36716.2721501378
36670.4450608376
36690.853698233
36668.6135157003
36699.7005470232
36662.3779434587
36665.8668683219
36666.856674819
36673.5999389546
36662.4436759285
36714.5286111417
36688.0152726788
36689.109060393
36678.0215188118
36688.2198634594
36691.8556694086
36691.6024369696
36669.8027488866
36679.2530622334
36679.1730063864
36715.9842869792
36686.9976949161
36691.505822934
36670.1964221661
36703.5309293263
36668.2538794667
36694.4573172212
36714.017733311
36672.1768185268
36706.2508692963
36687.6259252647
36706.758762353
36699.3368452886
36664.7558376888
36713.753081174
36684.347734004
36687.0277380704
36692.9958888834
36717.0795174524
36664.4388914605
36673.7905681746
36732.2340110499
36711.0723479553
36679.805833786
36671.301554812
36687.3544197979
36663.410213781
36748.2688497415
36718.4262501091
36696.0292416193
36673.0537821351
36685.0889435112
36686.6679257457
36677.2426861988
36660.2890156588
36725.9765059816
36698.1357782665
36682.4303268016
36680.7700051757
36721.98208794
36693.065388126
36699.2110582478
36686.3346626219
36720.6753907495
36682.5053477149
36684.8710199361
36713.1799216132
36742.97106592
36680.5643783684
36667.3882091717
36657.937772032
36648.242129097
36690.1626940488
36728.0952116468
36726.7415874998
36692.0703808725
36671.5461861999
36680.571954439
36673.1072449913
36706.0426050541
36670.8258005622
36686.6239500152
36716.5666339733
36670.4175067879
36696.2349656994
36683.7010258141
36722.3259713059
36734.8672091574
36675.5478039035
36693.6783392201
36702.9831583391
36674.1441486762
36671.3203761192
36672.3099700952
36695.3864089727
36662.3874307369
36739.3172884686
36664.7513811099
36673.2148561967
36731.1812633989
36683.2881823723
36670.5319711128
36680.6519680308
36679.4416210991
36688.7146865097
36712.0245314468
36714.575236874
36735.3553396162
36677.6997449701
36700.1665001762
36704.4428820679
36664.921050871
36726.8450646068
36686.9801971623
36656.8275091696
36725.1471858539
36682.9601228413
36753.777443845
36690.1991478393
36650.4152195309
36674.0401550087
36696.0226587057
36755.5083524472
36687.0196400406
36704.5328238161
36706.3382401146
36635.0377580821
36683.7402488498
36670.1259935008
36664.8893047269
36747.2930125217
36710.5021699004
36670.354163373
36695.2580024062
36732.1308847475
36722.5760790526
36678.9434530451
36670.1398501997
36684.8152170011
36690.441789927
36715.6522932415
36702.3713336881
36703.7872803049
36663.5279125202
36717.929879519
36683.1178773989
36664.7407463408
36660.8293672446
36693.6751850313
36677.2636467229
36662.2104046569
36716.1878034336
36677.8394148647
36661.5584565647
36728.7411877761
36697.7307338373
36722.9643254331
36694.3298786411
36713.8878269482
36722.5748582991
36668.8832471928
36687.7836493385
36679.9547595494
36725.6706981767
36715.7397832416
36723.5557370266
36699.5603453707
36725.8899973024
36713.86205985
36666.6452861941
36692.2955302324
36701.7457596473
36723.2872091601
36696.6581369798
36727.3432205854
36685.4366936698
36702.1522880234
36730.5597246564
36741.3707554977
36704.8995132474
36717.5809714043
36710.3825949053
36697.6643306642
36686.2103923731
36693.3852658197
36671.9894732319
36679.7692247777
36685.5578361318
36677.1905300979
36699.6872924094
36692.5353556937
36690.7184386607
36703.6908827537
36711.5793818477
36694.2213568145
36734.3743390904
36705.4111717362
36714.0973001051
36693.6212059419
36685.8062315963
36665.6508398425
36692.3277288259
36671.409342276
36668.2634615647
36668.8912650426
36700.0724926357
36674.1773163017
36683.5503518861
36688.5748671047
36686.7568275942
36728.1263823798
36693.4812068729
36683.8171367553
36709.759150345
36719.4761305382
36672.3127926462
36686.3727883286
36711.4743696526
36679.1881143483
36686.0322187038
36740.8801504055
36690.6898819754
36663.5156698808
36672.2949602697
36737.7277296239
36680.0486328832
36688.973174972
36716.0536715714
36689.9968164526
36688.305076025
36691.9347742827
36690.4002914243
36690.0301923575
36718.7961870892
36703.2443259616
36710.3321512436
36691.067696001
36708.5413818242
36708.9883324874
36667.8630597338
36680.0121889081
36676.4354513458
36716.4987419746
36672.134035833
36701.1131681908
36688.1314698079
36672.9097121911
36696.7246517077
36684.3078273676
36724.3748918967
36681.9292829911
36686.6449685996
36725.9904025906
36676.1136670196
36706.8493605275
36681.2412020662
36709.2932364722
36699.4630567846
36694.696525182
36675.8191127448
36653.2565317799
36696.200502013
36666.5811498532
36680.2357660659
36708.9859658074
36729.1900887557
36680.7725938503
36662.6434478715
36666.8191988158
36696.4280469095
36653.3784349948
36672.2529972041
36741.4202857913
36717.0354362453
36656.6270622293
36716.7479269857
36684.336125548
36674.0070465918
36668.5060388345
36683.7107805368
36698.4119015135
36677.929281744
36667.5716303868
36689.6648234155
36726.5265029356
36683.7468879374
36686.4574709847
36755.61200085
36719.140468483
36727.1746898119
36711.5248178372
36660.5199896483
36687.5093547244
36688.4172532991
36694.3208279826
36680.0854252852
36726.840688218
36706.0563755881
36687.2971207278
36671.4883090779
36724.6488985683
36710.131446927
36664.940518018
36670.9507828007
36712.9516531783
36687.1938845097
36723.2334625123
36698.4400719489
36697.7837422654
36707.3122005079
36677.1919914967
36675.3055203633
36723.5252208154
36670.3331219263
36670.8097635183
36640.766656742
36687.0136150508
36704.9421933963
36661.1085638353
36757.5799552157
36697.5144510728
36734.9204387339
36672.5952016571
36701.0505591402
36721.7324170709
36713.1063833683
36680.6532700522
36714.6496445835
36707.030312103
36701.5902319513
36700.4208201386
36674.2445210526
36721.7478108535
36740.4836743492
36715.4858572056
36713.343091349
36659.2347460839
36695.2677275679
36743.0684529399
36706.1379399543
36673.6245672132
36720.1748959753
36684.9861016456
36680.621775713
36695.0726397473
36687.692343424
36723.1455811327
36666.7525424655
36657.8212369948
36695.0892178713
36693.410742282
36666.1561501823
36672.5832791572
36668.3459934988
36679.3159676975
36729.4544420576
36775.6285520235
36697.8004928049
36719.3979527179
36689.5216692286
36723.2436563057
36679.445366665
36681.6029074852
36734.9977087885
36684.5669921481
36713.2817514397
36729.1503276946
36699.4035481142
36689.8512097906
36690.6267143836
36720.7535883674
36711.132943843
36705.5467485811
36715.5757533168
36675.492815842
36730.0181751917
36646.4806674426
36686.219773463
36658.1885537603
36677.4966408476
36718.0616965762
36748.8089668318
36664.4696604912
36686.8519259014
36654.9833691993
36671.8391968409
36693.1006558871
36717.3174447876
36693.4481133947
36698.4024318243
36667.9273402641
36682.2206382892
36659.5697841507
36691.1777522245
36683.2307445318
36681.4188255722
36687.2797266403
36680.33467053
36703.303000459
36723.5034030757
36728.3031283949
36703.152942527
36736.6110403574
36717.4629923722
36653.2840428823
36703.9280217247
36654.9789281391
36718.4076463022
36700.1348706529
36681.4041453371
36671.0678295948
36678.3347914524
36721.8109989419
36722.9930601104
36661.2193772651
36730.6308913251
36649.9240492871
36723.4417185355
36708.5782187851
36666.599953885
36743.6065587029
36726.8090756703
36705.6537729095
36669.6559463543
36695.4796185467
36697.2556917901
36719.5146929978
36671.6347620877
36726.4795006521
36717.8450930483
36667.0242427975
36666.4326070734
36671.3165774982
36717.4125909462
36708.5380912998
36692.4624060422
36752.976285465
36683.7826823242
36680.723395226
36713.0032889075
36682.9280297287
36710.0268543996
36677.7173925215
36676.0860305631
36730.9490664578
36690.3415133071
36707.0557885794
36724.7483332856
36689.3609965022
36694.4500749947
36687.5027245722
36691.5202015986
36674.1952117655
36683.3105294446
36711.1172408462
36712.1675852776
36707.4340489223
36714.2360584726
36701.05049076
36674.289563233
36681.8834166447
36696.3083654014
36663.5104311243
36718.2709102101
36705.3316359125
36705.3386886771
36717.9020749112
36681.6456002824
36729.9834931593
36682.6982832974
36732.6185935067
36707.8268771186
36669.6258771765
36713.7788939637
36679.4660852041
36691.7264724876
36729.5196892953
36679.5454031367
36668.6455898514
36671.0811639778
36697.8942381089
36727.2553131818
36701.0576459776
36692.2087745449
36665.3121174405
36712.8921154488
36679.4259897342
36699.6993308337
36661.3622047459
36708.6326082422
36677.6387483364
36683.6702890815
36702.8298088135
36705.0291309963
36737.8055416923
36654.2583475233
36705.7372650232
36680.9107248809
36692.4324543744
36676.6091119951
36660.6280162731
36727.6420044481
36716.4770586526
36700.5823956456
36691.5932505392
36669.1419560466
36649.7761913046
36690.2853277321
36712.4869056333
36677.8507623586
36722.8800138765
36717.5490722017
36681.509473123
36667.3613970511
36684.072641443
36645.4985575184
36681.32555942
36706.8843690824
36688.7988616861
36697.2113240158
36715.6850967134
36723.670590052
36663.8843149583
36683.6935520616
36679.6130676296
36674.278970432
36708.734861345
36734.5671535653
36686.057821579
36665.6202957082
36652.9154850361
36701.0114932268
36688.8589138696
36724.6619017271
36692.3140660336
36705.6469112046
36665.6184366709
36712.9731045122
36684.6595869863
36688.2162144222
36666.0024407713
36678.8246654932
36710.9615696783
36685.0615072528
36686.9220642318
36672.4633036423
36747.6786956778
36720.7856866073
36692.9326647187
36646.9724987254
36695.6272869566
36666.8213266881
36644.0505740407
36733.7406447593
36668.9340293011
36663.5824596774
36737.1991305509
36717.5367575216
36676.6193195761
36664.7419796979
36692.2302950554
36720.1586715585
36721.9773963146
36713.8610819115
36711.8258997046
36677.4089313991
36675.3974307556
36735.8263250357
36682.3301284693
36665.6901408989
36699.3398031385
36669.67460735
36721.0360613238
36701.2176163672
36695.4476496931
36689.0033641024
36681.3575611451
36679.3015448382
36674.4048666984
36666.3566358095
36680.5380372011
36685.5687282805
36675.0216564036
36687.8446207686
36713.8722493546
36658.5615317113
36671.5082546444
36744.364474541
36686.0648150125
36718.8523949518
36712.3346316057
36750.5845092915
36699.8550899277
36727.5951542472
36695.0426247265
36657.6255288906
36705.8534291407
36671.6227174501
36688.9334693002
36688.1151995786
36663.6687819292
36686.1402306712
36730.9714793339
36668.1794343098
36700.9142906523
36654.6707393744
36692.6521903391
36719.2713304883
36678.2242323441
36698.5596212649
36663.2215662762
36672.4241906518
36669.0210727049
36682.7558859954
36720.8274206626
36670.3304948363
36660.6559528494
36702.1291656794
36650.8980530146
36662.3956798673
36735.022245662
36723.733412208
36664.2406008085
36695.2183728339
36735.592940831
36705.164740444
36702.0124256995
36722.3822341223
36717.1971838286
36693.6436961951
36677.8930569166
36695.4544604442
36683.5712530519
36679.7616996603
36730.9910933626
36671.926494936
36728.5277032352
36693.5643833769
36667.4161706455
36726.9587928602
36709.7315574
36695.8014659189
36711.5977085166
36703.1733102048
36689.7461097735
36672.1180431174
36739.5289629472
36672.0886132302
36678.8250096305
36677.5025731026
36680.6469231813
36714.5183850361
36685.5593052101
36675.8365030035
36676.4930726651
36660.0525320258
