36677.3486968004
36715.6159199813
36673.6074494833
36727.531533884
36704.1383068469
36765.7352307395
36704.6240242368
36708.3783227816
36688.6955857231
36730.2572977575
36671.7226413468
36700.0970078121
36666.8782102686
36724.4543358976
36706.9865871551
36687.9131355428
36711.143233802
36682.4910905472
36730.6611074495
36706.1348526534
36694.4216007557
36717.5397969102
36700.1910363171
36666.0790138459
36721.4622559074
36727.7133852606
36724.4927597716
36715.930611782
36743.0874405701
36702.9050061886
36713.158476413
36706.1748933163
36695.53135517
36672.4948661949
36687.3319397907
36683.6544700547
36737.1154767349
36664.8413002026
36726.7732948552
36695.7526116865
36700.4315322192
36702.3898542939
36696.3505089175
36703.7236505228
36698.8138873053
36681.70088158
36716.7668228898
36708.5195449732
36691.1717402304
36712.8613483387
36716.896953329
36698.0673504429
36702.1176408573
36670.7182439054
36737.8901021108
36680.8766827047
36712.3077618179
36717.0466789493
36661.5998145132
36643.9099234804
36731.7012580416
36728.2653339558
36757.8311697833
36696.5957348054
36748.7057456749
36674.3638735993
36708.9067220293
36664.3227777658
36697.2349876465
36699.4008941078
36729.3991753865
36672.5499710644
36686.2675282275
36724.6756613429
36723.4199089399
36703.5893969248
36666.9343576009
36692.0662462833
36714.1124054062
36711.7719954466
36708.0389965119
36679.8031108053
36708.4546014536
36682.0061505752
36737.4477331475
36687.7536692515
36704.6091316693
36710.0235577927
36713.2383053891
36673.9291365019
36739.6848275703
36664.615118211
36679.4534387591
36694.8833783644
36684.0988233221
36677.5436525655
36741.397269235
36681.217340603
36691.4241372926
36701.0452682591
36661.912099301
36695.7901633872
36719.5913016731
36726.3627702113
36677.0571243534
36684.5132755236
36677.3333605852
36661.8236307704
36725.426152136
36715.5866252796
36726.0173677029
36694.3054195813
36721.4330735857
36702.1830597325
36660.4245180152
36669.9955106091
36687.3985684502
36692.3418279701
36716.2795349704
36698.6356615373
36720.3664453094
36689.9253418311
36711.900801686
36679.0155912428
36681.241667404
36687.2625957805
36742.3778031675
36811.357007061
36696.6928148978
36644.7937861818
36689.749277965
36678.6296231282
36665.7663853163
36719.4983120073
36716.4466853815
36725.6711613288
36674.9624484715
36665.4234272786
36680.8757536626
36716.2237410836
36646.6767192647
36688.3071424629
36732.6960976761
36689.3328060582
36726.262906794
36683.9791032302
36674.5934581699
36660.1200789215
36732.6111364369
36725.9159273377
36714.9269739207
36717.2722308986
36677.1202184041
36699.7803072027
36783.2308846706
36730.5863759285
36740.3700448673
36720.6811538926
36688.8103134437
36714.4571137678
36747.6410356539
36716.5263408214
36676.4689886971
36695.792666179
36743.8493372993
36662.5278310154
36748.5912713097
36683.2077500801
36683.5421383899
36679.7156853804
36738.9222486751
36728.0128038271
36691.5998217227
36699.9210371619
36722.5484360567
36708.8383659046
36728.7060320971
36731.2935667068
36746.9054373706
36730.3160068962
36734.8491864187
36765.8204434428
36683.9395732449
36684.8443764496
36665.2008163809
36721.6970187725
36734.116528039
36682.6486925982
36728.9866731224
36736.414862415
36738.7651182761
36684.8194364847
36697.3268738322
36718.622600964
36709.3379923343
36719.2431321272
36743.8152246553
36664.9511978101
36733.8390847942
36690.2463271744
36683.3512309767
36664.7749469876
36717.1658530352
36680.1198626181
36685.074418826
36713.1830338107
36681.5629128176
36660.1458328849
36683.7076750832
36710.0948435437
36703.8673058214
36692.9919838144
36737.7443035247
36660.6395350542
36718.0661307456
36698.5677039336
36722.1472183057
36752.1664669453
36726.5806319616
36686.4009558237
36667.8499210591
36745.6412704767
36713.6730758253
36667.8419988104
36684.5769348048
36717.724284158
36650.2327892979
36692.7683852076
36734.3159067047
36699.7873644314
36712.4217724433
36709.0784200599
36712.421785295
36742.5835167324
36673.4600073978
36698.9908237176
36687.3906310581
36738.4705482407
36698.1330981923
36706.9749999239
36662.742420983
36712.4298213106
36733.7222640311
36746.6079696393
36695.5920950917
36686.6642210824
36753.3415663704
36724.4307049488
36697.9390969017
36693.7050258423
36689.4942249261
36689.5058538403
36688.0382619001
36662.4849381784
36741.0299220241
36702.4226208138
36723.0169433045
36670.8076482984
36701.8078117757
36684.8406215948
36666.349003917
36721.6641701214
36700.5000357258
36633.7358822859
36759.6795774364
36712.6634432571
36672.7956892014
36662.1589823737
36704.0191285922
36719.1203892302
36710.2953318876
36652.6653695716
36708.2260847242
36725.2538443509
36701.5155465671
36700.0283385998
36683.8828917248
36686.2328535519
36685.7860554058
36721.4932795469
36657.8675129069
36725.6173754981
36709.8538320857
36704.1684636722
36684.6650672145
36690.3762955072
36687.9331183235
36696.5920863634
36658.248898691
36695.4595270865
36701.560420572
36719.3780517033
36677.8180403215
36742.190534636
36743.9221382458
36713.4886706294
36801.032096206
36705.5700654127
36651.5336831017
36693.7215902992
36695.1825932645
36711.5469847765
36678.4924441599
36687.012676299
36690.0022678389
36731.3382324969
36702.3101018214
36728.74486443
36657.9316786679
36721.0346415115
36726.3819309749
36694.3680628515
36641.9490071501
36684.8577497213
36733.8718313284
36682.0172722914
36683.062044288
36721.3379085358
36740.9890756343
36727.672813024
36716.9599663574
36654.0909329861
36676.6097898306
36694.3370731064
36722.7885654925
36730.6164807225
36743.7550549122
36690.8984158035
36722.7963722788
36704.9346139426
36707.9526977882
36708.1986274232
36718.5963542282
36725.9784001503
36689.5490571259
36699.4619850415
36692.9872775112
36721.8610384065
36708.7382659735
36737.7586347897
36704.2315837183
36736.866038028
36670.0107146485
36734.1366370527
36740.7466678289
36695.6194202276
36690.6125181472
36668.521252576
36689.4199873835
36715.7168898226
36709.7762838019
36713.2664439689
36684.0897114577
36697.3358436609
36722.3011008226
36697.6633772168
36662.1063000151
36668.2575009109
36707.9781701495
36739.9704858836
36687.2225815586
36676.1474201914
36704.768474557
36697.9716603754
36713.5633554206
36684.5449353833
36748.9072479945
36771.2837489102
36671.7229644663
36679.9893878467
36679.664930618
36679.3765150792
36741.3438422064
36707.4934171163
36707.5847360902
36702.8878448253
36698.1831201285
36689.9246942966
36703.1184903468
36727.5538999618
36701.3167233782
36737.1576737979
36674.6419769357
36666.5771771511
36696.3893828616
36694.2670932871
36667.8972039388
36752.6422019499
36702.5852999825
36718.2456211319
36717.2406053474
36662.5188108386
36725.2625452406
36747.9962550473
36680.2080239728
36667.9556033137
36701.8506933506
36719.6001087454
36703.3604989126
36671.0067396503
36669.1288451641
36733.3652137508
36668.8896085076
36698.3658821102
36723.2350751057
36689.1972657507
36716.4256423285
36690.7723416037
36678.5799834004
36700.3675189741
36709.8255538719
36682.6876083959
36716.5374754989
36684.0805022182
36715.6467431163
36715.2385021176
36703.5727436193
36726.259430579
36684.1660980784
36660.4786255
36773.9700469674
36671.3045547577
36674.9011712872
36669.7333614459
36728.9451696706
36717.4795404145
36690.2932878889
36722.5737617462
36716.3978564481
36738.0027469027
36721.8654012669
36682.2228392302
36708.5149193634
36698.51008607
36730.8157413709
36735.0177125304
36704.834285837
36707.8590029063
36656.7536515567
36659.9027075606
36696.8430985038
36687.3079177331
36735.0305322228
36680.3117022916
36677.5598304212
36713.8615477544
36727.93703478
36669.9937416932
36701.6568371906
36663.8793743615
36723.7317206766
36706.741195718
36740.9536656097
36723.5860777268
36702.8665356494
36692.7989771898
36698.0246329062
36718.9719089686
36680.4540497429
36679.9495435679
36675.6174891771
36683.9970211764
36702.814829167
36710.5666801321
36687.3610490439
36701.9873486328
36692.5209154719
36702.9719502384
36695.445234796
36674.912942714
36682.9700484879
36663.2339960399
36663.5606407986
36708.4920007424
36692.7483076952
36701.3452748259
36722.9439484913
36697.8121540017
36756.5525705883
36693.8631203977
36683.7658104078
36714.6161593465
36721.6775450546
36717.9452658703
36718.765583687
36670.2841982132
36687.4998861726
36715.4814284472
36691.8526126311
36741.7921711321
36700.7265872172
36718.4606100086
36715.6259890769
36717.1540464629
36738.9788006903
36676.2432788302
36735.0057518094
36681.4619255819
36687.7125105206
36749.0912811894
36722.1584215656
36720.3147941
36741.2184971897
36716.5183016529
36713.5757818582
36711.7149489846
36728.6142406656
36693.192529203
36744.7846954788
36699.0716794926
36655.5240955066
36712.3226677773
36693.9853577565
36717.7608042473
36750.1408067154
36726.1467574724
36746.7921196829
36712.7239361043
36712.7167574435
36672.8238982155
36703.7544939625
36697.7643720968
36691.0030993951
36695.2801189307
36675.4577731241
36661.056055015
36705.1079404428
36684.9507450168
36695.3835423439
36695.3105991415
36716.8871126598
36737.6356947825
36699.0934985633
36674.1671422288
36688.7273208686
36696.8570840938
36732.1842676208
36652.1201222547
36688.4183417755
36726.1518781708
36711.301434435
36730.9531672118
36725.0561451879
36704.410454052
36738.0573593597
36692.1564726344
36689.2332352995
36749.168976851
36675.1848944403
36719.6229495292
36728.501462635
36697.6800250359
36718.7123466386
36700.7836529599
36705.4480777513
36706.7036166049
36666.5004512082
36740.320708853
36742.7970937516
36689.7016666363
36700.3751995346
36674.3859991223
36735.996910371
36671.2437445496
36716.9632905191
36713.2226695677
36733.5474221382
36682.0118650964
36711.2719025548
36720.18143664
36652.8899798667
36648.2849665916
36681.5739749474
36688.3188802879
36673.9410504769
36724.3428650026
36723.1204925161
36728.0107965451
36714.8790717578
36708.8178768285
36719.9811900014
36719.4842333953
36661.5761780308
36676.9315570444
36675.6253001009
36679.4973771375
36702.6899170488
36727.5119417466
36676.671174411
36732.1353769599
36699.4575820593
36725.213997732
36664.3711051121
36691.8138337518
36690.533292723
36684.8092189039
36685.7218032706
36689.8393252659
36671.8188166808
36691.6973629393
36712.6913520335
36719.9495292516
36675.5826073577
36657.3260225209
36666.8273811573
36703.1264857052
36688.7119445231
36696.026905406
36741.8907378691
36673.6796111416
36674.6926655515
36696.2594195036
36725.1655338505
36721.8058609153
36666.6405838022
36706.0656488867
36727.8026439929
36692.9341307008
36709.4539483806
36702.7752514165
36722.7719055552
36711.8987274959
36725.4564263171
36731.94882606
36724.1169387128
36691.6177670153
36691.9755626358
36676.8362922753
36717.0295860892
36711.787451102
36697.7886257716
36689.1276307619
36649.3358240819
36681.7548183737
36699.5145546584
36705.1269334347
36714.7480654962
36752.8325373102
36720.9378609338
36666.8164612465
36739.1209445152
36682.9869122442
36666.2392514024
36717.9281719407
36657.9288323856
36667.2857643741
36723.1560302572
36695.86076335
36722.6978918133
36686.1494326467
36673.816345238
36711.0292288507
36712.4622803357
36701.9403056983
36698.810915596
36751.6413637922
36646.3060851654
36695.3389286963
36710.7363320811
36705.7625912157
36730.2885458222
36715.2891040938
36683.6364927249
36683.2708193413
36736.3701516999
36746.3027680159
36714.3612135199
36743.4181406686
36701.9280878459
36719.0493035635
36685.7348415594
36686.05750969
36695.3614555024
36674.1456620704
36729.380673946
36723.8540107863
36696.6451272678
36725.2713577966
36727.4637152981
36686.4683244185
36713.7129779828
36703.0098037802
36682.3407385678
36670.5185168844
36721.0573872362
36668.0326642076
36685.4621862708
36717.1717777641
36679.2390933327
36732.612258546
36692.2362102608
36746.5509767851
36755.4545791398
36658.9173838055
36718.1172368391
36723.3763127083
36743.2452656756
36703.1980340748
36725.1733885371
36696.2360874276
36703.4110306246
36699.9522920794
36719.2006145748
36708.7387119246
36725.2203269777
36719.5012809754
36705.3455709468
36712.6078118516
36721.0585210572
36691.8401528996
36727.9601416806
36722.3403377894
36712.3945738528
36743.194072912
36695.1713555119
36729.7843959898
36681.1472462536
36698.7748571871
36689.6380373225
36691.3348213913
36733.5347607044
36689.5830791137
36665.5868763955
36730.0924030802
36710.3980678658
36702.2232824137
36732.6452278352
36706.9245694946
36661.3634108483
36669.8752840427
36710.4091256456
36654.8732137275
36692.9110819042
36700.9076625136
36714.1430175718
36685.6363136793
36706.9403770939
36763.483514115
36705.3934843419
36698.7958223316
36696.7433286655
36689.1207677734
36690.8526037861
36660.7304133835
36707.2510886049
36696.0086925556
36687.4459444026
36685.7227998007
36702.5994307248
36739.7219899827
36688.1103387703
36744.4176965789
36662.0792466798
36701.7359290308
36693.5200529168
36661.684617333
36644.9046967092
36687.1578936771
36662.9337902446
36732.504209701
36695.6097680843
36700.9531686442
36721.6989653723
36718.7754172218
36683.7528064747
36683.9990328008
36727.3409557741
36720.2592692831
36696.6589203795
36702.4795814056
36701.2952058521
36731.4043908421
36714.8813637424
36732.8762567569
36711.4849702059
36711.675042874
36745.2801949032
36737.8328403733
36696.8071185113
36709.436919678
36655.8233650559
36680.3040584852
36721.6178263678
36712.7913401623
36728.707527313
36691.1560987421
36706.9291121567
36716.1581995536
36687.2594232505
36745.0522162741
36760.8303308593
36684.6640738392
36726.3033508145
36682.9927163959
36698.5285303426
36715.6383453053
36707.6705291497
36716.2388027284
36685.3742794707
36712.8292306577
36697.7130615343
36708.8174938368
36674.2588569556
36686.3134540962
36712.9970757594
36724.2486824748
36716.5082681286
36680.9701999184
36683.7868395906
36692.5291280746
36713.3359418476
36670.7163065974
36697.7501643489
36737.0866717473
36743.0131360992
36687.6619104101
36701.6695914033
36659.4916914935
36700.7378260238
36769.8843464763
36741.001334105
36744.1826330591
36681.7615316442
36659.0367495792
36669.0217874052
36709.4146765197
36703.2208518606
36717.7549096705
36719.7613251923
36680.3997345847
36659.1470246049
36736.0973752177
36709.6944326962
36725.870022491
36724.4501594124
36738.5922816257
36718.0838472614
36685.8048414639
36722.242009248
36695.4942007463
36676.1857326596
36735.1426484898
36694.4316749131
36646.1674465495
36682.1724228845
36721.2541070102
36684.2069919541
36685.3508481178
36698.6266546328
36697.3229553099
36735.2389423629
36674.1778703228
36704.9861376884
36717.3000908522
36704.4799209984
36679.0016160352
36714.5511346134
36689.7446458979
36666.9282099554
36699.2392594464
36679.2557697675
36726.0627407369
36700.6433026255
36691.0616759744
36656.5935651106
36675.3601233994
36706.5130281592
36737.1691911855
36738.6353848022
36733.7296164902
36746.0684568677
36739.1392677128
36694.4096497075
36719.2041793514
36736.5402128994
36704.829828603
36786.0257478613
36708.8900138074
36708.5237387858
36694.8971990686
36711.5844630713
36736.6619566938
36671.99664168
36697.1402592821
36715.0699446653
36699.6833337036
36664.6791020644
36676.073235476
36700.3085208509
36765.3946134988
36699.9857255936
36744.8688710202
36710.1727413392
36691.318855172
36693.6562327058
36682.8816366073
36689.9565812928
36665.8411451747
36716.0366279181
36675.9827972768
36711.6458337528
36658.6324462244
36710.9016318483
36664.3346884095
36707.26902688
36708.5958442712
36693.5601802524
36681.017473172
36694.169549111
36733.1190106157
36707.5005596589
36750.2865294274
36723.9644775385
36695.6492512177
36700.7535286658
36717.7992879259
36693.9487662033
36677.69312554
36699.5478005056
36703.5083157946
36682.8317736811
36714.2336215626
36711.4620637673
36692.0768869475
36743.4228729801
36705.8700501305
36701.3660512736
36688.5257465067
36708.9232447692
36705.3895722976
36739.6205128425
36672.8517279834
36704.9992643748
36664.0981835387
36696.3838150035
36732.4334413694
36684.5416846338
36707.7489110777
36682.9529112187
36742.5148659062
36685.8795887732
36738.8865600881
36744.2242408499
36686.0250849564
36681.6359255732
36735.0810891851
36683.2423790117
36706.7491836545
36656.0991864279
36723.8452495808
36685.8658359817
36729.3181397804
36706.0662417745
36717.2121363364
36714.9742976156
36716.6048839507
36715.9362854808
36709.2763703844
36703.6284171602
36716.7082709482
36688.0833974364
36731.9253426483
36727.4988856298
36717.3579946293
36733.4433675578
36701.2097890522
36715.3566592264
36683.8138187456
36726.4548521458
36674.1310789147
36664.7653659042
36710.126741981
36703.9845482125
36676.94889426
36717.3331933858
36685.9898567697
36697.0366523258
36705.0012192591
36700.7272669416
36682.1753143605
36692.5682117042
36690.8677593838
36725.8561306651
36677.4627334532
36761.1362266892
36718.1387057864
36699.848850425
36742.7177326954
36671.3462295702
36700.1753985725
36685.1005169511
36747.7059405278
36731.8358802333
36745.0740417756
36725.9142056984
36730.4749331545
36739.6574899562
36696.7980890399
36698.3884986775
36705.8845568824
