36561.5894262861
36589.4048836503
36581.9403191478
36545.2278026901
36547.5137614893
36524.128210757
36570.0905799989
36581.6090977223
36568.0948828186
36523.4049813714
36535.196043647
36558.9636355855
36563.7104972147
36534.3973838594
36556.3146575471
36590.9636041686
36552.1988398403
36574.6706793475
36610.2763034955
36553.6389518187
36534.2686847963
36545.9721670054
36536.3613066291
36540.6937013127
36600.8730381172
36571.1091503103
36605.1766003015
36528.5118571228
36569.3305972796
36618.9589157398
36560.6718785916
36514.8767409799
36553.7173961823
36617.3680700208
36533.5092401549
36575.2204188181
36610.2745135314
36545.0216835495
36546.3957159494
36600.3629838047
36571.1167237738
36545.726616249
36556.0598738659
36547.3637292232
36563.8443527463
36545.6752220111
36569.8040764689
36556.498665833
36573.444496053
36557.3044680279
36593.3817194919
36547.4586478568
36615.5822612811
36555.5942740288
36517.8735553977
36561.8788975322
36552.0526122782
36544.4741901038
36519.1749222146
36634.0435432317
36537.1900443913
36549.110612176
36551.4292422147
36559.3061956116
36503.137037558
36628.9275634981
36548.4046691849
36560.5718737065
36521.2306663131
36524.416431807
36523.1823529771
36566.4161888506
36524.5514393368
36575.2551599642
36541.8116885832
36516.1200530688
36575.3258988562
36546.9742411905
36578.3857095695
36529.7692561546
36543.521763558
36544.8839458296
36562.2744663056
36574.9406487581
36590.0662314146
36534.6668776859
36557.1106163265
36572.0714163186
36574.2323422664
36600.6228107527
36553.6690039319
36540.8939100381
36563.0222524505
36534.0024887142
36526.4624033014
36566.7308851265
36578.8734903047
36576.6240211269
36573.1921201224
36585.4789872638
36519.1211469643
36537.6699027874
36547.328645987
36548.0273986331
36529.5884422194
36560.0283488659
36556.3781513748
36548.7362688991
36578.4759109805
36585.4695830864
36573.7653442394
36593.9985398054
36536.913989387
36558.7593786741
36601.7635496716
36578.8294862474
36516.1868948514
36563.9323401993
36524.6102492033
36546.8323748676
36534.7930837387
36556.9521216218
36565.571165283
36607.187910263
36564.9547344674
36576.0048019591
36577.7087090608
36548.8418526412
36578.6985801392
36563.874447212
36531.4413318014
36570.5366649886
36549.2780658613
36588.0057932028
36539.3446520134
36582.7818433449
36570.0614983504
36565.4230200827
36538.4906485735
36573.7204962194
36556.7349657697
36567.8425574499
36532.4386047046
36532.5542824227
36544.9843453361
36569.483895304
36540.3536927641
36598.966276734
36553.8663983666
36588.7425031456
36581.4608067272
36518.4433844846
36564.0495761253
36530.7109216817
36556.6742616459
36612.042882017
36561.5251069518
36566.8430504271
36598.2485397544
36598.6330384059
36528.1426977451
36583.3910995583
36571.4364754507
36587.7869369648
36562.1874724435
36527.076600632
36526.9446020348
36569.8138749944
36622.9416168388
36529.1445735823
36537.4832651392
36572.0098746582
36538.8828113075
36586.7664781635
36594.9636089461
36580.4870207881
36565.7061733468
36583.9423973834
36539.636691291
36579.8699245808
36524.9949821267
36592.1665841145
36570.8005548382
36529.2422615434
36581.5202156785
36539.5253003899
36575.2299175587
36587.6223203405
36559.0590700398
36575.2939727466
36527.7910282342
36597.5574517201
36523.7577485239
36535.9792867495
36514.6702277391
36570.5398112438
36534.0401328084
36623.9033349263
36537.6917386865
36588.74525871
36586.1451006349
36529.1825147421
36565.0560051144
36530.9771322964
36539.3057524934
36615.2818887494
36576.6888125486
36581.5227871247
36523.2761700721
36591.1444804883
36533.9863891204
36580.6556716343
36531.5392755083
36542.3729119996
36568.0879580249
36554.5198217475
36515.1200637905
36546.8640097621
36548.6632276507
36546.0864011171
36562.4356771146
36554.4602690398
36582.6763660935
36560.8034564744
36552.0901218577
36533.3371494152
36528.7434390186
36540.9618365807
36536.4030234602
36550.2631735637
36572.8497982552
36586.7675284268
36532.3669603488
36566.1480770385
36572.679799716
36531.0801607966
36551.4919753634
36594.3176925628
36590.5795758377
36570.3753451163
36555.9686806802
36576.8689572906
36551.736038196
36510.1203978295
36568.2483957622
36564.6244803899
36499.1284738803
36554.8728943474
36561.3078190205
36518.3525795606
36526.6172176032
36572.0306820263
36578.1401150507
36528.8616895566
36568.000046651
36599.2201774581
36543.1249677472
36559.791344431
36553.3262058119
36539.065232074
36539.2657395352
36561.9478822465
36536.9411336079
36589.2656595914
36552.8036334404
36549.6724278232
36548.0255601058
36566.6081443232
36537.3185067916
36563.7225618805
36595.8095097252
36545.2040155853
36547.0532613556
36539.1227623881
36551.7927959377
36507.2113072081
36547.9481202133
36541.639048893
36503.956570444
36559.8095155409
36540.5756698393
36524.9447667094
36469.3931026407
36548.4131013246
36579.664748325
36527.9749364456
36536.1800599425
36518.5554117121
36595.5265463965
36542.1777002094
36567.1523713258
36556.4109064387
36503.207000732
36535.5863431394
36554.9825925885
36565.2054993926
36539.3291638199
36574.7251850552
36543.8648890434
36538.2456054968
36581.526478142
36540.8053041492
36533.5566190184
36623.7858151766
36602.4430383968
36557.4697561803
36565.0398753633
36573.048073986
36599.2454196584
36520.6182770539
36513.6582159182
36541.6175841194
36589.2741831603
36510.6686081654
36592.4034730317
36491.5316349168
36580.8674153015
36546.4287684379
36528.1707492783
36606.7859262607
36546.8178439774
36591.2199162821
36565.4921717145
36538.7591230877
36557.7968211828
36541.024703162
36589.2306150694
36580.6627134422
36559.1002574344
36559.6694911932
36527.7546839922
36568.8659534039
36597.8597056006
36570.9968833927
36561.8246410921
36589.3359374732
36555.8928946058
36573.0396422346
36564.0041982954
36532.9428687499
36547.5379517741
36554.3732664407
36543.4027668112
36552.40162648
36591.6123979269
36546.8669101487
36601.146376322
36601.1605392709
36641.9215759799
36550.1194093446
36576.6377324273
36560.145522779
36579.7401136828
36552.250767493
36548.0630778251
36521.4679571736
36566.2560199223
36556.0532215937
36582.7240158928
36575.9294723432
36540.489663719
36546.7021916404
36555.9490999336
36534.9449719821
36605.9690442084
36521.1978269996
36563.9854285141
36568.7906990304
36525.7372601136
36523.421736814
36586.1297612283
36537.3479337291
36560.3627004522
36568.8056385898
36513.270327382
36541.7076430396
36582.3541768854
36582.4990491906
36572.0986317764
36523.2093246997
36568.2989588628
36524.412708201
36536.2077517274
36555.3859695807
36558.1529482814
36517.3700724704
36563.2994515583
36552.0648678092
36553.4309762678
36570.1219416164
36525.1469783152
36586.2864562043
36529.7275427294
36555.7277849556
36566.2542052099
36550.6035318942
36520.5584036969
36542.1774231894
36559.8897291797
36554.4230425497
36572.3940505265
36571.8198598785
36570.7383099189
36561.52797869
36545.4817254651
36591.4003089456
36548.47234598
36519.2667175603
36564.2131646505
36581.8981458654
36595.6834476447
36559.9684278958
36584.9029830797
36511.5374610912
36586.782380026
36570.745159502
36541.5275497933
36524.8142036923
36495.5314880648
36573.5680107021
36566.5212750457
36600.6259428483
36585.0451932308
36580.5905620919
36594.9687733495
36558.329085334
36527.0948911559
36569.8806992445
36517.9704380274
36545.4217908778
36561.9836279685
36579.9226898515
36558.4758268279
36568.2247600639
36507.2531053771
36543.9169934403
36553.2522827769
36495.7605910021
36591.4488907101
36537.40767315
36551.5450497989
36590.9314569873
36513.9701408869
36604.628962767
36535.2986914491
36549.1397101583
36542.5175924464
36555.1838637579
36576.2020871896
36502.772020862
36535.9546169373
36587.7277389315
36592.3948863347
36567.9568336091
36529.3837647754
36534.3992393755
36526.560249658
36613.594425317
36590.1157668919
36602.3151155575
36549.3286906877
36591.2726437855
36593.7748239811
36552.6948115218
36533.6104400736
36591.5878444349
36593.7645319914
36561.2640779947
36563.5692375891
36551.0146631726
36543.3852879234
36560.6740107035
36537.3067672008
36506.9986917302
36517.0147149437
36563.0807433943
36568.5095149016
36568.4750399365
36578.2379465812
36547.3570354876
36550.6089886393
36534.4195506198
36543.5233305532
36589.7839387997
36545.5711959001
36499.8048729229
36583.7546233157
36561.3761847815
36493.1116986996
36541.3367954397
36552.8900928673
36535.2832283438
36539.435410612
36580.6077247889
36576.3536556541
36571.0936948337
36539.0610460991
36585.2430868835
36526.87908206
36513.1010139406
36543.5123649708
36602.4320802911
36577.8251012779
36612.8355909174
36623.1470149105
36541.3359494343
36541.762193604
36522.5116962868
36551.1842097989
36542.6197910116
36571.1709745857
36564.8320550607
36525.4790645888
36544.1988028164
36523.5896820964
36541.1149982656
36586.7944650988
36536.5924362089
36579.5773468063
36581.5106671653
36525.085196858
36531.7389505853
36517.6320388577
36507.3185114904
36558.8441127381
36585.6116290993
36562.537808066
36573.1423010501
36570.9832131815
36561.9470117017
36562.5329308671
36522.9838127401
36576.7562619509
36550.4599371021
36568.5120738211
36610.9839766624
36528.3211661038
36553.6317228725
36583.4685996394
36519.3902797204
36531.6461614118
36541.7038271482
36551.9498519636
36561.9212272083
36521.1036029129
36572.2850139899
36551.9728537365
36542.1453498201
36568.4728989411
36542.6668784735
36520.0105968265
36506.3962505211
36612.1820750208
36604.7913954114
36575.4978922547
36571.3724192298
36547.5997160463
36554.564084314
36595.452894265
36544.3450954387
36554.1655289395
36533.2731293591
36575.9426934235
36584.6107414295
36560.7912914582
36537.5169554415
36554.4329905964
36546.9147903483
36601.6591036986
36579.2969513218
36553.4054460692
36499.4692305229
36589.2667405372
36555.0468696585
36524.3845626096
36591.0403685346
36542.6360508445
36532.4079338746
36543.926604347
36556.60101236
36540.8770413306
36577.571201012
36555.342050532
36525.1359153445
36541.1478513563
36564.5665527721
36527.9654024419
36532.1931663665
36603.9587440112
36608.4793215326
36534.3565575815
36543.1853738947
36553.649726197
36579.28633694
36537.2296003247
36575.1561217944
36537.6243825544
36588.4811132922
36565.936298263
36598.7609862997
36553.6991229696
36546.3075917632
36576.6402592782
36544.523602434
36531.7455099998
36533.1731936276
36541.0882300802
36557.7603574738
36596.2319241511
36547.9312290427
36565.2305866788
36574.8697831886
36531.6234683361
36578.9833553569
36586.6194769996
36541.4812000217
36574.4702498548
36567.3116242555
36559.3158020395
36600.7925352866
36572.4588921511
36533.6805914081
36514.4639266984
36613.9305727193
36536.8709187304
36531.1354953515
36557.7157918537
36548.6331708976
36527.8696001288
36549.7210656693
36571.2073613294
36545.4246825425
36558.7169471833
36575.7163803036
36545.6661574157
36534.2517859411
36530.6636384786
36559.5180340126
36502.5420418889
36582.5954455178
36530.3675118684
36526.8918223889
36519.9939081703
36536.0262112991
36607.385204509
36583.4931333981
36535.4056436813
36547.0304254621
36614.9368574235
36557.2489255565
36576.4000679444
36523.8432572117
36520.9059425791
36555.9959343393
36614.7827571739
36572.3080501191
36548.2581144698
36537.0294662658
36563.4899849747
36545.6983236152
36529.0505221531
36534.9177313713
36520.0726740517
36571.9490902583
36499.0999394677
36531.6185670922
36523.4996769887
36604.6952192599
36578.0873576439
36567.0737270388
36557.0900371186
36551.4981194344
36563.3437741957
36534.4283142338
36527.3954826453
36563.7916601304
36581.2057278072
36576.5447300453
36529.314487555
36553.452294993
36588.2805747434
36547.9488418411
36519.3630199307
36561.5393649914
36557.4937678246
36599.2922809336
36595.4642733837
36547.8250198064
36540.3652654459
36550.824626487
36523.4952498329
36565.6110487982
36537.2967137334
36569.8497658667
36592.0828061825
36529.4340627281
36494.3214080718
36549.0162734836
36551.6046567681
36582.6312619968
36567.5772724635
36545.1324736993
36551.6305022677
36574.6803643801
36500.1066323552
36577.4230600447
36545.8269498904
36550.5441745522
36540.009052999
36574.2331039486
36545.6667848352
36542.3484798299
36543.1206123666
36532.0015241249
36605.8337500943
36549.0976458035
36510.3584494237
36582.8297724764
36569.4352092427
36613.1646409974
36520.7557129866
36526.0296715112
36515.4208483802
36556.7345431813
36561.0381365137
36608.5761183388
36616.9246561891
36554.2073956101
36546.5057691769
36560.9717463666
36502.3799532969
36543.7932266873
36548.0641165258
36545.8111991012
36533.5820555955
36558.0681849735
36564.0702100922
36600.7545693277
36575.4057727581
36565.087056657
36572.3584530036
36494.7482353578
36548.227449194
36553.7517778744
36527.6475129839
36596.9310604519
36551.4494559585
36557.2793731732
36559.4670939033
36553.6295684434
36583.1611300976
36526.0495314455
36540.9929786053
36630.4285136996
36565.8741224981
36563.8329621228
36594.1943346535
36565.0010952922
36527.9310400225
36548.85791001
36584.525077299
36522.4804276491
36568.588503508
36604.7827047549
36531.60873935
36540.8246107011
36552.1553340516
36580.0251875991
36516.8270076895
36556.7840511708
36552.5250328267
36603.8245535463
36550.5338319457
36574.5736238565
36577.0199108936
36561.6792059606
36551.8432502726
36558.8768761628
36583.0751979216
36584.4441112491
36546.1123474589
36533.2373614024
36571.8296486302
36566.1476961622
36579.1730610274
36569.5113187716
36515.9723284517
36565.194822649
36572.602391738
36581.5767148722
36558.64996273
36538.7863607273
36513.42731135
36569.5743943365
36559.4978481439
36551.9897748574
36515.8313363787
36554.6195008871
36584.067936984
36579.7642374446
36535.8174599925
36510.7661220329
36554.7525264231
36546.3377540535
36511.7188705507
36584.6172328447
36560.7127266694
36535.3652309766
36533.1513095999
36568.7584109089
36523.7792844034
36552.8919594987
36536.307491174
36586.1462566459
36581.5362355155
36573.2570206019
36524.5030268597
36597.4810982506
36533.7076610192
36520.6498065194
36511.3483758484
36550.4308196049
36559.5832150021
36570.5027637348
36610.3648471989
36572.3625325439
36528.358370299
36583.4153905655
36529.2397584725
36597.8460809528
36531.665527831
36559.7197327274
36511.7879822121
36553.4767250627
36561.0157133667
36537.35824724
36549.6514356923
36603.7520397212
36550.8002642467
36584.3746761247
36576.6231311819
36546.2452166623
36531.9344691295
36520.4442549693
36510.0623344162
36593.5775630874
36540.8361100266
36524.4708611971
36509.5838959101
36583.676817956
36548.9095803611
36563.2806116919
36577.6159337983
36604.7627291535
36573.3876965609
36544.4600078783
36523.8632279304
36551.8377388665
36544.4616678367
36560.3739189504
36528.4330409414
36564.2048980213
36571.1812434986
36550.3932041263
36545.7759595069
36559.7465121229
36550.2378445908
36577.5292161226
36532.3124008924
36587.8072770687
36559.43189903
36543.9835817375
36558.5525332366
36554.6775381963
36555.7663206277
36559.8932572805
36540.5734147627
36576.7241133342
36530.4331596885
36556.504885498
36537.0082947163
36537.3156933311
36532.4884037685
36536.9771498826
36553.7881138989
36541.0735152812
36559.7029593064
36538.4148848761
36565.8702495725
36562.8639944323
36581.5933651547
36519.4532166675
36629.8159240609
36532.9991436779
36553.2585582862
36506.6434403243
36515.1091112787
36524.9622036665
36548.2102510135
36557.1632984476
36505.1533149437
36524.7364047198
36572.598433625
36553.6802648293
36569.4419272551
36529.6593900988
36541.9182206231
36516.8060291255
36524.6363623837
36571.9321815652
36634.4453584459
36551.5418775504
36569.9316257244
36546.2712517849
36570.9934584149
36520.9827660922
36566.3144039953
36629.2212099771
36526.1149067792
36582.9916851514
36554.9756563633
36577.0776218875
36599.3004745213
36553.711607364
36578.1733402664
36530.3257487313
36566.6636636585
36577.3607497945
36606.9673767626
36548.7528803909
36527.3610171712
36584.6368204562
36551.2760211094
36578.0730430477
36562.0137656883
36542.6397530925
36507.8878812568
36592.409994324
36542.0095776608
36547.8042881222
36541.0607259213
36567.9953303622
36546.0094903998
36617.7053138746
36541.8134120118
36546.6736401219
36581.9838918336
36545.9655028467
36487.8779456331
36525.0690334847
36516.6423357743
36571.5926757276
36563.0569936827
36587.9400236999
36520.5286895137
36539.6152885591
36594.6571546949
36599.7923003211
36564.1828269045
36579.9631282612
36577.3086600986
36513.5117424045
36528.1628426681
36533.7839208096
36545.5124473231
36582.3646183447
36587.8434902034
36583.5333084115
36563.4067423162
36532.2161160645
36583.1154921276
36552.0181269717
36535.4066556217
36633.6399494166
36574.9832646928
36583.3647692182
36508.4311294217
36522.1017030081
36510.6686977987
36554.1382453285
36568.4157970418
36561.0655305013
36535.7659412997
36522.361282928
36533.6370270735
36560.9067598306
36546.5791062097
36525.7562988073
36519.0864046337
36573.4698533356
36522.7200584447
36575.9648510029
36563.7620928661
36540.4149436291
36530.4927130604
36504.4241506488
36549.3883257555
36537.4521199261
36512.8062994306
36598.8075216149
