36563.5744053131
36542.2589900747
36600.1675245425
36588.0028316933
36574.6531221635
36575.0690726234
36540.1247209473
36571.6889133435
36593.3983626741
36617.0437957782
36580.8776737528
36564.1628111655
36538.5710935206
36581.9605950348
36593.4362652528
36565.4796116497
36593.6864194567
36535.6744945695
36580.5019711419
36579.5534182891
36530.6290258497
36570.4168789427
36568.7868519687
36548.1871193339
36601.4871461203
36607.1962277982
36541.6802067416
36552.263447312
36632.9689816223
36565.0922821783
36569.4928111526
36614.0123899128
36571.8058677154
36554.6820611464
36600.515029368
36612.5108304608
36532.9856309689
36624.4717822343
36549.4436118519
36579.202073423
36542.3902435042
36560.4687522719
36548.667921184
36558.1122332941
36579.920497809
36531.5410553982
36586.0445539174
36497.4966965283
36578.495953909
36637.3682281453
36575.1442773181
36603.5816623739
36553.5819396319
36566.8180826856
36591.7007074004
36587.7722479833
36605.5303278998
36535.7312139369
36608.1422008057
36570.0568221237
36536.6103011236
36587.4815727792
36580.4083161374
36654.3485464826
36626.2171425631
36586.9406881301
36601.3215960323
36536.6520941187
36659.2262526321
36590.6050939653
36547.7707656124
36624.3196068348
36565.2017055201
36576.2386182554
36602.8029136355
36594.9932596159
36669.5617003466
36558.2666296973
36576.4390586812
36646.1287708066
36580.6354551872
36553.0908395744
36564.8912122619
36564.0359994644
36547.1897752858
36562.0167621356
36517.9433521085
36605.6106863159
36566.7376127467
36561.2416207912
36595.7189997566
36571.5247788036
36619.9475206624
36580.7587187074
36587.2572380874
36569.5960234591
36604.5855211487
36593.3345739525
36587.5625950749
36504.2201938329
36621.5425812683
36622.0472830569
36516.2242579808
36569.444170502
36532.5941816718
36525.6544381468
36548.789829845
36636.4185389518
36541.2816159672
36559.1706924826
36597.5096552819
36575.9492705707
36580.0970198559
36561.3883632948
36632.807129751
36594.1119376688
36557.2010683655
36577.6709809113
36579.3664080611
36530.9536725025
36514.8710381745
36552.6941667993
36588.0522294621
36544.6132025459
36572.4345658972
36616.1666965766
36553.3454867872
36536.0735329291
36616.9037830859
36594.4009656306
36579.1858864322
36575.0923029067
36541.3378187319
36575.636899304
36570.7710125491
36548.9938488175
36601.1793259847
36566.8426226476
36570.6738190074
36570.8714663663
36589.4274523506
36542.9907699667
36610.5446324616
36635.3933515831
36621.6930573795
36622.4264557618
36612.6903185664
36577.4212909203
36552.5215641812
36550.5693668496
36608.4608018752
36654.6523474633
36591.0996857385
36539.6196639721
36516.48785298
36533.4303960241
36583.3803974615
36580.7720833313
36627.3757626507
36528.960730348
36607.1107722834
36570.9670472349
36583.4723984536
36606.527957244
36610.330793321
36539.7887112216
36594.4372325797
36547.7332723637
36639.4373551961
36590.4781082372
36534.5240838961
36619.3348010833
36509.7004665016
36580.8364869937
36511.0123722493
36570.9120097002
36564.5626349066
36560.7323603023
36562.4664386963
36676.2949951275
36549.7884277838
36563.2911617615
36608.2659142277
36613.0090527358
36602.7990641041
36580.3694576345
36514.5318069443
36562.2390413195
36573.1880596437
36573.0842402097
36605.0177914318
36598.8578093101
36569.8901428497
36524.6371483264
36597.056012381
36546.7787239582
36560.1505544497
36569.4072801795
36609.9553867144
36543.0555940084
36600.2692357316
36617.8208167143
36516.7924831407
36606.703261399
36581.5699056688
36598.7666095825
36585.1373784721
36587.0456043098
36573.6251675684
36544.0121999751
36545.54698577
36577.9645144854
36594.6882119267
36662.6806163369
36594.1242961443
36594.8944826679
36574.2164368116
36594.6295117732
36583.4165096979
36574.5965523696
36605.6265316482
36546.7394663174
36549.7415272213
36508.9416172636
36588.0872485243
36528.0247390285
36562.2851870679
36505.9985638567
36552.4357494923
36569.0739399284
36601.8747041529
36609.6883556802
36537.6920957097
36598.4590986855
36618.2781891667
36564.6265161549
36572.4551424498
36506.8853696509
36574.7214860172
36598.7621232155
36616.4548109372
36560.9167094631
36606.1174722666
36569.893582205
36562.762060768
36530.8712242823
36549.0498477
36611.372921697
36621.1280871106
36580.8083877012
36589.9624257688
36562.3637130958
36526.4330163284
36577.8176051504
36546.0248584099
36571.9821152396
36535.2345218378
36601.8284147473
36572.7557406496
36596.7658432216
36544.4154716661
36588.4040676915
36557.8546146886
36591.5236574716
36539.0568819337
36561.5604522636
36610.8192410822
36602.1311307561
36537.0978126637
36563.9800680816
36534.9707435879
36597.8378549953
36618.153972465
36586.9132101459
36567.9730013465
36533.688908179
36616.8120224196
36588.2719904593
36554.1546038605
36576.537543758
36566.6595089344
36526.2004676323
36528.7429387304
36586.998804248
36519.6665028833
36595.1538840565
36526.1413435608
36565.0718770491
36534.6025998625
36623.0062626767
36567.7254504077
36572.1446173328
36529.9630735781
36542.2683443565
36585.8269962515
36562.3440405173
36582.0343257556
36560.9142015594
36571.5086104074
36615.798129236
36570.4824461095
36567.5401783272
36588.689989463
36559.562121757
36605.8831265122
36547.361578385
36549.7587754828
36579.8403530411
36592.8415175711
36555.5685797429
36619.9003953031
36573.7361109747
36644.815433011
36570.7587253462
36617.6054880038
36630.2622071817
36612.6625281015
36565.2963437354
36549.1683889246
36606.1126079128
36504.180799205
36577.0771798948
36567.2796803627
36580.7259542266
36606.2616684225
36545.4476872044
36595.4137892491
36590.8756648763
36560.1518937012
36523.8135336354
36533.3426667886
36621.7986101273
36587.0043645173
36649.9105511472
36563.8962104223
36608.2316394805
36574.5536679267
36599.2622330163
36570.4315216071
36571.5526807294
36529.4179113048
36544.9711025227
36550.723044662
36545.1824798122
36570.6382349326
36594.3916536337
36543.6359714618
36636.9321810147
36559.0837394861
36577.5411519222
36573.1538061003
36501.2680822335
36621.7833861941
36587.6075333837
36607.4537478288
36592.8441610797
36595.6452249971
36564.8273749001
36537.081651145
36554.7620282738
36570.2065629708
36622.175544583
36557.5823407738
36589.3003826987
36518.0201952969
36559.6225712774
36589.2506659906
36577.2436244173
36580.6571560422
36617.9794080892
36615.8328147245
36527.9590593302
36593.5858519767
36579.856831744
36547.0698765514
36600.3208512542
36563.552364854
36616.8987977471
36519.5760120342
36598.907381258
36541.9246913829
36554.2528130696
36569.297155549
36598.2025404021
36610.3771761625
36546.5154906989
36624.7962835445
36627.7660083332
36567.7216164639
36616.3398742097
36620.7805449635
36609.8327810828
36605.3668102545
36612.6463169597
36595.5640325765
36603.5347492245
36558.0310009801
36599.2413570021
36553.540700354
36562.363600193
36553.340658001
36533.7420272601
36561.8378302558
36599.0144682865
36544.5118548218
36564.2689760351
36539.9135102892
36541.8728781867
36504.1243522517
36546.4375854355
36636.9260332745
36586.3874540753
36596.1964263029
36623.5363604915
36568.3970639067
36552.9532663085
36594.3340027472
36597.2663372035
36513.4277451665
36526.3604447944
36608.1231885007
36589.0936147203
36596.0661051529
36529.6925536367
36588.316426069
36491.9570059958
36592.6892380703
36612.6318096319
36586.1913873063
36603.2671338407
36642.5742201371
36559.3011242723
36556.3330586101
36562.2912983966
36604.1817370416
36622.2626972364
36610.6388626199
36595.5009114361
36601.1006976909
36554.2946491151
36554.4019454893
36577.1003502054
36568.0125591044
36623.8323792155
36515.0273147101
36578.1334244701
36551.5706044253
36559.9004486696
36480.0298726099
36547.7984835186
36509.2275287898
36592.9389730072
36612.5097375091
36547.5107251702
36576.7780256283
36587.8988983245
36564.0313968332
36621.032829446
36563.3634252764
36651.097651421
36582.2302405055
36531.8240984213
36572.7155220912
36565.0231902115
36530.0876397299
36555.2295396569
36568.5844903527
36556.2610497835
36605.692899952
36603.6491083038
36545.9999234474
36572.4535382535
36568.1530349935
36548.5087377965
36629.7284870605
36567.4513938706
36645.4288585301
36579.7001940062
36511.7426978868
36611.4331327048
36594.8038095443
36625.8807384479
36559.5290023125
36531.1192454998
36592.1561668595
36591.0120443358
36617.8308693509
36691.8250245852
36519.4179116749
36532.5473454372
36606.2820518522
36612.7364009776
36572.9712334992
36611.4825176294
36581.8309185988
36615.1691109299
36571.2085473096
36569.7980640005
36576.0086514508
36611.1427740505
36614.5242580477
36554.0646458727
36585.5969646748
36530.7663060031
36590.2471519156
36589.0670578275
36530.627088126
36544.7171934339
36539.0825233973
36592.7391454178
36599.0037449735
36600.838729275
36625.0202821281
36551.1537686005
36577.8029783698
36593.2915022513
36591.3561148682
36565.6167311223
36595.6476194347
36551.8675581465
36533.2486267573
36638.8641890415
36562.5698440792
36587.5365249726
36602.9718245834
36548.7051128935
36553.5738067429
36548.6889986324
36592.2408792578
36636.4710833416
36528.0663002266
36581.5336871275
36599.4394300872
36614.8734080882
36551.343680146
36600.3072493597
36543.3069810028
36537.4219101763
36560.381498495
36533.6206019808
36521.8743325831
36627.4420081973
36554.1765074142
36581.2280262801
36536.3472421293
36580.4334412336
36567.4617079566
36544.8166316449
36537.522324837
36569.89140384
36561.0182682957
36578.4216158386
36567.4947094222
36547.5381868421
36578.3039566345
36558.9768996216
36579.4610843558
36540.1365254827
36589.6719409694
36554.7803380012
36616.1167303418
36624.8210373762
36522.1982331863
36517.7439852087
36602.977450242
36630.6736914135
36533.4103457863
36562.2343165116
36542.5735366968
36537.5843589109
36599.9354774598
36602.3731306799
36574.5704109619
36573.7824702605
36628.4561400134
36549.4817926533
36634.6476380785
36550.0340545819
36600.2300474959
36613.2186652446
36605.4153884901
36531.0004220474
36581.6988199044
36545.1111526003
36561.2002607638
36583.9453085557
36590.7232475087
36631.2742276858
36541.775906412
36558.9309493509
36581.2249129641
36592.3350384706
36569.7255282422
36557.0570433588
36618.8147865082
36624.1098645119
36573.2939304181
36567.414628292
36601.0815993399
36584.0815144446
36555.6223502384
36508.2900358784
36587.5199438327
36572.2134663236
36623.9580957423
36573.7724790853
36684.2567727522
36534.668578109
36656.2535311287
36597.498265424
36601.6699298703
36589.3521311291
36558.0071665812
36579.2875093737
36567.3877158955
36598.0427061014
36627.0677661734
36582.8441410281
36618.6555864778
36596.689269909
36557.3744053135
36581.73351289
36595.2157775818
36504.7315857826
36547.4114164534
36585.7195210281
36594.4600141792
36592.5621408933
36636.213520209
36537.7383331121
36577.9943861179
36638.6917411133
36598.295077789
36615.1021912939
36596.4045288839
36599.3554774541
36593.398415738
36583.4362107458
36611.9650255364
36603.5607013401
36587.3742834878
36520.9708785481
36564.5219472799
36603.7463824977
36573.8511814465
36652.6660777351
36575.9508242049
36497.4101855843
36582.2753353894
36609.4910278008
36575.0359229602
36602.1855667608
36643.006072953
36632.3017109222
36542.6976811743
36576.4359504637
36564.5563196775
36665.9278669486
36558.1062430117
36579.6301453721
36607.6868085092
36620.0065513022
36599.4580022585
36610.0354696964
36613.1929697897
36610.9056953169
36579.6833337294
36539.380247944
36555.8375708988
36618.2145184086
36558.5594003283
36538.3547661827
36564.0727791502
36538.3882264138
36581.1272157525
36582.6913362012
36562.2191401687
36588.9563956271
36601.0263313956
36524.1273793459
36558.5234974445
36569.1076307846
36545.8869935405
36574.9960978373
36625.2718571824
36516.5422832146
36548.8784509018
36566.3007526474
36559.968487766
36579.6003784505
36618.4896045942
36622.9036959132
36535.9940351906
36619.1255304183
36647.9511171707
36535.4082174604
36580.096359112
36581.6234039003
36628.3489451843
36554.8717240869
36531.6379749062
36502.1482997506
36520.9041851811
36563.8089062273
36623.5241112771
36562.9791147222
36508.9265212813
36544.0598712245
36540.2541867089
36583.6769640826
36630.6228014987
36641.9788560678
36529.6265056921
36559.9532890735
36541.4525564228
36572.0381076484
36534.2725492913
36559.215027457
36559.9739699777
36580.3205438572
36605.7375963661
36637.0296730279
36536.4138450146
36533.707931088
36570.9695507573
36633.0621444223
36582.1057822939
36536.7346343422
36542.8946587886
36630.1609542694
36613.0849947081
36608.0417729664
36554.1731113519
36619.8248671802
36599.8225366646
36597.4063534285
36572.227508976
36571.2602710688
36554.5240042515
36573.7673354322
36550.0716990678
36566.6224988285
36567.4242297345
36551.4353943117
36572.4204471409
36525.9621782952
36590.7500639267
36643.9796776672
36603.3146427014
36577.4478888703
36643.0127746561
36511.0901754841
36609.7525162501
36576.8899474607
36589.2907977388
36570.0571167298
36544.1723656468
36575.3831368658
36615.6043362447
36587.103731854
36563.461112827
36552.1030773346
36565.3539085099
36586.6103540539
36622.811812844
36573.8755309197
36565.675134978
36584.8101696794
36577.3639665501
36578.050497872
36537.8750723486
36571.6707304523
36597.2145296621
36560.6776038444
36574.8186514785
36519.6345246637
36580.0047075936
36619.3780827837
36532.5019435788
36580.2795068234
36556.0378478578
36566.9557640373
36558.1312912518
36570.7667113007
36593.1020485991
36576.7197315141
36540.7613900421
36613.9896230667
36584.3654262963
36621.9093987346
36530.4947217146
36563.6650077767
36574.9484426094
36545.0735512644
36574.7016643364
36590.8256097839
36556.7041307991
36595.1326737698
36597.6773357523
36556.0793983012
36497.0819510163
36558.7875085823
36579.9310815035
36586.0999300944
36604.8444551496
36588.7043948592
36588.1096609846
36558.5742871816
36576.4512876321
36564.8094799896
36568.5892197515
36559.1671276616
36559.6944814788
36537.1889293133
36587.8542675316
36521.1599387898
36563.1662024614
36563.8766353036
36580.3079141385
36603.1093642082
36544.4000315479
36591.4444084243
36685.4985724615
36565.1494953853
36614.0753190856
36531.43370344
36591.7913313516
36611.0847859776
36563.6406770277
36577.7091904289
36572.9923125027
36577.0726686692
36572.4526423555
36567.906708305
36599.3921356476
36579.4273755462
36602.4790735447
36553.3604942419
36558.6629718155
36587.9711848953
36601.4707233581
36558.5110925403
36578.2024535963
36570.0051279306
36550.1268205398
36573.0392114938
36599.2053034803
36601.3551373389
36588.077670952
36555.9502250557
36565.6254954146
36533.0968161991
36581.2284588153
36593.732298138
36525.6058828453
36534.5165955862
36581.9141215226
36633.9375626476
36642.0922013047
36570.689368535
36582.7299716861
36596.8772940668
36589.5639713044
36594.3710063734
36584.0519860549
36578.3979909657
36590.5521800829
36558.8999083341
36574.4564476163
36597.0937447285
36511.816238344
36580.6130907128
36644.6546548951
36606.0700562997
36585.7808844228
36573.4562331424
36561.9473148381
36574.600551495
36528.247187866
36639.9591103575
36560.0177242458
36599.1747684172
36568.547876779
36525.7688490197
36581.1115478372
36590.8013445829
36507.126702282
36558.5738298063
36558.8519807484
36519.9631483616
36619.2629076934
36545.1308724409
36546.5086104945
36556.6093946832
36588.8189632522
36581.3581848249
36566.4999067883
36559.0854030168
36537.8336959731
36647.08778436
36566.8653730826
36537.7237533896
36628.115952801
36615.3733329045
36534.4171137559
36605.0589739558
36593.1437701635
36557.4616289052
36589.2139567779
36601.1568606435
36628.3630552185
36597.432094783
36599.549852921
36581.6251760572
36539.548100209
36641.9032920956
36629.7226643149
36599.6437405734
36525.1790477503
36530.5670449012
36579.6593143253
36593.2002649793
36573.2575108639
36552.774950179
36632.0341896961
36540.8551183414
36594.9116172732
36569.7040485425
36590.1329336199
36562.8901973006
36611.4416147614
36599.2438203664
36647.9565282111
36587.7453892352
36511.3317330124
36621.642615493
36579.1249064496
36565.2835359307
36533.8249257135
36537.5694035606
36584.7742400072
36656.9439420616
36588.1475173597
36582.4038617572
36512.782639666
36584.2951876324
36604.1502013058
36600.2468845611
36579.2414276979
36585.2037451323
36535.1035467695
36539.6786560986
36500.9550900755
36563.2316673894
36604.7325419335
36623.9484865706
36588.4134084065
36586.5690875679
36633.7030470493
36522.5298869782
36555.7543811872
36560.3953288349
36551.3860840834
36615.7877031036
36603.5741757518
36549.6531474915
36572.9767399182
36545.4663158034
36636.8844165397
36554.7503809532
36591.3224070513
36589.8004080376
36573.4285888935
36553.1711438935
36569.3156702382
36582.9323245128
36569.7754081562
36581.8577810061
36602.97924979
36535.2091918593
36573.4069551911
36576.6361073444
36595.5475303486
36575.780322773
36542.0626988368
36582.5188439149
36576.425649944
36639.693357408
36610.8716941485
36544.9766549999
36567.0227068889
36591.3013821095
36613.4721192164
36526.4762582318
36575.769383277
36577.6275958817
36578.0248046858
36554.6130238289
36655.2379796552
36609.440235513
