36527.5307642312
36533.1810187036
36526.7435526866
36536.0393643136
36530.9900045454
36541.34335039
36540.7825146971
36572.901534286
36580.6002801191
36556.2032757314
36529.7709138476
36538.61545996
36523.4256395747
36534.0406476921
36528.3163876366
36541.2099922871
36528.4860794373
36540.7334693664
36525.583691571
36552.9407869517
36529.3170993328
36539.3601989845
36532.4911291805
36532.6128915806
36552.5359722938
36527.7755082265
36534.5099722485
36545.5085027779
36528.0028446069
36543.1848467467
36519.67321156
36516.486926632
36557.797045409
36533.4376001766
36597.2384998327
36554.9666483183
36529.1340634323
36570.8118325613
36551.4655348864
36541.6522958029
36538.2812186449
36565.5946293241
36547.584058006
36539.8693697147
36541.4999809805
36530.5171924404
36536.763248528
36532.5155172299
36539.9520797885
36534.8778375576
36529.587073448
36541.192620214
36536.0711970218
36549.9267051746
36537.6967007275
36520.1349377015
36531.6127486796
36560.4970451848
36534.032205099
36548.3606352559
36540.3239174133
36543.7296415555
36541.9208105845
36533.6292626568
36539.4525357095
36546.9359376618
36528.6991379463
36553.4171921899
36570.8005282067
36525.4710373011
36572.9393172576
36522.9853708628
36557.5249129417
36523.607681767
36536.0379615167
36547.5114952291
36531.4009240201
36539.1157858169
36541.8220090501
36548.4888008368
36532.308942971
36519.7276307718
36529.9795410214
36542.7914941676
36539.7819440662
36537.9303367282
36526.9773022124
36550.0751036074
36526.773970902
36523.4073108413
36522.8504791968
36533.1308253025
36539.531113325
36548.1248487835
36523.6386120957
36549.0832934004
36520.9031752582
36540.4657590553
36536.5067389138
36550.1561617924
36535.1580226695
36574.0650009427
36536.9920483797
36524.7790518015
36533.7273790803
36540.0119985012
36537.8815901848
36532.3092236808
36527.5052007288
36537.9606421976
36532.009079403
36543.7516867682
36527.8867520509
36538.3860120562
36527.965129472
36527.3981549795
36555.8383003478
36517.1191852059
36532.0121411869
36526.1732222097
36544.1609839392
36545.586471512
36519.90326847
36534.1634048386
36539.1394345469
36549.4556944383
36521.2981440574
36540.4724140244
36529.502881612
36526.4836628458
36535.1696391933
36525.2643491011
36524.9445905778
36538.340299443
36531.3525548838
36526.4024961064
36524.3526894258
36536.3683977445
36560.7943601108
36533.4714283807
36523.6007640879
36562.6643007683
36537.5010145678
36536.2532807136
36526.6337301109
36519.7498626246
36574.5321360868
36531.431051191
36530.4889712661
36563.3470504711
36549.4805887245
36532.5939166447
36537.6040586633
36522.6164420613
36529.8471485781
36527.8618726056
36578.0475798303
36543.751805175
36532.5920474092
36529.3241854212
36528.0703805789
36522.3791214842
36535.6183824695
36567.4613065974
36528.5978641757
36527.0629220423
36527.0914882701
36538.4945673613
36563.8337210283
36539.9476344488
36543.3444495959
36537.4887712176
36531.3709224751
36534.3158680515
36514.2702236999
36519.8593344596
36531.3110766061
36538.1722337386
36571.1237070102
36529.0050606239
36546.2464748645
36526.8664361244
36526.1893708918
36538.6477501259
36531.8861939805
36539.5920976349
36528.1662022394
36532.633774232
36520.3089282279
36533.6148404596
36536.9223073581
36546.1744179525
36537.7789717513
36528.5032417115
36543.1662635618
36543.3458563193
36550.5647844925
36540.4181279492
36548.7996909979
36530.8584393841
36525.8627706354
36537.7203335664
36523.2512927329
36565.7202102957
36542.955911617
36547.6428561161
36544.6369114217
36554.2747156229
36541.433032702
36547.1007272092
36532.670622086
36514.9973899901
36531.2298084039
36534.686948138
36555.5506706699
36543.6129782279
36520.1886813355
36529.8755229982
36535.3474187902
36531.4408779699
36541.3279935656
36532.4411770175
36533.1101360447
36531.573972792
36536.5535735055
36553.0431566407
36537.7012539228
36568.3662430445
36553.6262758115
36532.2552496035
36526.345283225
36533.2502723086
36538.4053295645
36519.1439737055
36515.9454921508
36533.6602220926
36528.8860585434
36539.1456646143
36540.6085405102
36568.3785251051
36547.2443083564
36524.1623556133
36565.2409906992
36526.14521868
36534.9881094116
36527.522011537
36572.6583381476
36548.1825097869
36536.2942042194
36542.4367493203
36561.6118974973
36553.1427680479
36547.3388729759
36529.9200106262
36549.1013893812
36547.7663354591
36525.4435696405
36583.690993263
36521.7184034126
36531.9045961458
36535.5075746891
36539.1636900433
36576.3583993557
36570.6595321194
36528.9778844569
36539.3785353724
36537.602307835
36543.1246820073
36527.5268504853
36529.836803954
36528.0848811855
36531.7411285057
36550.5247408236
36540.2859703959
36533.1135848654
36531.3151457575
36523.6029714519
36538.1399706636
36519.651885618
36539.1830806249
36530.612186168
36550.4704527867
36560.6784609851
36540.2144103683
36576.0933441688
36540.1408739643
36515.2740097697
36577.8853304814
36520.6373060176
36545.8741320995
36534.3868734937
36543.8881046908
36551.0924750088
36521.0539298251
36554.8713626812
36520.7240838262
36535.2939742769
36559.5894845092
36542.6281772343
36563.7363088034
36530.2832329009
36529.0366977975
36542.1241336246
36520.1271204696
36532.1205884033
36545.8868195422
36562.1388395704
36529.806823438
36538.5910272189
36540.2470115107
36567.6576770419
36564.7688807566
36533.1923716566
36531.1066553093
36535.2354372954
36532.0183114365
36548.3663455531
36531.7043127627
36526.6349224263
36527.5806899913
36532.7526059489
36513.9047160502
36594.5425619829
36526.4230856315
36535.6566280655
36528.6933659587
36547.0158976808
36530.8238461416
36564.6478020892
36537.3755147094
36565.8694789209
36527.9517369471
36522.6080649034
36520.7743173749
36559.4123019871
36522.615453325
36565.0894398222
36579.1125728465
36522.9462022913
36534.3010360342
36535.5088965808
36538.8210325757
36527.1680623501
36525.9525050031
36540.222898059
36536.9206072214
36553.098429636
36551.3662339753
36527.1892182951
36534.5752788477
36540.882992744
36528.9951797587
36544.3975624114
36517.5545372902
36542.1933914481
36534.1790475777
36535.6072998407
36558.0465437745
36550.6998067132
36535.8574595974
36526.2936844727
36548.2748126782
36567.7568568084
36535.375392054
36531.9453296117
36533.3932126324
36529.6814716689
36524.7774077054
36545.6844816736
36520.1392468074
36530.4530926242
36547.0681540542
36528.0620994771
36532.1878918024
36529.4553930014
36542.9894878849
36528.9064640723
36535.7993257576
36525.0726904854
36555.9635959957
36555.6027893654
36530.8232647037
36573.9593323107
36567.4305728292
36526.9124312482
36537.9983278169
36525.7443014127
36551.3448831969
36526.1448757362
36552.3836353312
36532.5363801659
36568.2054561883
36538.7716936703
36540.2356256791
36578.6207825347
36526.8124063067
36529.9965105116
36563.687341305
36535.1483900982
36520.7247483427
36549.5855568609
36527.5394404415
36548.3806072828
36532.0605519474
36532.8590308123
36542.400924877
36552.9524396559
36545.6605702422
36529.8530811368
36554.1691221644
36531.4727129805
36524.8504559405
36521.5974125638
36558.4285907972
36587.5525551397
36531.2449015685
36533.5804967862
36530.4252038299
36538.449012692
36542.6547066628
36570.5654326594
36551.8052729787
36543.4287451503
36548.660207322
36535.875138936
36535.4937831762
36539.1823282093
36532.5647343472
36536.3180241379
36547.4447103394
36553.3755651975
36513.3438769245
36546.6980577169
36529.2823834757
36537.618387575
36524.3610144584
36530.0285638644
36547.9310570056
36543.1481651281
36546.7864123691
36528.6250955955
36557.5042174864
36539.7691664977
36565.7601515089
36526.8259579012
36533.0970771842
36530.3820243798
36573.3938452034
36535.682965614
36525.0018951872
36547.9948862381
36526.9807850762
36543.5758185244
36530.774962473
36536.6269665597
36523.9283324869
36540.6632760665
36579.5587821148
36521.0906305116
36536.6287945484
36534.6096799724
36542.8890104989
36523.3938160518
36537.400978718
36542.0578277507
36525.5364318715
36516.8645272652
36549.2279791966
36536.536364407
36536.2101711096
36544.5369265407
36533.8567526075
36533.2952969666
36538.1706534597
36525.7357666021
36538.7608062821
36542.8418945677
36534.2862753232
36524.4099346402
36534.5727976525
36521.9638639908
36525.3276087041
36522.1473193058
36538.3206065116
36531.2575850645
36533.3302800816
36529.1818286386
36540.1701628301
36580.2490816087
36534.5847366065
36526.5085180404
36532.3312355264
36533.09543454
36542.2150146237
36547.3558581607
36533.405930796
36528.6364637993
36556.1352523085
36515.8684543032
36516.7185965813
36544.4833233461
36578.2113116646
36541.9794372251
36546.781959544
36520.2273340542
36536.2234515768
36536.8005424882
36532.9766978168
36536.5280249593
36531.7187542895
36555.6216823419
36524.0269067472
36526.2406920829
36549.6393210614
36520.0427684728
36524.1086838108
36532.9915405283
36564.3688764233
36529.5778621405
36532.5014866493
36538.1446132229
36523.2110952145
36521.6748366048
36556.1455566043
36517.029803523
36548.1275663526
36531.1401952626
36539.5971728663
36516.622836248
36542.0835386609
36530.57556337
36546.1345110717
36544.6408573805
36539.3136754308
36535.9268259535
36537.5786821069
36542.052313422
36575.7509352044
36540.2198521453
36522.887037595
36546.7044705843
36532.1645397732
36544.9515790939
36545.12459963
36534.3596842011
36537.3929084551
36525.8553699701
36534.0091982079
36527.5635153023
36567.3382975104
36530.0755061499
36529.3894909863
36520.1895111753
36529.7929612671
36528.7804126644
36549.3890061582
36537.7480767356
36550.802968304
36564.1642117991
36535.2609746784
36528.4590477939
36530.1501823452
36539.4100349216
36546.227251743
36530.0703709443
36518.7552426692
36529.2603838979
36587.0630219348
36522.4580248891
36557.1074444568
36509.3738350127
36538.092079704
36532.9127970588
36571.5364831946
36533.646395117
36520.8706686096
36532.4654154304
36531.8796212427
36543.1023566613
36509.7030518706
36530.0113495237
36537.2154402554
36569.7394383409
36509.8280017422
36526.0158800093
36529.5714214009
36580.4707882313
36528.5596220572
36549.1794897116
36554.2871186194
36549.2795891397
36531.1523531727
36553.9988138649
36522.474123452
36528.2704592022
36537.2447425557
36570.003951646
36520.7209818132
36539.5911201818
36535.5004390888
36540.1284824205
36526.9423905074
36563.0031666318
36571.6120946028
36529.8615112838
36537.0119206159
36526.3527941058
36539.5480842328
36576.0066013109
36540.2939772887
36568.0066897428
36536.0365216614
36531.3835249968
36536.6967979028
36532.8947394033
36532.5852602532
36539.9793779968
36525.9068090041
36548.5388904535
36542.4956182401
36523.9803352321
36538.7028044388
36532.1237452674
36570.1659644329
36572.0563102709
36537.2276230278
36526.9266809009
36539.9606700806
36532.0517938167
36544.7085302854
36546.9676324476
36526.3809367519
36550.1797804094
36541.7667943798
36529.6599324625
36535.0097824196
36511.3839406336
36557.6464769112
36540.7679591803
36537.4094715777
36557.7285361973
36580.5240238229
36527.0857160397
36529.5739122886
36541.129361988
36521.0063628725
36526.3561442515
36526.225386099
36525.185182236
36545.3877785156
36559.7456009709
36532.0814913412
36539.9269101306
36521.6719070685
36533.4215416681
36529.9467706334
36519.2243372019
36532.4846880473
36531.0351068451
36533.0570237478
36522.0639889437
36544.4731955912
36523.0449890688
36526.6418601902
36551.2132121932
36515.0728188052
36549.5736842468
36565.6103007115
36570.3437379501
36526.1763213099
36527.8332149709
36534.0075369051
36537.747606615
36527.4273627067
36528.5309248664
36553.5257802184
36537.8134454834
36532.9568794658
36529.1832972573
36573.1383997202
36527.2475381152
36533.9892085065
36541.4605521422
36540.6586577924
36563.6767325107
36539.0355140613
36544.0361442738
36534.7747518563
36538.3662291085
36527.1161997856
36539.7783594409
36544.2052634092
36537.2682635804
36538.6208687214
36550.1804045621
36543.4646574187
36537.5302927312
36534.179639821
36553.3928469828
36533.3150189653
36533.7607807076
36538.146351493
36527.283490233
36524.5395575833
36526.7411215116
36538.4662740291
36532.7869225885
36526.4731027512
36527.8516155632
36563.8706747601
36524.1018964378
36542.2583290568
36531.4367647086
36539.1187648682
36534.0876007601
36531.6688180541
36536.1058413265
36528.4149411853
36532.8000591759
36537.6711814671
36538.6391765601
36531.6522213823
36525.4638578686
36536.8247814994
36531.6258903662
36543.5169433957
36534.2736875904
36521.8474727513
36531.8380421425
36538.5406530366
36536.3363358203
36542.8334239739
36519.703048418
36560.4795940042
36532.3886414434
36530.384329957
36525.6006077539
36528.9942223442
36559.5261988299
36552.9744799095
36525.9107776332
36530.2682875104
36540.578216924
36567.0978550588
36537.1087067862
36556.8088801407
36530.6860482429
36530.5162774826
36520.8238253602
36515.4041012439
36525.1451059188
36545.8456260575
36543.2607524159
36535.191478984
36536.1758835315
36599.1972228914
36533.8883110173
36530.368633347
36538.5963513931
36551.9570961004
36534.6042845245
36550.4499863323
36551.4554474756
36543.1652100263
36530.8670870133
36530.689464881
36532.9004300332
36531.6031628677
36544.8064975038
36531.02367391
36534.7928895133
36530.2810530265
36529.0970082514
36534.2038868293
36527.1840425579
36532.9250263912
36527.7274636811
36532.1256486318
36559.8322340514
36524.7138316765
36535.266146182
36563.558643535
36537.1501972862
36550.4921023138
36527.4185356688
36559.505790145
36528.5546143477
36534.7775174915
36515.5582570344
36530.5117879393
36520.7592223372
36550.662281996
36537.3980995014
36533.2664349006
36523.9297426081
36544.8037298016
36535.3597965337
36536.538534088
36536.4194379429
36534.7214940463
36540.6867149309
36577.0175014546
36533.0869340129
36545.6983436944
36545.3392791388
36533.7137018485
36533.0981470204
36510.1699059939
36537.5142136658
36542.8369951588
36532.024346017
36520.713838999
36539.6602621471
36514.3753598705
36525.4730290858
36527.2783294771
36529.7773553148
36518.2812020231
36530.1625780177
36529.0951525338
36534.2758903297
36548.4865832116
36529.881334199
36538.2569863456
36529.0892815636
36552.4240298871
36514.9024643692
36542.695364497
36531.930970109
36547.6211665159
36572.9880230328
36523.417557507
36523.532108376
36522.8501669332
36543.0913614648
36534.2164782163
36527.5359939904
36543.8427253458
36532.6255990981
36525.4574626564
36519.0037405096
36560.1512000409
36536.9356994488
36532.7304560409
36539.2985391192
36522.4944171399
36536.0943525921
36544.773803159
36532.8771466015
36537.5364424713
36520.2850751173
36533.6763393156
36531.3286475945
36529.4054177212
36530.6540134965
36541.9812520782
36535.5040444743
36545.9685615279
36534.8173087001
36537.8853209414
36533.1634145748
36528.3037510387
36539.5840143257
36518.1152740334
36542.8924080893
36534.4447595813
36527.9013415405
36536.5168511515
36538.1305710732
36537.2980420791
36538.7227263404
36534.314751163
36535.8857929648
36537.7312306998
36518.207501343
36534.8803165671
36551.9634287921
36528.1568586405
36536.5378767762
36535.4345340698
36557.2572222317
36520.701161038
36565.6608595694
36526.0420424031
36519.1408374606
36527.1736768273
36540.1865778864
36548.0524694429
36543.5484819395
36547.3489879922
36542.1058956714
36536.8409333493
36540.1502790839
36524.1756011295
36553.8468924578
36543.8511734671
36549.0207458736
36529.7400370448
36542.5299659148
36535.7685047268
36526.9736218725
36532.2114161572
36537.136234882
36540.4452810447
36537.2065965367
36529.315086144
36524.5637917942
36535.6800118641
36520.5503187599
36542.0560771968
36532.0583411356
36532.9758363455
36541.5054532419
36532.6658232437
36548.496741366
36542.7646783048
36519.8808041258
36522.4828224549
36540.7114370191
36542.3938454318
36541.4586853757
36553.7743437282
36540.952894173
36526.7893970998
36536.2395658486
36541.3399929926
36538.464409673
36544.7509741464
36534.9201426636
36535.3236365103
36552.7996666315
36528.8011861409
36528.8628724772
36535.7558203162
36530.9982000033
36532.4075355384
36541.5058272785
36528.533788635
36536.99372896
36549.9112479515
36557.9526583946
36538.9113144581
36537.5898203326
36554.8437544621
36545.1794976441
36531.7809941233
36539.147923623
36591.7551808966
36547.8129176104
36527.9947424333
36563.9629369904
36569.0954589214
36538.6162794131
36538.6618728846
36539.5972017265
36517.5649629918
36537.6240807837
36544.2263681147
36546.0943915405
36535.2607497064
36541.2981607647
36520.0854044161
36525.7542507651
36534.3811579391
36546.8913874275
36541.0963359106
36530.2137941333
36530.4773304024
36542.876697061
36526.7130074554
36529.4540325108
36531.4589567786
36542.2115937084
36524.4711223921
36520.7697642165
36526.8674751805
36518.899614976
36527.5633538219
36538.980922276
36527.1674281604
36515.556738237
36547.6763751427
36564.6665839747
36542.2777075783
36528.0606177985
36580.0427126648
36544.0825725929
36553.6211387429
36536.9890475704
36530.6700211358
36526.7734408048
36555.9089108766
36533.0672906393
36538.597882808
36527.2755898597
36537.4627689551
36536.4632706778
36545.8374739022
36557.3841405562
36536.3362236733
