36576.2067011184
36677.4623992138
36597.5876971531
36595.5742939754
36581.5580676195
36575.8305499888
36607.7362774494
36568.3481175853
36567.9746546662
36649.7893188686
36666.5350682306
36511.3600470062
36650.42791967
36618.3958073012
36596.9858156461
36595.054385188
36621.8982200502
36619.7456860667
36565.8179292858
36597.4499253392
36607.1354481425
36541.3224129376
36565.5816048822
36578.3338260197
36612.645684161
36584.8381613506
36552.5434997934
36613.9510293369
36614.6627721836
36576.7731542591
36562.5913032201
36625.4381599967
36585.7472166588
36541.0619320518
36645.184742925
36662.8819247778
36631.1145324831
36525.5864100677
36570.5122605864
36541.2576715584
36561.20126352
36583.512855464
36555.1942852288
36574.6388854669
36612.3824822626
36652.5793974163
36596.902656631
36549.8390363977
36584.2262621295
36581.6362960384
36622.8099892602
36588.744802073
36567.5551498823
36613.513407967
36653.8656164989
36596.6718168232
36613.460729329
36586.1168862301
36632.1868132609
36557.3305141359
36505.8663635411
36540.329734961
36574.1323153022
36635.4807982619
36572.3392263226
36627.617410466
36583.9142859232
36586.2224564351
36636.7707968065
36638.831909732
36640.0171942692
36572.2968896554
36569.8389011501
36580.6529636333
36552.4179168057
36627.0118216259
36601.9275419098
36641.6123759204
36650.620979105
36599.1513299816
36623.9015363227
36543.5345736579
36602.9195002239
36614.9119324729
36571.8325935659
36595.3467944062
36563.3364035394
36529.6397865384
36572.081639479
36568.2406789422
36665.9614382299
36687.9794554407
36631.9876139221
36557.8730042171
36606.0216503721
36657.6248335278
36644.3475925796
36535.647177801
36630.9762744293
36601.0281229496
36671.2349920502
36614.8845548199
36641.2814547446
36639.4057291758
36595.5414294177
36601.5968019388
36633.0386047703
36632.997440413
36595.0478954059
36633.2958530808
36557.3450567748
36609.7346468539
36700.1102770443
36609.3874546471
36621.8559878521
36554.3613626753
36569.9209883369
36555.5598263523
36575.4339966883
36590.4926457773
36611.8118800921
36589.990093264
36614.3368188418
36589.3990511014
36739.2249260435
36601.3269430867
36625.7038197882
36662.0301361497
36635.3092440701
36647.1138239894
36661.9617133989
36616.1549394873
36552.3122950769
36614.1318305138
36611.4446496765
36642.702180659
36553.9360889408
36647.7855887044
36641.4753482096
36639.0511048043
36599.7604726901
36611.4143865818
36603.3004131039
36607.8475469272
36587.7041859488
36629.0912491953
36601.1564778952
36596.4476121619
36612.998038261
36609.4767675912
36539.0712156717
36663.6273897832
36580.5997631509
36593.2595308069
36670.1856496187
36536.2011448155
36587.3731482042
36587.9939012649
36569.4325424618
36590.3732265789
36592.3495699788
36534.4186957957
36622.1662548365
36561.4103599816
36528.0479521684
36593.3073565739
36616.3406711147
36591.4283557067
36582.8116401251
36485.3740655401
36637.2992538477
36614.5796858306
36654.6212475511
36646.3033206763
36541.7551311227
36569.1738746375
36581.5591423104
36598.8254459668
36549.1392237753
36554.7374923578
36632.7976333248
36589.2697107931
36713.2981212566
36588.8137405808
36635.7059058498
36594.0062055662
36645.6841459552
36591.9683444817
36562.8228712048
36590.8441606531
36545.4653200736
36546.9989842757
36619.3048992901
36615.9230600424
36591.7961943696
36569.4374546214
36624.3493658142
36557.4844659539
36626.9626243955
36570.4743988143
36587.8194498838
36655.3785378184
36598.4653504575
36551.9192816216
36574.9808431459
36558.0466561051
36660.4345181749
36528.7445963412
36587.3174282992
36679.4340699946
36585.2398218876
36632.1466258666
36691.2748212723
36552.4990031889
36655.1961989591
36596.1854470744
36630.2237695312
36598.724711151
36573.7709061993
36614.3720101813
36645.9878791174
36597.9616332124
36582.4411224682
36538.5589887415
36543.1785461511
36576.3375419624
36590.2489460944
36583.0123283498
36620.0018805497
36544.8011846215
36588.2354773836
36629.5463806715
36579.0097964215
36572.3048985914
36655.978799426
36554.1567515277
36630.0430661503
36573.6536726674
36583.6453029638
36653.664923291
36660.2551886983
36650.7369817741
36564.1838007687
36543.1153599445
36614.7769668749
36654.6767605073
36596.5150397899
36586.1661419525
36602.1427076734
36518.3859163228
36516.9069375265
36660.9923112622
36620.6432137596
36625.9318029714
36572.2665289859
36558.6415816565
36570.514520284
36547.5698524019
36632.8720017237
36523.7690060452
36570.3579821156
36633.4193718552
36645.3282687884
36493.9973335225
36615.4949921785
36601.5343176845
36659.2975793684
36643.2180545962
36628.0658743911
36618.1052844678
36550.964719625
36569.6118950406
36586.1828803948
36603.2288792298
36632.501457044
36619.4320664612
36571.6566629159
36570.4851117251
36556.847318471
36612.1315447823
36611.3161721789
36576.7339606536
36608.225490475
36609.5845672631
36638.5119298077
36585.3508557444
36616.9714621134
36606.6821021057
36549.0345603077
36547.6006955562
36670.7266106901
36602.6609872456
36528.1270012091
36574.5236333986
36581.7937405358
36613.4377996119
36638.0710600335
36568.2409701347
36663.1100795772
36598.9899291952
36656.8977341978
36625.1429967645
36584.7729507353
36638.9858720634
36566.2468821542
36557.4570208514
36566.7083582016
36622.9577697791
36643.9815027169
36603.0167055528
36628.6776214081
36606.8390972541
36621.451515349
36626.7988345169
36660.2998216546
36579.3669802494
36633.0427747408
36624.8094015156
36631.0306465796
36613.6059237069
36688.2783521236
36553.2623950362
36633.8470098628
36616.2153101443
36545.2794763351
36624.6670130895
36675.378261171
36584.0245665394
36624.1843860908
36627.05933605
36571.7437476815
36642.4581004971
36650.9105879557
36600.8927040467
36513.7626280915
36611.0738909916
36601.5144986164
36531.6249088934
36603.1261106792
36561.9235183978
36613.7080005857
36687.2092867954
36582.2543354748
36563.0010022706
36572.9786596095
36652.404996236
36604.7905978103
36598.2993088913
36624.5322286208
36639.125631682
36596.132283861
36619.4429430623
36622.0760372598
36530.4612734416
36599.2977025859
36628.9695588611
36556.7101061288
36610.3681157082
36590.7679719829
36619.1663737042
36608.3455492827
36594.4417087845
36634.3265120102
36589.3510571755
36621.0010325084
36562.1472114499
36594.4664142634
36681.3680699033
36603.7666299051
36680.445891171
36626.5721726852
36599.3942583528
36618.8887962091
36551.5290084179
36686.7855111793
36544.7232188923
36603.6895903554
36653.4977399045
36566.77840244
36621.0675627929
36541.7511400871
36566.7775708048
36608.1438758347
36614.5343537237
36602.4723497807
36615.7544755325
36537.1216229742
36638.0448199671
36649.5745567163
36606.8031769662
36576.7247473793
36594.3320239155
36539.7601406357
36562.6554771844
36680.0258123614
36533.1621790147
36617.1504948639
36573.9389546548
36613.4516691958
36601.2324726259
36599.7007509168
36543.9094712617
36613.2261538248
36563.2144895508
36544.2921186544
36535.8252719878
36557.6942236572
36608.7727803713
36615.8736240484
36638.688940289
36559.9074492222
36582.0151801184
36623.169295217
36610.3129826378
36573.0784016498
36591.1326381067
36583.9617556998
36666.1090356916
36585.4341871928
36613.81924085
36628.6726756867
36571.0272684983
36603.1326166977
36600.1224694189
36610.8580650967
36536.2393563681
36577.2958243789
36554.4267006092
36650.0210279311
36583.6814455902
36628.5168138745
36554.2912644719
36606.077964799
36700.2509807449
36612.3005054502
36612.6830958172
36558.4146408909
36587.4145269137
36559.8574952468
36618.4614887251
36588.7647242872
36545.8294956427
36659.0466143393
36637.9178831457
36559.040164786
36606.783577254
36625.8415574913
36593.8124302634
36653.7216405846
36586.0853829732
36545.3659826883
36499.0972266753
36605.1988503816
36662.5348410319
36579.0388173435
36631.6667961338
36580.7908769242
36572.1150743625
36641.9082760254
36609.6189578662
36639.0971356879
36575.6236839337
36540.8876894562
36632.5360586586
36583.6791254264
36512.00792251
36559.346444856
36614.2571979218
36593.7308032894
36600.663066207
36549.9038519101
36557.5074862767
36575.5582668863
36579.9521386287
36665.4883408967
36634.9543314923
36633.1873476717
36573.7686425879
36575.9571823889
36576.3044956214
36635.7508629701
36566.8726245984
36622.9882380204
36547.2416911834
36578.6080301357
36607.9547682999
36518.0980544995
36638.1259180801
36637.208838936
36618.7076285359
36620.1387995545
36596.4713036973
36576.4849235026
36591.2100743038
36594.8234072778
36630.2274056354
36635.7171590077
36584.2682641362
36595.0567726639
36668.8453381061
36596.1800841001
36587.8266894881
36613.1296446105
36565.6276953619
36576.7322081456
36551.1497982442
36610.8514541275
36679.2063767061
36531.7672195177
36604.0305549539
36567.7568710864
36601.294859271
36593.566032413
36633.4706916425
36553.3545695628
36571.688935829
36552.2928145979
36621.8403485435
36580.2621531296
36573.163296208
36703.3682699929
36641.5961016935
36569.2087279051
36563.8081827261
36586.5180332682
36590.6023829156
36569.6187512714
36663.3076789953
36524.9991083997
36626.8136355532
36603.0842424526
36700.4116346531
36527.1119248237
36585.1181322644
36598.9029997889
36619.7270351588
36637.7324878635
36564.4187345527
36682.0156892304
36587.3945003001
36670.1908294298
36686.1262286235
36610.1385779363
36584.2206502272
36517.1721781747
36581.8497472521
36602.4252790764
36632.2417288174
36550.6115208956
36620.2593823752
36632.078901378
36673.5248737584
36583.6273134056
36612.5647855774
36618.7049993544
36663.2547313127
36637.2839981481
36615.8343385174
36618.2851554075
36592.1078895902
36593.8698982568
36639.8177338153
36689.6903080491
36549.6261507312
36536.573228849
36584.3550011198
36574.1916875183
36635.9063185579
36602.1121326681
36661.4596889233
36570.0103174098
36606.5719816272
36585.7292916
36588.8763510951
36573.0470265026
36613.1976817012
36601.8082352426
36540.5865601506
36644.0154983091
36600.1173805542
36573.3462273148
36603.1349735913
36608.8373698169
36635.7187672359
36574.8420917172
36623.2967571115
36650.717811321
36565.2406043156
36556.4957241204
36602.3605740436
36589.7566131253
36692.9495214044
36551.0392135328
36624.9495867599
36599.0911835397
36535.2682446196
36585.3836853034
36625.0827965808
36640.1048320364
36595.7758556396
36605.8604982444
36595.8694505042
36589.8448579959
36580.0341773655
36574.6567173243
36577.2080381941
36604.8911475996
36600.7645778508
36595.4720353798
36587.3881585467
36529.9709309
36635.3031578785
36582.2960517867
36567.8433111362
36572.762616535
36620.5239970413
36560.7404300069
36627.7925302152
36572.4155639756
36557.2700497717
36666.9799970608
36566.8271938555
36662.3273532922
36573.1601138255
36582.9186542918
36580.2410943156
36593.2802440075
36604.7032609973
36548.2889905227
36602.8139697402
36642.9878282923
36569.9020346606
36644.9882320095
36606.6944619342
36596.2370883762
36611.5972062852
36624.8369741182
36587.6961978546
36624.6168932731
36537.9541577399
36544.1573878931
36630.5186851911
36609.7938035133
36659.6177346083
36524.243564721
36521.805846361
36590.9438408352
36621.6786492981
36558.4752573427
36575.2677243296
36621.6674661601
36530.7465070776
36602.2105736574
36605.7313259111
36661.3228716681
36588.5312273568
36641.2739966493
36573.700010337
36595.4837946004
36570.2902224192
36605.741746546
36520.0372994325
36583.7860305302
36626.5463621441
36584.6169559952
36576.3291130679
36554.0846661779
36627.1089128092
36600.2346073181
36653.1018330994
36538.0459650392
36647.1691223727
36607.7254952564
36525.9758086859
36585.1323978289
36588.6887452845
36569.6390348714
36590.8861070734
36560.8319182808
36620.7025297834
36601.4611591571
36574.9698429102
36594.3776041891
36572.7354126341
36602.3621061549
36580.4384563836
36611.9513258966
36568.2223099413
36554.8514082095
36661.3261023531
36672.0461507532
36591.232250092
36618.5219762973
36606.6008495578
36602.3075777223
36538.1119942231
36556.9614748604
36577.9912823209
36660.3690356805
36560.0590780601
36609.3981177379
36593.3920914102
36600.785202329
36599.2644126876
36554.1633524134
36665.6274205311
36610.3318110126
36622.988640459
36612.0596648948
36604.5044875259
36665.2525292887
36544.3657096888
36623.3953915305
36597.1978446746
36629.0865838372
36635.7253044967
36606.1939583208
36539.7264687621
36619.9614212867
36683.6392313762
36609.0008884066
36557.0972587494
36596.7630564192
36547.9960462981
36653.7876451402
36617.7659979538
36631.9570151193
36594.6607815949
36550.8296901135
36644.4830388877
36603.7803755153
36607.6538492717
36565.6737519871
36599.6693057486
36563.0930354082
36634.892896529
36549.9108231485
36567.532069628
36666.1380565464
36671.4579320639
36614.757928965
36519.5869454049
36583.835458944
36619.5950854097
36630.122524433
36632.2043941074
36605.5955268219
36587.7884362026
36547.5737068898
36610.5717212292
36606.8545590989
36572.667281651
36542.9603310136
36640.8223229633
36615.5461004044
36583.3381063334
36516.9640982773
36577.5512121529
36595.5606590285
36578.0025800623
36596.6678636122
36594.4330276077
36595.9404892438
36604.5040399033
36638.6109170861
36664.3821437844
36636.298292617
36548.4355940195
36521.3719399768
36647.0663885033
36652.1992148745
36624.5166511271
36513.4808988435
36561.5424258302
36589.4562846832
36654.9507465213
36528.3038030921
36621.4738643428
36562.2797941951
36578.8956829752
36626.4357543637
36651.8933643038
36655.8996309737
36572.7948461018
36619.9539523276
36561.3065442242
36585.7550551862
36566.9205994101
36591.3709495826
36632.051566674
36578.2838099571
36600.8517357217
36572.239652655
36516.2941135461
36629.4299710224
36599.5029449354
36535.9932289425
36573.8277076658
36595.2698141157
36640.2575950301
36616.9404954865
36613.9426008024
36555.4952138642
36597.2412987
36591.3534321634
36582.5959849486
36560.426529733
36649.3118102909
36574.8593818389
36583.488672742
36588.7913811261
36652.8287493545
36598.509710946
36594.7928010083
36577.284652174
36632.4883239853
36556.9889233534
36588.1754317801
36600.6051826609
36602.3722054563
36585.2491513895
36617.154519783
36575.305499079
36628.643214291
36653.0181105728
36655.4561162671
36569.9805537216
36596.1058820871
36604.7380936421
36545.6199613265
36607.0168122994
36575.2082475712
36571.5468608755
36629.9884704507
36613.4809343671
36566.075503703
36672.6359532731
36655.8916496789
36542.257912277
36575.4743332433
36535.8833131643
36579.7491578329
36707.9133737954
36558.6579223658
36642.5723097676
36558.1911045843
36635.7496090617
36599.3675705033
36653.1753666421
36625.146783667
36644.952170353
36534.9358694793
36658.9726942694
36606.9880334571
36583.7243327678
36593.980929551
36582.241082733
36603.2061302478
36610.5100911833
36586.9941563658
36653.1306528591
36594.2647286913
36583.5481376085
36609.4651789357
36612.8015095907
36631.2388027686
36592.4998633425
36654.3317546339
36595.7034110606
36621.326915472
36564.5861819152
36605.1212470437
36586.4367082669
36596.545335172
36595.3056338086
36616.5106379893
36586.6384595464
36655.3868379739
36582.8782411718
36608.1985236084
36535.2662685468
36614.9137213033
36643.8896436057
36593.7735900302
36600.9632456844
36586.1974633541
36560.4401922823
36603.2272979975
36557.1173888104
36572.7780572359
36596.9990757863
36544.3702185999
36594.0526933261
36682.4136914045
36578.5938594052
36632.5548896856
36612.6010006471
36638.9696193454
36590.4459193817
36621.4103341308
36568.4956136781
36657.0600489756
36588.0693102648
36571.470696618
36607.9306548998
36609.4638371098
36546.9888395049
36602.561352347
36559.6148780062
36694.442220052
36683.5048474259
36585.8346752185
36572.1210578976
36677.0287456704
36567.2794712928
36517.9632359926
36612.8437034268
36567.4230078369
36575.7720088849
36639.6520605325
36642.5820804622
36599.5484511555
36586.5338731011
36546.6010967842
36644.0498323382
36651.012955155
36613.5799493779
36607.180448437
36603.8356138091
36555.2828853401
36654.050282298
36619.8210584754
36625.773398316
36585.31092677
36537.3143920881
36502.4797115695
36598.6499118972
36585.2588046849
36596.3019362245
36555.6279721635
36635.2347788328
36552.0419400738
36620.535471693
36625.1395521138
36612.2892089461
36650.8541224275
36523.4083244852
36544.9947481587
36577.3006427656
36542.7124069471
36586.7184734124
36656.6577215135
36604.2872502828
36547.2697880831
36570.0253504208
36603.5239811198
36566.6626340556
36564.981274385
36639.7164342295
36603.6639442702
36595.511508069
36562.4108333952
36664.2578799207
36655.8807652075
36675.796363316
36569.3711121403
36637.7570228257
36585.3395656913
36571.9817723267
36584.3465510842
36656.5536504929
36554.9106931044
36546.8697093479
36610.8854019318
36568.4067774646
36594.6683846625
36655.650157022
36617.4859872435
36672.9928402165
36584.7493380016
36557.0484481435
36575.2869143805
36570.4725829236
36520.5559203685
36566.251942236
36575.8284071189
36638.5985745956
36613.4143993324
36658.7432103636
36632.8916586672
36642.0088765172
36581.3544637174
36635.8523824943
36598.3784534604
36569.9805935448
36611.291198692
36530.7120154682
36639.8655159231
36622.6892277344
36675.1584926569
