36697.8242250401
36664.2737920878
36693.7203476901
36614.1241900505
36570.2169801893
36620.9559319359
36616.9330666797
36607.2522667459
36620.8982592203
36619.9116299167
36606.4038513996
36591.2017011182
36652.8797136691
36572.7506822321
36620.0031282482
36597.649795706
36618.4081026139
36610.5970288959
36655.9247758151
36626.9566345592
36569.8229006782
36597.7395146339
36710.7521444247
36590.1042378877
36598.1882852271
36599.8859020732
36647.5463455292
36599.6737394221
36670.7815813353
36608.7177859331
36653.0424137028
36674.5949820795
36576.7396466317
36647.1682534286
36609.3462376591
36607.440498639
36597.1269268012
36629.4541118718
36636.2034805641
36643.3315891598
36686.0811260466
36659.4930811925
36680.4828284191
36630.2501348282
36648.9888100797
36561.5055067462
36554.0344027201
36618.448312042
36608.3966532058
36651.9412942603
36605.4401853485
36565.4564841798
36669.2898753021
36681.3232794869
36650.5972553287
36660.4591653955
36656.9364002137
36605.568008367
36650.1735752626
36677.9894145139
36642.7957937157
36750.5977896594
36634.3622326762
36599.6654130426
36650.5754570802
36652.9657004985
36656.1937601664
36631.5879700002
36685.1055025919
36586.2487669654
36713.7475983021
36485.6239666853
36619.9598439052
36649.4153471645
36615.5159769951
36562.6997135079
36573.8018855741
36643.3741857357
36630.5557881425
36668.7201752802
36582.7936601862
36674.5695267334
36671.0823784647
36592.318522097
36663.5247695639
36653.015471016
36595.6641660607
36602.3095103122
36581.3908292344
36619.2584532261
36585.8404594875
36596.5589710357
36599.8107563549
36638.8858349149
36645.7303989188
36631.1395767494
36618.1164244098
36621.971100747
36636.8674743049
36585.8230791621
36659.6615793736
36603.2660285598
36688.339375599
36628.6512221682
36583.3432326696
36559.725695731
36559.8780634274
36594.2868927228
36623.4528011675
36599.9646911596
36661.9383052518
36682.6550049699
36627.9550460117
36620.0367846431
36745.9002831159
36602.5113541247
36629.3959790022
36701.4315585972
36653.7135918064
36609.4673807777
36655.7336193231
36648.5632453632
36667.1966601473
36700.9108568961
36590.8618837439
36483.2231747528
36643.6126300663
36569.1962031135
36577.4109168543
36718.532996268
36563.7200333438
36617.2320376246
36654.5711080579
36621.0146687622
36648.2157680517
36573.4592905752
36605.6416969772
36613.7957633773
36647.7647092279
36609.1757686229
36653.6646157347
36576.8116615555
36532.4824712133
36588.0041771742
36642.0712458747
36724.9789147228
36577.304144125
36659.7383677512
36659.4583916182
36697.0432193616
36564.8608514139
36634.5152015065
36793.6427998257
36665.9207225168
36666.0236896486
36637.9467620616
36725.3270055008
36598.5997667275
36668.2312917794
36693.0352409746
36622.2305221112
36618.9122134949
36645.3691999301
36689.4978557035
36722.5010509097
36589.1210697046
36603.8869431477
36523.3295117014
36637.537462851
36625.1417208972
36658.1739932367
36672.0172713845
36729.752637027
36654.3726026942
36665.3429611986
36603.6757711389
36587.4123268668
36647.151246897
36583.8574213154
36673.494801933
36634.8676352395
36663.1145674879
36574.4816446311
36627.8589275551
36606.0444246788
36661.8850899143
36617.8395316633
36670.6898742268
36670.155989034
36705.0527190788
36672.4911963615
36623.0479567857
36735.4130266376
36621.0584401757
36635.0403563748
36721.4469855655
36660.1334555588
36579.4819577345
36703.3635922755
36558.1200706931
36698.9565112345
36593.7176082973
36629.5459040487
36723.3782228713
36703.0307219617
36590.6981857646
36582.9535135779
36630.6053447925
36616.135938327
36652.8188100832
36663.0748519248
36566.5820867324
36583.3809778475
36615.1442468197
36536.4269598782
36626.9273373856
36640.1768231678
36597.2567430598
36669.5068702633
36629.9652618419
36683.0677660416
36660.3215411157
36635.5681451387
36602.4992927739
36633.2547733307
36677.7583899032
36694.3165296309
36555.1749378599
36716.2071517773
36578.3138032269
36676.7979124871
36670.2020768903
36659.3355795537
36618.3550576525
36637.9455875655
36602.2228579488
36630.5194970879
36588.8354728861
36659.1272009349
36694.4854407069
36638.255023158
36638.5579933378
36620.2252692599
36696.037802841
36562.3770781978
36638.1469011856
36666.8156742312
36691.9379428602
36701.1365841637
36579.2872570642
36620.015386457
36661.2801654538
36615.2874864337
36698.3240754834
36629.7872393487
36698.3025191389
36617.6814865488
36669.2164691317
36623.1094837988
36581.3827219779
36610.2168527115
36608.4663212388
36748.7421665432
36681.3866041391
36599.739937682
36713.180936611
36665.8439744341
36631.0360499106
36665.5851797894
36606.3930539538
36599.522694887
36674.0517135847
36682.0913386374
36518.1182609688
36676.2653241296
36698.4846030894
36688.7394268357
36567.1122453038
36635.3715260267
36563.5234942451
36625.1477326571
36611.1120564644
36687.4962010204
36644.1855702233
36750.3467227028
36629.4011143087
36601.3710254762
36675.4437153601
36669.7074512933
36654.5821352421
36664.0537179866
36586.1053257424
36668.0638527415
36571.7891752634
36712.0631288878
36618.9642282119
36676.5643226939
36708.919110173
36639.3476893274
36597.866316233
36609.8142326871
36615.9185290398
36593.4647878614
36578.20558905
36566.1773508469
36619.5296430676
36652.5982941645
36649.8192627041
36608.729292269
36560.1775367932
36687.685221621
36563.7831348659
36631.9252223777
36742.7213824903
36595.2157410097
36675.5358146356
36639.8736927775
36617.9190390488
36561.6980776198
36534.9570563068
36611.6981636256
36643.0873665307
36665.5293372639
36637.9250476236
36664.7138488325
36616.0402342544
36550.0777867321
36699.3388687953
36646.0331446962
36625.3556849928
36593.6349447273
36626.4855158936
36623.5504124686
36603.9143527048
36659.8562580982
36664.1642112152
36647.5704720051
36650.3010676388
36626.5263101322
36583.6116561266
36645.7901673087
36704.9755859369
36637.9917394145
36698.6120469958
36555.8187926331
36645.0335518121
36620.8018835527
36645.4480672244
36632.641165933
36595.3783117594
36676.6671515886
36672.3480589658
36662.3184306765
36697.6159043072
36664.551492
36606.7943410428
36698.5863732491
36629.6206591714
36613.0458910108
36611.9206997532
36500.5138336844
36596.4775357589
36662.9703923022
36671.3133434146
36620.2129656463
36698.5639694118
36640.048309935
36610.3233813519
36605.3002676727
36657.2885404762
36592.1709659251
36573.577194452
36552.3565356247
36591.5625535224
36591.627358457
36704.0596445705
36592.2192246564
36625.0421173204
36609.0464925885
36624.4752973186
36731.2286719222
36676.4313800484
36579.4882484157
36527.0834737648
36643.6431021196
36665.1107748142
36618.3303494489
36723.1008357743
36631.9473589145
36730.2988170135
36595.2687677047
36503.7893485036
36620.0414257292
36603.5102428247
36680.0434631061
36560.3354512918
36599.7724661983
36566.5368313669
36664.1790500306
36533.7008450573
36641.2194526954
36606.7840169743
36621.581588945
36633.083554666
36693.5265401515
36631.7938547347
36640.2336408962
36647.7375159169
36604.4027523786
36587.1279926201
36655.074831501
36653.7923053559
36636.3139920156
36652.9077941284
36588.249097746
36675.4150382269
36678.4185366944
36609.2184050465
36577.6016020535
36576.5017166123
36653.2028714196
36670.27474807
36630.101645916
36590.3824091599
36592.1024057163
36636.3189877754
36607.9793919438
36685.5247249703
36666.5700049224
36674.8238400522
36576.4310187188
36576.9205172689
36586.2123387308
36673.7370358824
36597.3018877155
36585.8015003279
36653.2969772075
36646.5685305919
36579.0483645154
36653.2721819131
36660.8158128499
36592.7539102906
36589.4762462063
36633.8123152299
36561.579693501
36635.4388756433
36645.4317622273
36627.37405919
36524.9897279822
36682.6237849839
36561.8681678029
36553.4942165691
36631.050191665
36610.8070182101
36583.9683698201
36601.8176281367
36652.5039934837
36645.7143432091
36606.1626635007
36614.56988989
36645.8019222685
36569.8253818372
36670.5469331757
36704.9709914224
36703.7335213577
36591.2456975606
36653.1282948279
36604.1768987944
36670.5075386197
36546.1754946224
36654.8546442308
36587.8467744833
36627.947500952
36641.8729751319
36629.4967665989
36689.3201296118
36637.6206681898
36692.6848840866
36705.9047471161
36614.2842874062
36631.8627142361
36611.2734569638
36688.3222546176
36691.7527076251
36661.4608307481
36589.8486367634
36716.7586132216
36662.8870503333
36580.187868725
36630.743411066
36667.1404404629
36574.1410718275
36703.0585531015
36616.9444285623
36647.6767975688
36696.9801073798
36656.8640113339
36728.7973460737
36653.7207914747
36678.1726534984
36672.0153407658
36583.4511283713
36656.8566306542
36711.2132933621
36641.4257909258
36616.4230665527
36573.3312168697
36600.843860698
36636.9089364752
36631.7897475311
36594.0574246213
36620.6766797598
36592.3859268045
36546.6402614574
36671.1801760372
36626.6031339815
36525.2166340707
36658.8829584751
36658.8043960359
36622.7549077639
36792.4865062112
36588.0064691458
36558.5285785706
36563.2549892767
36660.4310626438
36628.8186615238
36660.5359329094
36638.427521266
36572.5197046221
36654.854390058
36625.3249414852
36685.7584880813
36619.5513348587
36649.4556031679
36610.6355928306
36635.9209802424
36604.1583325074
36628.6715264103
36682.0407161311
36623.2930797928
36654.7477064441
36600.8485558967
36628.1669947024
36630.4876403184
36587.0877104371
36648.3032800968
36577.6229662902
36654.5136306221
36588.4686173094
36587.3035043718
36652.1757765632
36648.8221318967
36583.6225973398
36604.3929410886
36560.9657225726
36721.6879743676
36595.7583278056
36642.2305864301
36753.3683703759
36656.601340262
36638.5680239659
36659.8030098165
36643.6449979918
36573.3347900703
36685.2966433724
36642.2627817088
36659.9501600346
36689.6956113174
36553.4053141716
36514.1462694105
36615.5118390196
36562.6124957102
36761.9764521794
36629.4141725113
36530.2939590079
36628.2752591466
36607.9217713178
36650.3957010607
36718.0153338695
36624.8696961623
36669.7791433228
36728.7432316719
36637.6367720852
36566.6898131523
36574.1397793493
36624.6969439261
36536.5232820544
36522.9558902303
36691.5998551669
36572.3562893317
36614.5871618672
36624.5297795136
36590.452400777
36657.0673804638
36625.1425333368
36636.3791202542
36642.4436725455
36609.6743589372
36636.225725176
36575.579061053
36650.633902255
36659.6491517752
36654.4954436829
36573.9680755974
36600.645651701
36693.2412009769
36692.7794945604
36650.342535811
36659.7901520299
36671.1305360796
36683.7382415781
36584.0737756412
36663.3346783976
36477.2984699974
36623.6015181401
36589.9021673677
36622.7690956021
36594.3433695743
36580.9477491135
36618.2924240714
36615.5828398788
36588.5167010988
36682.3248449571
36693.5750521438
36597.4334578753
36649.3292866247
36653.6662153121
36690.3574011839
36611.9930938387
36652.6504385022
36597.8004130795
36625.8622053497
36634.5168142778
36660.5454031559
36637.477642088
36604.2699009964
36596.5625956766
36575.2004977233
36633.8552699724
36609.8116805607
36619.2495226734
36680.0888689538
36570.0155544861
36608.666209069
36617.2435203981
36566.1102005396
36621.0544227123
36533.9835893484
36688.2551268084
36634.3238484147
36670.9022934655
36712.6387900407
36660.616117642
36569.8360698207
36628.8753673721
36646.8513223192
36621.5154984682
36740.3638465544
36601.30155512
36487.8984189015
36719.6314365022
36612.6471495335
36597.5958891925
36517.852701269
36635.5179608867
36640.6807213926
36685.7229867325
36619.2946484459
36590.6747007048
36696.1802551605
36565.6315548128
36615.7366250671
36658.6020766914
36588.7188705796
36552.4023561338
36540.0033010613
36580.3109342289
36624.6306392577
36620.664204294
36717.1933534205
36639.4894404545
36616.2174626837
36723.2463096074
36695.8206784138
36656.1613364228
36632.0125030161
36579.7706389099
36720.5657154239
36594.8316097003
36636.5951598182
36673.7759881587
36632.4138380462
36589.1344057065
36713.7311657698
36631.279129036
36636.575372533
36672.4799246132
36687.5287873616
36664.4034324965
36619.0911665161
36638.27984617
36625.3893620099
36617.411283595
36658.4081182802
36646.5510147965
36592.3810580785
36678.7341417499
36696.0292498985
36552.856952231
36650.1938501302
36647.2768103247
36687.5723889222
36665.9602032289
36571.7716365589
36703.9146760724
36621.352405628
36628.9880013665
36595.9544889472
36619.2600086978
36636.0877331517
36642.039018715
36621.6597351179
36599.738789839
36674.4013117587
36665.4038839301
36669.5616440528
36688.5728204704
36599.6380553768
36613.9394218131
36697.8068903003
36593.0364905325
36587.5713222883
36586.4761500657
36571.2585158591
36658.505298521
36579.6219076942
36678.6704734116
36674.509342322
36608.8917187063
36735.5572152948
36572.867740345
36667.0801535019
36598.3120712591
36655.3544239733
36646.1674767276
36655.1690075262
36599.7295966398
36595.07086909
36571.3425587215
36578.5768887935
36560.2500203516
36661.214596348
36658.2030112474
36671.3967054706
36590.6900956328
36647.1029750543
36530.0452286667
36668.0607641061
36576.3862881251
36653.1046159387
36640.3963788494
36612.038824016
36621.6416139921
36584.3018571253
36550.4585341836
36685.3148843261
36658.6658142309
36618.571013567
36675.2353080273
36558.2679307542
36629.6887054789
36680.7836117693
36614.5210428415
36609.9739055566
36668.4098577463
36653.256458374
36667.1475268584
36609.954724863
36607.231344476
36602.574733271
36686.9106064208
36570.2570242883
36652.6649477779
36658.5202254425
36673.8793668766
36623.1330172043
36612.1848527562
36681.5983341792
36627.6911502664
36609.178146221
36587.3902891576
36604.1078654346
36670.1029569942
36669.2317027447
36618.504149228
36729.5665854168
36617.0749886824
36632.096176703
36594.8730399453
36578.4609302032
36567.6278992601
36662.9644321157
36614.1450937892
36607.7931380573
36679.1761873103
36619.940192419
36632.8526119502
36631.3779981232
36639.9182963022
36611.8669462626
36686.2465387453
36559.5062114568
36619.0314590265
36641.1763777881
36624.1807854439
36614.6792759447
36647.3608885765
36657.3860603933
36588.5539369635
36664.6893941758
36588.0128340307
36662.9092578252
36630.1570695697
36669.1589850406
36591.3387483998
36604.498517367
36648.9286872356
36590.7688026366
36706.7134588254
36623.7258807887
36613.4013025761
36641.4446217958
36588.4870081895
36658.8932876743
36672.3868128259
36635.266111192
36634.9213918617
36650.1971823762
36689.2006321325
36648.1607335848
36615.4737229414
36647.1202648259
36589.5172375881
36683.5152518399
36616.8099377036
36747.2348254647
36672.3925790688
36607.4867020997
36594.4804725979
36636.6686172702
36648.2412532676
36635.9765803676
36689.2577603243
36657.0824652162
36561.5498537051
36715.7789712867
36640.7315436519
36645.018783064
36619.9515386496
36609.6234010198
36705.1681248644
36628.2562366984
36627.212858274
36611.723713224
36667.3823184362
36692.9529675912
36562.7972673835
36642.9739818332
36632.1272738183
36551.2842318753
36653.4293549154
36620.7916009066
36683.2037337688
36643.1300654817
36574.691865517
36595.855966439
36582.3476776794
36657.663222499
36707.897547861
36584.5655191036
36632.0581249078
36670.73152625
36581.6103926359
36623.4314435122
36643.8099415516
36597.1452044819
36614.1401263053
36650.6733205932
36595.5968464017
36690.6208881908
36718.5849300921
36600.9828279097
36580.7651100405
36618.2194201964
36641.9402656359
36642.1258975772
36611.1994614846
36559.9690580523
36613.0188431687
36620.9280377512
36640.1964538414
36653.7774335504
36607.3546472958
36611.1124315292
36650.3395816372
36637.5848267837
36625.0977454422
36493.1552390578
36682.4381778212
36628.8125726618
36641.2227563341
36683.4569098989
36625.4195586667
36624.2059912508
36636.7721011609
36598.4182238712
36670.1883771534
36686.0587484103
36692.8096021525
36612.5010953705
36583.7070563519
36629.8657771433
36617.1318677956
36706.3618952258
36611.1604827856
36665.5734319106
36651.8031166942
36646.2135041004
36711.8615361972
36633.3115236531
36621.3109259306
36644.0317252074
36644.1820961109
36693.0615927411
36598.7240700309
36742.738160312
36571.0285428572
36569.9547461975
36643.315522495
36606.8693235195
36532.0320572363
36647.544681568
36698.634068233
36638.5297590163
36618.5330706347
36580.6334629283
36623.0198564564
36574.8547680817
36438.5952662019
36535.880578528
36649.0582809296
36572.623036932
36610.9666730468
36621.4264265679
36634.2074038617
36617.0792014786
36591.9061892478
36607.084140166
36664.4006266584
36619.4956323327
36637.1568175853
36638.47308432
36681.8851652616
36641.4184991753
36591.8696553717
36649.7359848847
36609.9130604657
36696.6054045972
36603.7572658495
36586.1557038617
36570.0104202509
36581.9811439926
36620.1595454809
36573.526646588
36672.1130420169
36627.6506858619
36650.6635789319
36632.034857199
36679.3467453847
36601.200417491
36616.7804229003
36568.6356947528
36587.8335136619
36626.66515689
36691.5280938971
36610.317731711
36615.9605723493
36640.427063199
36552.1561039844
36665.5467108058
36527.6309347155
36640.0153387036
36646.1058215527
36678.1507003452
36632.6733242747
36608.5537525438
36641.7532165286
36758.254799996
36613.9463998432
36587.8912019243
