36697.0798552475
36728.5398337516
36811.8688191295
36670.971413397
36734.3784910849
36789.87355077
36814.9546037049
36743.729738067
36772.2555507798
36678.8498859629
36743.9325609049
36698.9350857345
36822.2826230921
36840.3653126736
36632.2214741695
36808.4840075207
36733.6020217775
36737.7002845448
36953.5023071159
36728.4287671681
36843.6301162345
36946.1901081722
36859.4335331499
36747.0013223419
36754.7325775896
36816.9595156285
36820.9211700996
36726.3908667451
36844.0788748983
36914.3878093879
36793.9531649799
36700.383950022
36710.7572814241
36697.6027986863
36781.1122997762
36723.2815789573
36860.5634957375
36857.5642235396
36792.6700346337
36675.9742572133
36852.2914941313
36677.7872920261
36750.2826856639
36834.6590301022
36816.8670600791
36782.6025678969
36855.9631138667
36751.6496570232
36789.2615933773
36874.9882964114
36748.9766718577
36773.6605112901
36693.5629575707
36841.4583724784
36724.9143386645
36814.3575663713
36835.2710870115
36741.2636173774
36734.0985863999
36736.0488638124
36867.0722419979
36845.7678483748
36791.096755874
36840.2446888482
36773.5476195019
36723.8717724852
36808.8021263985
36816.1636204299
36833.2079172278
36847.5716894175
36818.7193921261
36732.0970687686
36873.080055036
36835.8626858715
36723.5018222741
36787.6726812612
36925.3455509543
36675.5376932252
36713.1223239635
36756.6664962528
36807.0368022175
36838.3033896537
36765.7832654476
36733.4981011515
36785.8159055067
36831.9901795257
36937.7594635954
36785.3520770021
36769.5129020392
36854.666792496
36794.8240965858
36799.0409436026
36802.0621026245
36794.8169001087
36682.2569409651
36826.7229266175
36813.6507037265
36824.8970978256
36737.2388183067
36816.7729689846
36731.2326789353
36859.9739888033
36783.8979044652
36932.1489163185
36658.3838337079
36740.3366209193
36872.2159798747
36712.6686136804
36757.1845809431
36886.8084644737
36780.0096560437
36778.6649305185
36863.289944139
36700.7922718112
36776.2743722517
36734.8127076159
36770.5478867593
36781.3928522476
36801.9705530996
36777.5100091672
36654.095508967
36740.7726506851
36872.2853746556
36770.1558263476
36723.6517157623
36851.1960758043
36908.2573883166
36811.3699069104
36799.4998980747
36826.9144639081
36779.6394122166
36744.5360480748
36886.8338349974
37014.2802290929
36903.2525295633
36758.5910148812
36689.728769693
36806.9986546201
36789.7769389732
36911.7711258866
36766.7605671316
36783.1472606322
36918.2131068386
36757.8612962223
36879.6832379491
36793.5584586103
36646.9995091962
36751.7802421861
36727.8378233394
36810.2563034945
36673.2133498711
36752.966534831
36866.2423440184
36715.8736434983
36673.945214693
36947.5099724682
36919.4242775003
36809.4424296912
36788.3591754733
36721.9272469196
36805.6522710979
36665.3340377779
36680.3140447367
36972.6950363108
36855.3603396356
36728.2619271175
36838.3390458854
36680.6422856158
36766.66733499
36825.9961511463
36876.3800061355
36860.581746694
36708.9807872109
36766.5012649716
36726.7672983103
36803.4247445256
36889.4168335705
36671.9645101361
36653.5291866514
36795.4629331065
36834.264758317
36838.5077646894
36745.9513216309
36858.4623430056
36830.4687378921
36774.9934750129
36820.8311648387
36830.0031714831
36771.4705104473
36797.2397543901
36753.524112282
36808.6499205077
36829.1527189072
36740.2204318538
36888.5310602527
36831.817482348
36686.1911072622
36789.6615114362
36773.2691915148
36729.7059625052
36792.0447909223
36874.2466113328
36824.1588265236
36794.4193943476
36859.8095931079
36729.0039987811
36794.5623924698
36812.7633470986
36730.1408451823
36792.935173461
36818.6393555907
36694.792875854
36811.1392165878
36809.2715288253
36783.4514557076
36870.7561723855
36835.1521157475
36800.5099817334
36786.1392710867
36877.6770968338
36729.504978458
36855.13501477
36832.0470463645
36800.4704533581
36797.4397387923
36832.1483934969
36874.52842723
36779.1437625913
36706.7334313556
36738.0477046849
36793.3052908166
36679.680228189
36688.0134213113
36793.4017665055
36775.1278700203
36774.7828779992
36807.6241544705
36812.4385566669
36788.9427392227
36809.4134993543
36789.8870917604
36898.0744671974
36747.1040739259
36781.2464755449
36860.3675522777
36696.5691151044
36822.0640034344
36802.429023035
36807.9625575486
36816.2927373787
36814.8500433987
36897.0408555888
36668.8707966656
36728.5925554429
36859.287523249
36715.0011054611
36709.6618655888
36778.1372866482
36717.2482720713
36769.9760700008
36675.1139377291
36878.9627933374
36807.3294055197
36672.1118652898
36911.7238961815
36876.5455444552
36779.9783891406
36715.9496967778
36854.901793031
36798.4090229348
36795.8655900293
36828.4581079108
36908.4675650561
36762.1298575347
36907.0347191202
36749.8678316355
36792.6650646675
36727.273727149
36688.8690263968
36781.2707478731
36780.9943061692
36749.5451301126
36819.791457941
36869.7442929367
36799.6129740517
36776.6713980206
36850.8876422713
36781.6542806097
36741.6332985454
36954.952241109
36759.1584045022
36832.2067439401
36783.2293847579
36704.1393374352
36787.0355302161
36879.8373840129
36813.0642756557
36747.7837903088
36843.1183593596
36871.8743529345
36907.422072396
36751.7716571913
36779.2217639703
36753.5495221175
36620.1857532464
36786.3178360642
36875.6772980763
36862.2012890805
36785.7570090915
36804.0961937241
36912.2615912845
36846.8274574742
36800.94983326
36835.0029817095
36768.051571257
36630.2527766437
36710.974968385
36778.6349449864
36832.433739771
36773.3745263877
36783.9390026868
36834.0061538735
36684.0268205925
36761.5840842673
36821.1214091602
36858.3860958089
36885.1486754983
36628.248849482
36829.1220169785
36836.833787469
36789.5177490161
36850.3919362606
36770.6268855448
36961.816110257
36803.3645690599
36724.4129681533
36903.3952155695
36765.1832135452
36842.8101634207
36770.6702624515
36789.8244367643
36794.8343595584
36837.6779585794
36776.8495587936
36829.0915225438
36772.4042042236
36823.3954620735
36845.7441635568
36736.3081080846
36843.6648725916
36808.3213281908
36707.6646607353
36761.6418770471
36652.0871781902
36842.5076636869
36773.173842641
36816.2637632574
36801.3785742255
36734.4679582761
36730.7940810211
36827.9278548199
36800.1164716981
36842.3056407194
36706.8494730362
36806.7985982058
36768.2870596036
36784.1396585304
36761.9174236935
36571.0207920537
36774.9565469509
36810.442736538
36913.0189921716
36943.2086046558
36782.2688705502
36845.7908110003
36748.3854684052
36665.4645974556
36826.9434307316
36838.6268417499
36751.9253173703
36852.17909854
36816.8026013454
36788.3227434288
36762.4716614848
36792.8388377196
36924.9431474452
36842.6130348209
36888.0370892924
36674.513531287
36709.5690031344
36741.5494062156
36791.8753542011
36771.1000940184
36744.7023107603
36767.539696839
36769.506429399
36734.8150393248
36777.1419701162
36705.2105631121
36853.7000161167
36781.1439897027
36845.7982027965
36896.5549293443
36751.4145633583
36737.0560496871
36776.5225931981
36814.7428277364
36845.7235751292
36697.9672674269
36779.6319231671
36861.0479220299
36846.3044652838
36813.8921585785
36891.0908372058
36868.0078666826
36748.4347048165
36766.5032711207
36910.4341439773
36746.583994258
36801.5180705598
36775.9790112472
36824.6553289929
36753.1409684905
36908.1261607506
36913.6813173575
36797.7191481025
36831.3905561897
36745.9394107619
36794.5742867073
36783.3344573006
36747.5288914418
36699.920081365
36904.9137795549
36860.8410402275
36798.4732166098
36768.4249899461
36742.4337891881
36639.1071805314
36818.5806591738
36834.8943905869
36843.9209648641
36797.5264254958
36761.5770600828
36892.0957471933
36762.6628804947
36722.5300736552
36846.1337153604
36826.7428727069
36736.1539941212
36750.8332535656
36771.5759736034
36848.759951172
36756.4903130665
36701.1521450538
36807.8283774448
36857.1573548879
36801.0201580144
36927.5783737385
36873.1439942643
36770.0904555326
36817.9893127024
36839.163425044
36672.0348319604
36736.7145570453
36775.4649811812
36803.3938422502
36702.9616752849
36834.5696635396
36781.6969163613
36740.6567356164
36744.8229190618
36773.0241230461
36772.6933271754
36759.2347481997
36764.5838217323
36848.5797377871
36795.8594185288
36798.568788163
36864.0647109239
36672.1036659163
36779.2023330313
36898.8707966069
36789.4011347021
36779.9023545358
36828.8240586304
36712.9376815027
36800.975185186
36732.4562536805
36781.3794587321
36624.5781774954
36836.6046273256
36887.0641561241
36805.9570761922
36901.574510434
36800.1804422509
36697.0997410098
36785.6552853673
36747.8715754145
36750.2522452851
36785.9937018401
36765.6624370259
36861.3604103979
36731.9447898038
36726.2771509814
36823.1249863784
36637.7888396098
36782.0293866861
36680.1021199395
36768.1658700873
36583.8713570847
36832.3907875877
36780.6731346869
36725.2100122477
36768.201637448
36822.8910666035
36797.2743043866
36831.543077056
36864.7382855754
36796.3574413471
36827.7671734061
36959.4565581959
36781.1969711489
36784.3880639762
36769.5062395883
36777.4652342906
36755.3849377355
36970.6397109461
36754.2715598088
36953.6186868147
36833.0271279175
36795.4270505421
36857.2763417857
36884.8531746561
36879.1195914678
36756.3572198073
36859.462213711
36853.7740106228
36759.2028119045
36804.237764031
36831.5403813836
36670.9358304753
36728.4729584284
36751.2860263389
36800.8601804743
36834.3968747442
36897.5899187799
36791.2955098145
36805.0407468171
36734.8011961724
36850.1561484586
36781.8417305356
36823.9663200234
36874.8855683726
36633.6222754909
36920.2305582911
36784.0632681345
36799.34718043
36843.2526906122
36721.5244310452
36742.3164054934
36766.4751473431
36711.6169195711
36871.4387517489
36771.0744833246
36744.8653004541
36890.6386237886
36738.1054089791
36825.3304246625
36832.6575260986
36711.9511775536
36810.7951884306
36806.5369821718
36808.7273891136
36761.2255676937
36924.6320924078
36823.8684215717
36810.0917181028
36783.1188960166
36731.124193634
36712.1672764376
36827.690423232
36813.4869340811
36898.4967988213
36861.6603221578
36580.3360406191
36631.3943745531
36756.9870360172
36850.4681045583
36800.5703609283
36682.253800379
36820.2667167205
36750.6351068202
36780.6516836789
36799.5018064472
36850.6875172791
36905.0772928293
36938.6678888345
36747.021096102
36874.6702252009
36899.4156376353
36792.3141389521
36763.9178555676
36753.3004252391
36671.3821153814
36845.880279201
36852.3281204888
36850.7330485118
36838.0447790294
36772.4121550331
36795.020977741
36826.1031079541
36825.470770385
36754.4910280747
36674.7977559971
36830.7152241708
36787.6280655305
36846.9889090383
36889.4896135311
36859.734963814
36686.3225349741
36756.8206892062
36795.118165628
36804.5838002086
36861.9607408986
36802.9647189239
36842.2219532289
36744.2079614266
36781.8134605205
36772.4518382617
36800.1880864369
36806.5034038254
36777.9945301445
36736.8741789362
36718.3727218761
36791.4877356729
36781.8075126424
36895.9397987937
36851.1985303322
36784.8840767938
36874.1180143181
36832.1380308544
36859.3335842529
36931.8570745891
36787.5041442214
36834.8960255314
36814.5488160351
36790.2031853307
36645.0669397665
36788.8848443012
36798.347477096
36869.94566028
36763.9595851486
36723.9577185221
36888.6383886969
36828.7338909256
36753.1257814847
36692.0794435943
36676.6655009683
36871.5601503224
36689.7344971545
36900.131859163
36869.0815157837
36896.0055770687
36695.3715847649
36808.3439606319
36823.8448680825
36834.2410351794
36760.7552519662
36846.4418283106
36854.5357988417
36802.3111654204
36728.6084707615
36698.8209915744
36866.5836802424
36806.2904833073
36741.6343268569
36822.709670751
36690.0542678819
36883.8618126873
36799.9502717306
36649.523154611
36774.1765353703
36832.1394428113
36842.8389877017
36799.2354742464
36776.1058134885
36816.4560933596
36803.087601073
36799.2019806434
36851.9751963197
36832.0757829521
36715.4653218106
36747.833013476
36863.8100644259
36876.4190176166
36886.0929115636
36897.1427118243
36729.3246651479
36732.9071238552
36799.9634246948
36811.3707754367
36817.1158205461
36829.5636701418
36700.6637539384
36752.019605995
36731.5952107639
36826.693114011
36826.0124430514
36872.7426221819
36727.6721018008
36707.3248842871
36855.5736425228
36866.4616374217
36924.6602092415
36849.9598233135
36729.9316039272
36758.7912527921
36840.9210782585
36786.6402451414
36815.7028110053
36797.3927856954
36801.5491336468
36640.2104363229
36743.2429069139
36712.535179597
36856.8850843856
36773.5619982843
36761.9559438974
36854.1393642312
36620.1187178581
36788.3994913034
36710.9683393203
36914.7407913213
36757.9252212483
36684.1698500946
36906.8249647532
36741.0766736705
36903.9658842807
36987.5672893635
36743.6700477951
36807.7077963862
36835.784626243
36732.84975351
36864.4099333782
36811.9632639855
36859.4602590038
36646.9924957373
36794.9265744678
36747.5272755911
36787.9243128499
36726.5471627299
36806.7945959888
36871.7036756046
36703.9362741713
36837.9051757671
36782.4482575547
36841.1951009196
36747.459238104
36809.1061514466
36894.5435721602
36813.094201287
36849.8422394244
36908.9126836226
36793.0317607065
36769.5065722166
36772.3040894153
36809.3342997483
36743.8206639281
36752.6785671932
36912.635864045
36766.7445356915
36703.6009342761
36778.1487307771
36799.0217114964
36738.9372285685
36635.2905014141
36765.5316964903
36845.6508095775
36786.1899970552
36818.9907330467
36685.8162803073
36728.4836239831
36746.818535904
36893.6356502436
36721.0052220572
36780.0630478762
36731.7429266636
36868.6141552499
36744.8377009093
36820.1403623005
36823.819283846
36825.3979342993
36830.2586223129
36792.8623926678
36753.4601000133
36810.386949338
36801.8219524645
36801.6925109833
36758.7704896834
36682.7153945627
36727.6345295512
36811.2101342377
36768.6098318355
36928.1874108454
36720.5273453211
36848.9240101031
36763.5932204311
36834.2135567279
36887.7961008787
36739.8870893266
36806.8261696446
36852.6929233877
36804.002031866
36815.3417344615
36703.9945595822
36921.7444362909
36718.1942936831
36770.9344245514
36829.8066976202
36744.2452551633
36832.9026177051
36799.169631358
36793.1521044207
36717.7148505274
36805.006994336
36858.6640893263
36791.9517264903
36705.0133747999
36813.3977579655
36830.299097172
36812.270418799
36869.2564986267
36691.0754844654
36819.7005483637
36680.6997186993
36859.8211975247
36848.0691316397
36777.4813142737
36817.5646012218
36772.1080254503
36803.174645884
36765.7512860807
36784.5083028732
36910.2989300485
36769.5388758973
36872.4087015478
36767.5156278457
36764.7201965881
36752.5623294722
36900.6361343736
36852.2137867062
36907.2196053469
36870.8153675195
36879.7429172592
36668.3731876815
36810.5235644949
36721.4222051335
36797.4952535579
36700.1105078866
36688.7144541833
36786.6224833185
36683.5344179212
36854.9810796681
36883.5760413664
36938.0418112915
36809.6191036651
36739.4425805865
36743.6370044315
36948.1261785363
36844.7852081418
36781.6940734788
36773.0683799888
36841.6819924293
36769.3979803468
36735.7675997332
36804.0137397379
36816.7246717508
36773.24897821
36861.7684318084
36705.6853397552
36840.6604236581
36900.8768296686
36834.196034068
36843.9341238491
36747.2440602777
36772.0072917868
36711.032904963
36780.1986578448
36783.2282327287
36802.6245896066
36753.1325133638
36739.9973114771
36737.751342119
36856.2355197181
36793.7302208996
36769.2546842187
36723.7551317655
36739.6058387258
36716.2493748049
36838.3605285133
36796.1909441722
36915.9253875587
36770.5945536356
36832.7676858525
36792.9591713048
36857.3749251895
36822.0016245512
36774.8156704139
36769.4435543876
37019.4979493317
36770.4232065536
36757.5316712166
36814.2281150418
36800.897192728
36808.2894872618
36859.9951322951
36729.8646639834
36730.5025564128
36769.9785226335
36684.4630833552
36711.2643752258
36706.3873884271
36683.8682765597
36789.2572585258
36699.2179820574
36757.3306197874
36780.0548910212
36808.6969915694
36768.2078937877
36742.546039851
36774.8942522923
36722.8024384259
36847.247730167
36711.1867184695
36800.6269493592
36732.9059636671
36758.2830123499
36812.2335750887
36854.6458220589
36850.5774899193
36673.7214626974
36807.0351471334
36878.7359428923
36824.701242098
36824.4000546154
36704.8301811068
36745.95728694
36749.0921873322
36726.5485327896
36832.7108862544
36864.4641338293
36732.5422131375
36767.3553929168
36815.2367101784
36889.8130567409
36850.567314669
36725.5696317806
36805.1430852659
36766.4174849959
36802.0813617443
36897.2589996776
36832.1883938993
36850.3373716855
36807.380584978
36690.9935757529
36812.0449767603
36799.8331372408
36725.2029324681
36747.1856845443
36741.4680954784
36779.5756469067
36891.6215314155
36706.1841955303
36748.4872648485
36758.3990421492
36725.5492770191
36816.4124315947
36788.4122571208
36806.1327893299
36746.1055776147
36888.1238564103
36742.5054266243
36786.2818762541
36697.5932599331
36847.663419108
36789.9871863999
36670.4404123638
36832.4359235793
36771.6804367826
36803.9683234326
36770.8698747445
36840.1375591143
36821.7946388779
36784.8161153225
36734.0215189117
36763.8742009765
36864.2235286273
36763.4809700977
36752.3181360191
36851.0220264509
