36738.4704761962
36649.1219234592
36744.8758208771
36696.9254414896
36727.5750771018
36599.7073177203
36730.7079704969
36578.4831433538
36686.4218428146
36690.4039022394
36650.6470396826
36707.8524605074
36709.6290013197
36671.0493302709
36693.2649668878
36594.3914706883
36712.1817305564
36747.4504375473
36683.2739852397
36676.6203018225
36658.7474280668
36662.5702145618
36681.2205011268
36619.9676353275
36714.0894526305
36700.5558192644
36588.5689497942
36635.0503304731
36671.7195523233
36724.4959779638
36688.5220785861
36710.6599709966
36789.4103814516
36735.0388963172
36735.1327701325
36656.3480648178
36751.0240215279
36710.0115473476
36726.8867475655
36710.3384904461
36630.5616079798
36644.1995073862
36731.9922865912
36606.7435263148
36659.2882858272
36705.2399397629
36626.5125943674
36706.0601921722
36590.7764229487
36728.0313648969
36669.951489843
36785.3648091895
36686.9713374119
36636.1329561353
36867.2349956835
36613.743598104
36637.789369446
36749.2261476034
36676.0267017206
36758.5908626052
36699.6292964101
36644.392843114
36646.3735962117
36684.315887425
36717.5379809057
36627.6134753756
36735.9085224173
36729.3223121194
36641.6180154002
36605.1909510158
36641.0092354423
36763.7213310468
36622.8216377513
36689.2589025145
36597.6570268803
36735.534348213
36616.0767663774
36675.3242695938
36598.2136521688
36611.8721391481
36802.6535468164
36650.3318576263
36615.1401467881
36717.5704910943
36705.8893064175
36656.6844782678
36696.0891568529
36698.3225734935
36637.6052271579
36654.992145749
36706.9051526393
36686.769864863
36612.8986481949
36762.8478230042
36747.8861429698
36654.3994543683
36790.865294281
36686.114261082
36608.1654405416
36636.8311758621
36608.6276269647
36746.2738702456
36626.0482697205
36683.60699641
36605.3222680502
36748.0392133474
36651.2105332105
36612.0022333246
36714.4267012411
36657.3231076042
36565.0989660974
36675.4679968824
36696.3383667013
36568.9038770807
36680.8737653648
36602.4829371394
36781.5716591427
36757.42027733
36645.2071729985
36580.3847341333
36703.4355437664
36594.7066215845
36568.0646765613
36626.0985778493
36790.2622140361
36796.5068315897
36637.8515729304
36707.7665788407
36737.4484496145
36783.6261868869
36733.1876901586
36679.2887105264
36717.4329008265
36643.8967605328
36663.8520279077
36819.7829057843
36641.9424186817
36629.0279249067
36705.9566069903
36719.0550695487
36753.2659177845
36633.9239869888
36749.5195648151
36574.5010427047
36665.9355569117
36749.7176080383
36739.4133864488
36722.4996605034
36680.8197473332
36648.3093196522
36748.9805574969
36687.2909394838
36676.3617339717
36633.8242249259
36674.5223959995
36650.5733139638
36693.5085229912
36667.5789510015
36697.6294401019
36744.4887852127
36725.3789784375
36683.7822293374
36689.3631770911
36631.3822158472
36632.6209928823
36627.2408593747
36643.9503035629
36625.4036275867
36738.0536682329
36642.5023538886
36668.9155104479
36678.8554358792
36752.7616840541
36790.9207673043
36684.0567347322
36649.612631554
36699.955790791
36661.9619248172
36705.5721127649
36822.4574488697
36657.4107713916
36596.7092745697
36788.4991067916
36711.8431132798
36641.0231101486
36732.5988768585
36664.4333850727
36656.229213149
36689.9361384432
36663.6299720665
36681.9197926996
36605.5604942685
36624.2715941423
36718.905658235
36734.5309835156
36737.5873421012
36655.7890043688
36655.0159834738
36617.8237308812
36794.3786702592
36688.6873798882
36748.2937298841
36584.5374175724
36663.3959713523
36678.127153
36595.1965868318
36636.2378947688
36579.8207337399
36631.0761583956
36660.1944762716
36716.7966714461
36716.7211690784
36648.5152156471
36631.9748236032
36592.1390732613
36669.7271334414
36677.8758508619
36758.7946529585
36711.2291612249
36676.0283535824
36607.6727381908
36675.2313511107
36647.5450016271
36678.7607523615
36695.8526950712
36704.2863357564
36652.6237897515
36576.8839839726
36688.4218985999
36701.102271776
36791.3837680578
36718.6400045978
36698.9218549181
36597.0163936208
36660.6283810553
36745.6250836147
36639.2683184843
36674.5141039669
36687.8794079098
36768.8374606384
36684.0037781366
36695.3679413475
36596.4738579734
36723.9219991988
36677.5743663227
36694.658727521
36603.9750320559
36671.4474615711
36745.5060490407
36730.4269028074
36674.295559732
36604.8303646537
36620.9743877525
36684.4162360557
36641.9007211616
36629.6141563288
36618.7337134591
36680.4883310399
36667.8818041593
36685.429351351
36658.3570289547
36645.5029554081
36700.2297947982
36582.3379085006
36757.4234272473
36783.308351708
36685.6128227459
36644.7514679478
36740.2634841998
36679.0163348704
36658.7174313421
36758.3699320817
36549.6080532104
36749.1788219014
36783.9278783609
36648.2636471751
36654.5852054888
36665.1554810106
36692.4582156358
36726.9911183086
36763.2618019762
36682.9059377905
36707.3818687921
36707.7188201384
36604.8816764409
36687.4006100021
36683.6055173725
36694.391462701
36681.4984006148
36640.8999708035
36684.0280671749
36684.6691147724
36638.0855193697
36739.346587158
36788.6867171203
36712.337928013
36598.9028716462
36659.7945257084
36670.7394384309
36686.9431129308
36645.9047593681
36683.0509994114
36610.0110828088
36737.6826175458
36609.6878350708
36601.0775145724
36704.583087147
36660.4060921479
36675.5917956987
36693.3379439424
36636.1617178458
36662.0220666496
36754.7005587946
36683.7122673117
36670.1652564123
36634.6682165466
36650.9274329368
36610.7786946011
36690.4801248549
36673.8331805711
36706.0712204038
36676.7043672366
36672.0163617728
36733.415379292
36721.2109225555
36722.140924508
36733.3652049858
36794.0312725925
36657.5541794836
36689.8595512008
36787.9481846585
36749.1318454119
36685.0369243491
36636.7559739248
36702.5513259803
36689.2685363752
36742.3460196069
36670.7106694037
36688.3338644241
36749.9298669751
36725.1214882426
36738.5535956509
36621.8165271039
36734.0791215134
36855.2499749203
36616.0260330446
36745.5019930581
36649.3466603064
36742.9751884866
36621.962629424
36611.1000605855
36630.9318570536
36764.743275205
36627.3620566878
36691.614568486
36761.7013555001
36727.737829436
36661.9253536839
36734.4766678141
36782.5180356368
36641.6577644408
36615.4074386661
36752.6238688616
36674.0970747993
36714.9288541919
36720.0195197045
36677.584537951
36582.1023042134
36686.1951455472
36627.8978601907
36659.7840685821
36711.8159295818
36622.1509666913
36769.6851545543
36752.5126442525
36632.1465086511
36726.9502574938
36703.7010977945
36691.2475750927
36690.9545358579
36640.3600128508
36770.5662223819
36685.4888653446
36681.1347659719
36717.8555951668
36701.5456963001
36680.7049410582
36724.8625492801
36635.8852472429
36684.3625782171
36641.268715005
36715.3349714062
36602.5498787204
36679.0343336966
36657.5716741601
36689.1486056211
36695.3729888693
36741.6663037307
36767.4027735498
36662.417512233
36618.1223620942
36663.827159047
36717.7896789985
36653.9706647154
36784.0028673043
36733.3123802742
36686.5859680165
36651.6690275519
36760.8293027146
36687.6390173871
36624.0458278917
36655.8364354256
36588.35277055
36732.6982742588
36691.0609234853
36660.4433570331
36753.7770803001
36602.1734786062
36669.9219785503
36619.9219994071
36725.1411893382
36618.9360112241
36736.5772124319
36712.9483423344
36718.7805415278
36705.9078626323
36680.7178550184
36736.12953782
36593.0019023015
36721.824362358
36648.6121494454
36704.7581157408
36597.5899813592
36644.1651816978
36665.757986516
36671.8182392344
36751.7641395152
36620.4086998894
36735.4350871686
36630.257894735
36730.7811706699
36641.3058347956
36737.6611474278
36687.1334458018
36817.0258593506
36664.0779975803
36765.84789929
36632.8621852013
36595.5283859153
36680.8222647693
36716.7441893333
36641.1190720882
36771.0099980238
36658.8775218438
36716.2383669462
36620.3187597565
36778.9226933175
36707.7813536851
36714.6271991341
36632.2863459422
36621.805235391
36680.0800763748
36661.6035805343
36732.731715817
36677.3060076436
36655.11334364
36600.351276367
36595.4309589159
36667.6722314135
36600.467597552
36615.7384952681
36729.2546134746
36680.163281722
36750.2666175644
36649.4183512566
36676.9692271845
36694.2600895463
36680.6825138008
36665.8735313513
36793.1264133936
36695.6616292974
36618.3638814462
36609.4783014881
36813.0255158351
36657.1798709033
36611.5214413481
36688.3815530989
36671.635342082
36605.226927297
36699.7042254183
36699.2586777567
36697.6106137489
36670.4974884897
36687.9862821739
36652.7746489152
36725.6812792222
36658.6179157205
36578.4617221928
36614.9022612152
36614.05736648
36695.7693467912
36546.5346417834
36692.3067952234
36609.7506607043
36757.0021565773
36754.4476968347
36676.6997933846
36672.1728386032
36736.2355248741
36659.8886736134
36685.2581004368
36750.7199880951
36655.4610993038
36732.9761010487
36683.5473775604
36720.7500788771
36664.9386880845
36730.8157066527
36752.3647543351
36695.5802720806
36670.0388875302
36690.3544478293
36612.4406895979
36719.3145743264
36673.53868191
36688.2118404711
36631.4478918893
36654.34114798
36706.5063071272
36653.446065298
36733.923288395
36701.0574678304
36666.9469592447
36746.3079385684
36653.9130822282
36692.2056845374
36609.0154680676
36494.3795481185
36755.2548809134
36717.8874997704
36695.042484861
36683.1056811946
36606.3328312211
36694.3830555597
36743.5017420671
36695.1538040556
36644.9790628779
36732.9663334134
36775.0604422116
36780.943312317
36658.2882687373
36649.2450144194
36661.1791711903
36755.926654124
36739.9249055984
36715.2992027148
36688.8669562476
36583.6409354849
36748.0337250072
36657.6719972626
36656.114457458
36695.1699245655
36669.5864827939
36651.4102440464
36648.7079449507
36668.9457824021
36694.9065897575
36728.5404401402
36662.8808620819
36772.5114734016
36678.9978051355
36680.4133436319
36705.7256084328
36790.6853485149
36664.3986611871
36668.1771271639
36697.8484941734
36648.696417453
36790.7870808955
36619.3827947988
36711.354120209
36720.6447916215
36704.7558831892
36733.3162827626
36724.6499557222
36636.2853844384
36631.8220864121
36667.1027284978
36723.6157458768
36684.824120083
36746.8870225513
36637.4350886112
36618.2707619509
36734.2723966274
36588.822053665
36614.4650806167
36767.4402442636
36670.66974029
36730.5251942584
36624.7883531223
36798.4180247464
36660.2721336048
36722.271478117
36755.7129264308
36672.3060251867
36714.650780923
36587.356147591
36659.3468085413
36662.2012681069
36661.8095274116
36689.8612651774
36668.1869037942
36643.5836011959
36757.7420918091
36665.2826697641
36701.8022223974
36694.2277674652
36701.0846056665
36777.1548485004
36719.5029301605
36761.9533932016
36658.506647043
36670.0562520387
36759.5578638792
36650.0599606545
36686.1965454323
36595.4974190216
36788.4684727932
36659.6949413348
36743.2291945191
36664.2989186717
36675.4261735297
36754.154442425
36595.3734474295
36637.9530233635
36693.620373874
36654.0026185188
36692.2852010004
36644.2480641483
36701.5705595982
36625.9983735724
36699.8295772661
36665.8197673083
36565.940069793
36767.8367567394
36571.2181157167
36650.075648094
36614.0215575629
36694.3166601855
36633.7187181791
36613.7307390604
36715.0064172781
36758.4225364088
36741.6308995539
36680.8325878481
36641.1856508453
36829.244963405
36668.3244092473
36764.355101769
36857.1706932719
36675.07106009
36802.1525069086
36560.8666371844
36708.1595281785
36695.366148971
36679.1160726261
36580.5512518372
36706.4193017076
36544.4490678703
36729.4153145111
36596.1180999757
36591.7798740481
36673.7160053346
36677.2838006137
36680.5539538853
36664.7248417306
36704.4722719979
36676.2050161346
36695.7251093317
36654.6520541932
36729.9185358775
36777.0339135761
36698.894345282
36651.823823595
36601.4152512783
36730.2572584246
36655.8401015867
36792.2914453461
36724.2453105365
36653.126200236
36765.6395262912
36690.0152234299
36725.5297901895
36669.9250485785
36675.8241290945
36641.3109213387
36764.8494169372
36689.2750998463
36672.3133842662
36705.9240287025
36776.8853498424
36732.8852544099
36675.2668922251
36672.8773812863
36690.1571022119
36633.7469073926
36646.4031471765
36699.0057252746
36707.7979625812
36677.7210393002
36708.6355610177
36623.118308762
36742.1515196747
36659.0728332284
36686.2025387357
36705.391085563
36679.3685541479
36689.6237265787
36708.0374893024
36617.9704739608
36723.0080506226
36641.0533543991
36744.6462815114
36729.9316630991
36639.1198534294
36684.3497983377
36682.5620582508
36817.8182707196
36684.1349878055
36655.5218152517
36672.8851339475
36571.9360716111
36638.298133326
36641.9280989486
36671.2493585259
36651.4979780359
36751.0509793816
36721.4529078448
36633.0471695244
36650.7766808409
36682.2061836718
36648.9743903802
36646.0607946587
36632.7115637844
36727.6110690784
36643.8704204384
36676.3563682235
36703.0498486085
36774.5585548659
36665.5119437934
36746.0580919336
36637.9713162328
36612.9711113521
36701.6956265537
36699.6834711326
36679.5164295254
36635.9597977098
36688.4382929356
36737.0346134322
36604.5839853596
36708.8099661675
36632.122968866
36680.5123840037
36667.5936418495
36626.4772225549
36635.7685303298
36694.2033260074
36619.051419057
36704.7986688075
36771.0822749216
36655.1992595066
36682.0324929498
36693.9208767202
36701.9509231949
36614.891371112
36660.940089334
36572.6721073475
36639.3207763384
36746.5123677149
36726.985949051
36764.9778335045
36618.1616052502
36724.2148751
36818.8796457494
36705.1953784107
36657.6023801902
36679.9806388259
36715.5312612502
36668.6508007378
36746.1069529436
36749.7087712041
36684.9583018112
36681.3269753502
36632.9826738109
36689.4463927096
36673.6420787461
36612.2265149738
36685.5275167481
36696.9432107038
36707.877659664
36701.1464972981
36658.6266027185
36632.4850240598
36744.0847950813
36642.8792119849
36727.6515607923
36599.1791110044
36661.5414285462
36648.4635350203
36630.1991980358
36733.4031358316
36678.7472149077
36686.0925030587
36581.5439852448
36681.2351278366
36633.6965386146
36640.5979170449
36709.3350860912
36705.035737143
36701.7692432373
36736.342299977
36680.5285454404
36663.7959694562
36605.355501088
36730.8847145517
36641.5579758744
36632.7929869989
36687.9898872961
36653.6380918738
36646.7242237915
36651.0252447647
36726.563888907
36618.110800694
36700.4808826933
36779.3867735337
36694.2934471321
36626.7034094942
36634.0533860612
36722.2117367292
36717.0066144876
36622.5165933945
36622.3588569389
36693.2098969109
36687.7039106357
36767.938634601
36766.7138858501
36652.4415453594
36735.5016854713
36605.1393351847
36674.0778681931
36675.5611562089
36709.5352147451
36619.6892126494
36710.7689637361
36669.000550361
36704.473972051
36655.058515554
36739.3905961829
36700.5820912087
36694.810247848
36728.5670723577
36664.5728883378
36692.769608058
36680.6145045233
36604.7144009776
36687.5595785692
36633.0404818303
36709.9512058625
36655.8688236453
36717.228491494
36650.129158541
36640.5659355526
36753.3111263048
36740.0369196949
36648.7165240286
36723.1339800742
36636.7183794142
36755.3952894678
36670.2969145087
36756.1084352585
36681.4807454041
36612.1485421846
36740.6505106564
36672.8897547333
36739.2915762942
36626.1308580631
36622.3266285912
36668.8808530661
36668.0957639326
36752.8641820926
36611.5143995827
36663.8567231935
36649.3379430368
36622.8139818252
36715.4236468151
36653.752899455
36750.0765805668
36725.9859754613
36681.1228912882
36677.6912333661
36689.3553848372
36672.3758425303
36721.4737913535
36700.0630907872
36665.215733397
36685.1212528175
36686.0924897131
36662.4858790499
36774.4470978407
36725.7290047242
36673.6584641094
36731.3825118773
36748.6434898165
36755.0573868218
36646.2655302588
36580.7766540029
36726.2295758472
36663.9355375252
36628.338890103
36572.2089094651
36565.1679426851
36601.6138542779
36578.8226948505
36709.6193680436
36710.3376905588
36788.5773006761
36865.2545941567
36699.7775039121
36646.9824829309
36688.8789123169
36657.1593289823
36701.5143877173
36727.5435859889
36685.2804447075
36708.2409467781
36647.4433581788
36664.0125038758
36748.8379820343
36759.0129648397
36745.8122466246
36699.9785296337
36667.9715790124
36698.1457755275
36800.0059965298
36781.5472549596
36655.3247259606
36679.133558222
36667.9969939404
36711.4823083108
36674.4558472036
36637.7455545381
36608.5640764061
36700.1579670968
36658.7978385213
36574.2985585355
36758.7480058672
36717.062432443
36627.7327131676
36672.6588454831
36742.2332201241
36628.4282611378
36682.6624416123
36701.8538728883
36737.7337034087
36721.681923369
36648.5655846806
36542.1615546584
36656.9247268462
36731.6418424162
36708.2668941201
36695.5604262345
36646.5522258227
36625.4880951368
36643.2020282002
36714.1119610009
36683.4922942062
36593.8497311708
36606.6370299435
36740.2185467506
36687.1841579538
36732.874579992
36656.0212010954
36675.3934685903
36737.7408588909
36631.7424851716
36693.2482150476
36662.4314351882
36712.6159033011
36668.3354346317
36770.1678921546
36647.8697147309
36715.9697682869
36702.103516994
36664.1629590431
36647.4764880562
36710.2931209403
36757.0610587604
36620.9237269231
36752.4561666878
36681.9218227929
