103749.327932667
103739.60272849
103720.671388626
103507.086620436
103759.771630567
103632.86986291
103875.185182131
103685.614012694
103851.714850659
103763.758266277
103715.231924871
103682.996652348
103990.511212613
103792.210560883
103835.507452187
103765.891994083
103835.928944151
103915.759338937
103681.868464225
103746.971134281
103788.627635521
103944.102487587
103885.260844826
103671.046623775
103735.95929733
103847.071531277
103768.545592371
103769.33382905
103809.338920234
103812.919233865
103702.955320955
103868.394629976
103805.0992524
103829.318644261
103635.649198423
103862.006120528
103834.656835748
103618.283736481
103646.104493906
103792.61125748
103861.040453166
103800.867361286
103806.202587537
103809.194098409
103821.343240305
103865.324026074
103867.905418233
103968.743832478
103910.018564364
103719.916705802
103735.906254879
103825.943042866
103761.324930354
103900.023923864
103862.231302532
103662.177867213
103667.987413937
103991.759445877
103611.4481979
103778.766959997
103802.969070763
103888.614128849
103865.819144716
103769.676553414
103747.475955723
103753.36456836
103851.998950017
103634.448167672
103845.2642043
103917.954009861
103662.028857865
103851.402457292
103892.999611051
103979.490011574
103690.110133944
103797.888051043
103828.865550262
103956.85090302
103740.590525915
103715.075116565
103693.5341089
103872.744203408
103949.870221071
103801.289031331
103788.292669069
103754.848084612
103716.109594856
103840.849194914
103681.997551227
103796.024130322
103898.190374259
104012.707623322
103880.270324418
103662.05706459
103739.926204956
103860.136187473
103684.636632249
103932.591161116
103853.939167653
103667.937891723
103918.873730599
103931.651650379
103803.551522086
103862.394680661
103983.569433993
103868.309343049
103829.747380558
103948.427110607
103853.313938414
103817.377737374
103795.969873982
103764.352310908
103870.148704511
103888.436128981
103756.820741661
103855.156480518
103777.431014239
103724.045398197
103831.698058761
103786.307495421
103777.878701732
103729.323228772
103862.102222387
103751.971544672
103899.968188713
103851.502162623
103743.514903998
103721.415355444
103782.014057058
103770.283397185
103774.316079729
103693.04884087
103751.187922955
103885.680021377
103917.409666624
103986.032102868
103782.220684083
103885.507014468
103781.875974303
103894.513357553
103881.189288522
103768.426579837
103797.793167805
103776.743200489
103941.461247332
103963.661876839
103726.396610261
103769.409381998
103701.296163722
103902.259939295
103610.824712101
103728.590886837
103821.680385029
103693.980318477
103652.893480813
103907.728770411
103764.790027315
103705.655515727
103953.196153719
103930.502600042
103625.748875451
103752.93938716
103720.515018087
103885.058712489
103864.696128151
103744.865487906
103813.110742543
103850.13876677
103807.503203252
103656.281564394
103941.303522119
103775.283698182
103654.626079145
103761.199849576
103973.314413483
103801.198810516
103890.577436492
103826.100004613
103934.930361361
103800.201352379
103881.501882191
103647.20097149
103757.549937716
103720.271953129
103813.697499637
103829.568397004
103745.614885863
103814.581979946
103900.013965722
103756.734963067
103746.00655239
103991.325362481
103843.254663034
103929.243328337
103834.168756071
103547.588413668
103792.266831541
103810.409094881
103714.744466052
103723.605255175
103732.927051834
103796.187724032
103830.198401933
104009.038039236
103817.463209434
103957.836087862
103948.352818622
103883.706257661
103728.414125631
103701.471077197
103898.102799949
103717.056771219
103780.398474667
103853.377354558
103791.400447967
103867.074834399
103847.227464897
103839.612547959
103719.059343815
103781.446618406
103696.281447149
103841.412612533
103854.326138428
103847.788388665
103795.5706746
103867.969969021
103728.241858206
103715.730822124
103753.247531479
103857.999764762
104002.185486756
103529.94303516
103865.729020399
103737.949356947
103815.283262505
103855.811537192
103712.398840088
103971.173341681
103724.277547409
103948.464434966
103853.268231414
103668.373330857
103881.623723717
103813.093466379
103874.730166641
103852.231169346
103837.069580528
103773.634843112
103880.304972341
103867.556034961
103982.982751807
103843.149065311
103867.404406381
103959.525449762
103804.148024555
103861.657034535
103735.63483329
103828.400755469
103929.341634137
103830.345769472
104067.1352907
103749.0582285
103760.464839333
103749.102163966
103839.213803227
103818.146334674
103696.938338406
103696.210067246
103620.045166977
103954.478028383
103847.756000607
103741.102098308
103840.584039851
103768.719073082
103887.284829246
103653.756044767
103914.120804256
103696.816103216
103788.021092201
103804.567596765
103834.303824697
103875.882105184
103654.911567586
103758.567152786
103781.381557495
103825.719390467
103863.869175357
103609.18199418
103635.817056877
103816.357578035
103881.26848457
103827.631580522
103802.889989918
103844.039517593
103742.043200796
103916.57810506
103918.061744377
103829.774487256
103663.499008645
103868.216422314
103690.483806128
103882.049277929
103820.980448316
103856.98570417
103831.338996054
104107.478398369
103702.584174489
103729.883689352
103670.849345313
103869.861720122
103735.177348899
103866.682892019
103898.811476709
103805.084869016
103910.75629332
103871.716910287
103802.675201776
103784.208799788
103815.60001161
103793.714312068
103773.53810145
103839.876664354
103509.741880862
103930.651247992
103826.003621771
103739.417324583
103890.015508875
103627.248015347
103844.813503688
103787.545705684
103842.529099001
103821.474866171
103653.485809219
103822.527428431
103690.053832319
103777.295066354
103952.149288164
103657.190853397
103825.453230731
103842.792348917
103809.335606151
103912.57524858
103767.4806085
104043.411305225
103647.091961576
103708.366016381
103758.486051896
103728.897475108
103693.40335777
103786.469769205
103776.848450898
103876.758952554
103713.375081651
103833.528605473
103763.177050184
103787.007688112
103909.54220184
103739.569730236
103821.979700708
103961.614552087
103811.93306798
103849.393485546
103766.720768767
103797.079059573
103836.522816578
103728.95739926
103787.263735082
103781.834220786
103921.287897601
103860.55704588
103684.547257663
103807.007064276
103785.766582505
103859.183310221
103836.579809655
104000.008438992
103694.441460576
103701.542346853
103725.114997678
103791.751632928
103654.516092562
103746.96030046
103760.339000959
103812.737573278
103849.674608008
103791.400762413
103793.838839883
103701.267853953
103874.695324534
103790.440363857
103696.086731782
103763.153703873
103865.477995659
103632.54802446
103722.588765679
103817.194265783
103898.616363833
103777.55196629
103812.535317985
103831.976160672
103648.105556634
103820.126177349
103837.112685478
103817.169588904
103885.335532338
103939.574774934
103817.56822032
103831.326633536
103804.657139636
103894.879984375
103834.070081872
103790.584395655
103731.793494768
103888.685520825
103897.199995333
103836.910695771
103850.914729883
103975.008485734
103808.525605137
103861.194667393
103672.947602382
103824.007702129
103727.054971029
103873.344098713
103803.856873083
103853.581704309
103718.708794542
103837.762936026
103705.569898464
103801.326418981
103862.341900146
103786.729864129
103753.232503589
103718.775268451
103822.988820636
103879.203488413
104000.968786115
103701.979377377
103873.214053494
103899.012107222
103668.13286402
103860.876035787
103761.000534461
103771.156395052
103749.098893783
103796.594241258
103556.938957698
103782.728779137
103897.845491807
103714.205720722
103806.392473945
103861.13978459
103878.105660575
103742.233849496
103840.450242416
103925.50578619
103817.190880197
103816.626665833
103828.68543379
103783.298625483
103825.641265457
103851.324581102
103814.253068663
103780.778196125
103906.542490736
103832.744229238
103857.407424766
103829.443763855
103978.728135764
103867.869730243
103756.256448713
103812.081670746
103658.645129893
103815.293602807
103666.492017542
103856.984816734
103586.717077639
103671.266804997
103646.595792309
103800.457216658
103866.487389737
103851.671982598
103658.532921448
103784.508737125
103911.414236105
103777.000426946
103661.132017605
103924.309777141
103685.219075182
103723.47212189
103822.275293886
103779.363773963
103786.86401579
103764.19727888
103743.190940297
104031.004582075
103767.759567982
103881.468949533
103751.062475117
103719.528857903
103943.812067847
103741.262856706
103813.190469714
103735.91420296
103796.02363872
103813.188703851
103770.347106908
103936.114919079
103803.281067613
103949.866528665
103941.720935623
103790.962616158
103818.693596187
103691.384516082
103863.441972463
103726.0265868
103888.394600825
103705.127310906
103857.4501878
103914.314808341
103841.128884832
103645.222500716
104025.970060181
103614.615256315
103738.510272856
103846.713087817
103889.666205366
103843.241801228
103814.194488085
103816.136737785
103744.798025605
103635.358277859
104029.776086719
103830.727318338
103661.281565265
103786.040632647
103804.168769653
103896.160155456
103905.906765445
103907.297189413
103985.054724338
103783.561795829
103782.667092298
103738.70634346
103905.38701536
103854.473776254
103760.161087722
103927.8685167
103818.676999058
103769.352306138
103895.431458086
103838.212822404
103793.323795734
103709.908195677
103733.984853987
103841.605767434
103864.447895891
103821.397024562
103679.205157382
103886.40025803
103843.942005248
103758.648940174
103722.034702369
103611.781356235
103770.826229758
103791.796565609
103731.764674618
103663.600771267
103926.815841811
103877.060766066
103872.277315068
103835.820843888
103912.422645469
103921.23090651
103716.64359374
103926.781859343
103847.398146878
103688.76773049
103686.015191812
103862.993425076
103924.159239324
103784.944907025
103778.080644426
103677.150108264
103793.923899579
103865.948843216
103720.784526876
103808.993698109
103968.293489579
103691.699255873
103868.802660977
103766.398776809
103844.991951076
103819.108307924
103731.651671797
103934.701398633
103767.760378531
103848.757036718
103966.816539374
103776.416321436
103599.438517195
103927.756618122
103802.527364865
103760.0364311
103638.156866114
103934.485072268
103741.100063915
103923.964671958
103853.11030834
103796.957559199
103718.188356768
103645.555245158
103840.97109086
103878.144226461
103751.388643972
103774.149086008
103925.389321851
103584.45536565
103920.217557524
103915.211872973
103788.06708571
103664.690347577
103852.657589766
103843.996093823
103622.987308512
103759.466738771
103675.589447515
103754.373025825
103701.98245108
103873.763771263
103738.035560572
103879.93321448
103714.985744892
103874.663462847
103975.467228752
103725.692550485
103806.890285848
103801.998574429
103896.672197929
103831.528179132
103850.324501476
103828.669596637
103858.635927658
103754.778701351
103821.617897704
103903.718668019
103822.777168018
103883.690064963
103940.205002301
103909.606293577
103949.378410208
103821.578783278
103815.049457818
103798.647567731
103752.440917286
103816.178199903
103731.764259804
103866.700136905
103926.177178713
103654.118002083
103813.375980317
103683.071641035
103823.642744837
103822.864448785
103750.836736226
103864.260759684
103866.418154739
103854.063818335
103666.214665974
103927.834357449
103752.757393892
103624.523144508
103832.888386948
103918.416429062
103840.03725075
103637.765588819
103838.443508158
103800.966406894
103707.731992321
103874.404024162
103874.908399476
103860.037833141
103747.036246045
103981.585496015
103678.508159532
103842.118578689
103943.995971823
103819.834921253
103628.7893795
103719.37528866
103743.639643851
103841.96112176
103639.447949388
103997.443112468
103782.157023156
103952.803450488
103909.476481102
103744.980005582
103745.323075518
103842.266417683
103754.076099646
103731.019295075
103819.498038103
103815.06239508
103766.968055846
103800.253154714
103938.691300483
103787.563259399
103856.49785848
103933.034193154
103823.191431147
103853.187547184
103802.534755102
104012.438565937
103930.304100863
103749.611281318
103858.161178523
103765.323160805
103869.94638922
103762.77411238
103692.788698542
103918.420089911
103785.486614295
103730.519916126
103810.837992808
103946.369544412
103726.925163599
103827.964701615
103671.727003211
103841.330610908
103717.308948095
103671.591096771
103793.007525591
103927.360696291
103640.15165713
103832.268812034
103842.898587574
103844.392406843
103812.12986244
103810.158879535
103843.143512735
103724.304059636
103758.833542423
103912.797427932
103786.032934092
103890.460974109
103804.524101841
103886.766224182
103806.436722244
103768.468213973
103832.766045721
103815.63130221
103926.296359921
103754.411863739
103791.151584765
103831.49766763
103965.039294604
103888.890025258
103837.497450062
103794.771687528
103737.768470767
103800.778901873
103636.518834317
103767.025590628
103736.267336831
103841.359638318
104036.137242335
103761.401083679
103887.954396915
103837.984183475
103789.587273594
103792.763481628
103889.94710082
103724.806757729
103521.835882822
103781.987024264
103913.722527215
103857.180015721
103864.269300809
103949.281891228
103864.185044857
103980.029587219
103842.790825655
103829.221540367
103832.731701194
103670.173519407
103782.560317733
103782.03726855
103909.364125846
103775.291771367
103934.619543695
103831.691011511
103808.14550217
103813.550337921
103655.650156632
103795.550039321
103905.660592893
103717.030401406
103753.074164805
103728.263148655
103853.349274368
103869.34350178
103795.171712049
103815.000235468
103751.210812895
103812.981049028
103869.078106382
103801.421215405
103811.04527545
103822.305293983
103621.583412119
103937.634990299
103674.8656177
103852.515154156
103967.145348456
103694.387101495
103955.641034556
103796.184759849
103846.525049845
103909.590543255
103788.090123912
103656.534740981
103779.471153025
103924.924023723
103791.161674543
103889.093945134
103856.943753172
103888.726473454
103951.519633208
103601.779706426
103679.884993658
103839.495191866
103776.777866422
103898.157676509
103923.666264187
103795.75777276
103885.608298885
103760.37953027
103793.036815006
103705.680877395
103754.500173617
103917.767680862
103716.021661169
103914.794779956
103795.054160249
103904.611637684
103960.946965747
103794.062083911
103854.094809026
103677.649462653
103689.230312599
103762.014512905
103692.325997789
103857.785268298
103893.183394816
103729.611341334
103734.278860711
103954.489955162
103883.647801915
103988.32670836
103868.71783298
103830.135296464
103818.210452378
103736.989136566
103734.26198159
103994.056714896
103765.563351741
103729.035943482
103826.603883278
104041.011451003
103781.781480057
103617.415402029
104029.101861171
103853.908988035
103739.045692575
103729.508770855
103782.471068789
103896.032900616
103762.516297813
103737.300376814
103711.346112214
103733.595761029
103638.864210317
103796.868790588
103827.168714952
103753.558332783
103817.897395357
103750.756655921
103692.238236457
103979.231492521
103770.265841276
103798.400141343
103821.101357088
103577.87735006
103824.304921729
103796.43727161
103815.933993281
103758.365045157
103902.525270721
103700.14195316
103864.281848935
103906.203499165
103787.871249455
103831.642394034
103780.046907408
103881.119321956
103836.304712647
103771.485253851
103759.8105015
103717.795352604
103870.080349415
103496.168345275
103882.322329405
103928.064438569
103736.875828787
103823.396018542
103932.444630166
103838.612501367
103667.010076511
103813.067348687
103779.074318578
103793.857782494
103735.841243038
103884.026954897
103812.002819718
103725.956230456
103816.535757595
103772.970305528
103667.376292238
103880.952613319
103848.13547184
103976.642348561
103765.051961186
103678.273906161
103816.528043073
103967.721107097
103778.512081562
103781.704358684
103919.474910563
103899.747725766
103670.271311378
103722.921556346
103838.628177867
103773.337088843
103853.505755122
103982.860219872
103788.83604179
103834.522580295
103765.059844118
103843.162574308
103838.937336951
103848.259070657
103802.398790777
103676.88087603
103857.534257395
103849.626802819
103810.936505625
103928.264423175
103763.531041099
103914.58299934
103838.711323231
103678.201134436
103916.044876823
103843.706892806
104012.021354037
103801.924974714
103940.153914527
103764.128565884
103640.745551363
103777.702087761
103777.187660815
103781.306197251
103654.477355404
103899.311794254
103904.744700889
103783.10760629
103724.829261846
103897.99173402
103790.713629941
103761.06572886
103854.13763333
103699.773503513
103682.670083062
103716.077328013
103707.525121292
103744.987634636
103861.362626804
103794.865950712
103872.34967366
103919.415409747
103876.129849773
103665.167752964
103796.736741689
103773.200523789
103749.299562201
103771.625080306
103826.758832556
103949.136402224
103885.498206105
103854.724771601
