103794.976495419
103587.532449992
103730.244051705
103783.157429347
103954.816344861
103791.21460716
103694.099036688
103907.437538624
104074.284473324
103945.290256072
103972.054041786
104010.58487458
103890.487300893
103854.600308175
103886.770943171
103679.813789974
103714.457289827
103814.899767724
103851.604496837
103753.811654176
103836.710566538
103734.641255766
103703.441982762
103776.850022396
103780.662014092
103800.758338619
103751.611596894
103736.715885265
103654.912100264
103810.046627569
103705.853278738
103753.428639539
103866.777834858
103688.241833892
103798.579930819
103896.959589287
103753.018695996
103840.774666933
103703.303492102
103583.677984289
103659.812287981
103842.0434041
103966.678394747
103927.982354799
103784.592440847
103963.639985094
103825.389957809
103760.276709964
103805.223297342
103683.090252573
103804.970293288
103753.707196706
103861.110753565
104055.593782175
103812.934130697
103846.036682945
103758.498926539
103703.404864949
103837.285343068
103777.256195438
103719.056639223
103709.184293625
103863.794033512
103878.410936993
103670.544072114
103667.826281954
103615.802347113
103705.01846043
103834.995714975
103925.583298328
103657.352240955
103762.386947633
103817.830157797
103723.118810894
103835.015096327
103671.664888174
103948.921388268
103802.875477162
103885.813700749
103742.386684585
103793.919802281
103820.61751829
103851.019556097
103815.871703758
103777.571463197
103698.695276265
103936.180942032
103682.487805832
103734.893532034
103933.374242474
103881.865310218
103798.083398246
103959.704383325
103795.247536149
103921.128622459
103986.478593671
103681.12609241
103719.591482069
103742.222602308
103871.646480331
103857.405351903
103890.668198406
103809.918489841
103796.809007531
103879.505956212
103872.551764872
103844.043171413
103708.794049649
103572.659711277
103818.579351358
103806.906715898
103887.186539726
103895.638809251
103727.323094433
103927.219418874
103714.746779409
103866.93266282
103723.485432386
103755.143322083
103806.807529088
103857.821761891
103749.709231146
103785.195022395
103853.758493073
103879.006607445
103858.321149566
103831.926735335
103877.624179237
103836.945531387
103764.159011805
103905.876809108
103888.599503927
103758.233086627
103741.44548088
103659.756410466
103983.582935021
103859.207891787
103810.615957145
103691.516773067
103877.525240717
103860.748458699
103584.958183637
104032.790866437
103840.159459697
103907.211986096
104049.468132777
104011.551153472
103732.773058301
103759.139290207
103813.496436953
103808.619518597
103809.74762873
103905.439252925
103892.293838707
103661.26394399
103790.159483761
103682.808472167
103924.59491708
103699.824909214
103815.706818798
103953.748236741
103838.136200494
103785.857556725
103933.00096941
103774.456580096
103732.310737236
103776.656673828
103898.491579993
103796.564335004
103778.557701768
103889.209402084
103815.170692218
103684.919540612
103769.164165961
103913.685612556
103975.84201872
103676.771374422
103800.934620773
103999.612032901
103903.083981792
103946.492489283
103812.99963185
103923.383653966
103853.649254273
103733.379223159
103719.823588096
103733.517600886
103878.416667749
103877.960753573
103860.328082349
103568.757840811
103725.432326417
103794.020305217
103820.999743142
103714.249868482
103975.368133239
103777.107520377
103902.756527429
103851.655903627
103726.83340308
103785.965590352
103856.27252868
103806.955037724
103863.369559037
103855.42969878
103938.622582092
103796.572957529
103977.805960417
103955.334697577
103656.749097026
103890.459190889
103840.419979753
103827.733936676
103873.648653894
103730.346843235
103716.197156329
103711.957540303
103718.097638156
103710.592734852
103700.509382804
103901.708140103
103841.697728781
103906.582572397
103770.849952947
104076.717823092
103878.42740224
103996.669082027
103835.71530825
103835.699002585
103518.878331161
103986.248376334
103727.980612672
103825.875199355
103937.700346172
103826.964285789
103769.577089016
103782.220438848
103821.011736654
103971.07860257
103959.623866071
103939.964302496
103908.97733287
103745.789084596
103773.140400649
103963.775722554
103781.039443324
103799.648206468
103732.334268852
103813.259717241
103938.570711585
103920.691031129
103758.372107969
103791.834433248
103649.067144427
103760.900035786
103875.29234328
103935.688782982
103931.250939289
103782.246677594
103847.407999428
103712.132713305
103957.490262189
103858.769855269
103744.033128043
103780.095439766
103670.993401296
103852.943108544
103694.044641797
103829.749487216
103815.367330625
103810.87579152
103801.796310331
103966.281475214
103790.864254721
103645.156063791
103725.176683115
103807.210184564
103778.16524172
103809.782713116
103847.39343523
103769.518284781
104048.203753911
103884.258871262
103932.518157607
103877.940813857
103857.27836623
103752.268560049
104001.12575634
103861.997523593
103709.484858692
103823.30333364
103878.082674678
103782.712821605
103786.866898684
103915.154171125
103809.957849895
103733.388918753
103773.358631489
103613.177460641
103767.705662678
103908.753096968
103991.66966722
103772.015328541
103625.104807059
103663.015685114
103868.749069978
103857.010399203
103802.886683764
103795.480076838
103971.662366893
103810.186235311
103700.726468927
103764.759908762
103737.894293166
103953.894880705
103868.179546725
103542.620701064
103721.859681268
103807.646921891
103840.554784889
103832.726381407
103904.57020901
103746.293623514
103814.170907521
103823.075820306
103891.977080702
103719.893126894
103776.520076787
103902.981880155
103840.826206509
103850.804013633
103760.456495896
103945.120508289
103730.298106877
103799.746181662
103824.598018771
103832.807241359
103991.010498239
103712.508177125
103984.406961461
103900.199981476
103709.610023836
103850.094427174
103753.968536201
103756.188979914
103697.929613507
103774.688856482
103733.941138575
103932.78489872
103837.032917965
103831.200635104
103898.238728038
103765.574599628
103761.783510929
103787.829055896
103834.087043691
103835.775483005
103912.592430693
103869.493369472
103895.422135816
103769.449613914
103877.2303068
103765.893554449
103794.522049472
103738.661563964
103939.230716703
104028.417751361
103805.405469069
103822.776106753
103783.922697294
103780.38183046
103933.739125318
103836.340208178
103808.165528174
103759.78547318
103892.997762424
103861.891430078
103829.565623473
103885.289299148
103939.988013142
103924.44357594
103747.156114941
103829.262892201
103855.635616635
103754.824931358
103704.195989332
103615.031222992
103974.829879326
103884.135682069
103953.71216576
103903.635670386
103756.797221421
103890.522270921
103759.483828403
103846.558817339
103728.632973604
103832.752810877
103904.581286327
103848.62095186
103864.749314249
103678.622809924
103879.731166709
103823.481603884
103740.98346786
103721.166062421
103908.019642934
103820.098553607
103819.206423316
103979.991825552
103752.522957745
103803.86782917
103830.291807729
103841.199886552
103756.693191911
103730.431445654
103743.639540203
103785.071060399
103815.797714341
103870.144501748
103871.757487571
103773.32603651
103796.456285076
103802.575505716
103662.357682837
103945.675688559
103820.54113101
103689.005724974
103940.053087302
103731.305501848
103837.940664506
103670.471398793
103910.094070882
103970.62448029
103963.706565091
103781.569731884
103796.432394277
103688.850317745
103842.648049002
103808.362585951
103893.192813521
103758.445803848
103769.743902718
103833.492598691
103657.916542396
103890.669747183
104040.301879745
103902.470678977
103719.066996036
103687.390854807
103784.20287613
103842.695345274
103801.135176427
103730.294231043
103964.212591974
103664.71288274
103730.841805556
103723.635800012
103843.004474034
103862.943743887
103718.335509004
103795.505784932
103820.85195206
103925.135979265
103773.39190865
103748.241569571
103897.524389455
103855.934224954
103845.481772096
103872.651275163
103793.962618674
103927.608672817
103866.947055827
103939.103631383
103829.967668988
103817.177254796
103864.813528827
103873.251871782
103858.003463874
103813.015405273
103776.050132442
103744.86489474
103938.203407162
103875.35712958
103776.899384066
103845.989041234
103801.6854518
103749.271700975
103651.819299657
103918.765105298
103868.3019737
103765.708527128
103911.698421993
103737.94931691
103791.532487989
103886.253609294
103801.672673617
103892.757177021
103657.260018408
103885.912982524
103746.930903686
103793.916294646
103898.18278097
103834.337074098
103792.154902159
103941.853028718
103916.109069822
103891.190788768
103744.646916941
103817.561722217
103810.276492182
103927.21133231
103966.83763311
103694.678545964
103822.235797626
103695.969462844
103727.340907325
103857.830348635
103756.443661066
103852.464774174
103666.363723204
103849.674472851
103894.741319412
103898.216860312
103756.640353603
103761.551893585
103830.740461231
103777.377570798
103896.456187481
103805.933121879
103767.210495063
103873.606524852
103875.430932108
103819.584684387
103762.230464936
103683.472410461
103843.006652155
103843.074861168
103855.550214155
103817.464118954
103815.608904891
103780.846219418
103865.68690256
103793.481639975
103703.092027548
103755.588880563
103869.523336483
104039.7869247
103819.870775591
103791.822344386
103893.249707813
103775.529243933
104004.865752467
103849.92042069
103994.126449389
103835.449181403
103903.940675831
103929.131896912
103915.767059988
103861.488552288
103900.612784917
103729.654811707
103867.337802021
103825.97613417
103792.347464294
103901.549236673
103817.482758346
103850.96226532
103875.25610139
103714.882974364
103605.118619357
103785.100992351
103928.257922447
103759.723903299
103957.651318395
103828.030003829
103792.053925011
103839.179853351
103931.410833069
103872.569496945
103622.146348795
103848.532155467
103710.877389097
103782.89440128
103892.921714137
103678.582300273
103831.80174611
103822.703526259
103690.817389227
103798.774265926
103857.237320854
103889.749020608
103917.185280093
103877.354239201
103849.764101251
103705.70086081
103814.925861841
103786.478496343
103984.268629045
103839.329658255
103842.222587748
103875.523015414
103978.823716259
103906.041118744
103779.188885394
103796.361662722
103792.027419387
103978.615564693
103878.025287228
103725.097851331
103955.095965661
103863.13418258
104009.462506019
103896.535493631
103698.295190169
103714.420173939
103904.976826023
103875.88544712
103719.608643895
103840.630744691
103718.89817402
103843.151279142
104001.884590425
103908.737909351
103837.303371881
103960.268560789
103667.043769405
103615.031205047
103811.51450444
103656.630672412
103598.429206295
103861.471400967
103840.769418616
103889.274256258
103839.819079832
103914.478605053
103761.162454598
103922.691520021
103898.023869935
103771.009185328
103733.390121616
103780.207489519
103839.985147362
103861.017002482
103861.085219593
103881.902482411
103719.850284813
103875.803012773
103772.778086421
103860.676814751
103971.172885157
103833.886330129
103915.190718293
103878.560375779
103929.771129214
104004.401293024
103970.094821894
103621.493637383
103896.752390437
103804.629541562
103850.353586689
103842.099638871
103775.9217713
103692.62331984
103860.485725105
103871.155966451
103895.66668711
103766.347900806
103764.336086416
103903.319218526
103775.033445376
103919.070594999
103775.330412527
103904.342991954
103874.875590983
103831.757442132
103845.245781979
104056.188552251
103857.548510682
103984.261401419
103667.977123869
103938.312269765
103882.637797345
103963.502809146
103728.518961092
103922.409098743
103712.001681903
103927.463721666
103883.625787595
103768.147358803
103709.626605547
103818.312318429
103936.628697099
103762.746182802
103832.87587208
103886.604906252
103897.943039875
103976.824955029
103783.325318613
103974.776036024
103784.260890815
103647.491779289
103785.077881335
103751.476208782
103979.669260627
103887.178959522
103861.163916697
103756.537285346
103707.42695314
103939.895301305
103882.15334508
103820.378505571
103938.990864555
103776.181255199
103804.186946911
103843.989500635
103831.296222529
103927.261013968
103980.882955291
103761.66270718
103764.303711957
103782.400901964
103820.211113297
103794.763406729
103887.469011764
103758.667699857
103803.279999107
103889.497338148
103723.777942901
103766.216153814
103921.928869394
103639.218806056
103850.444172832
103811.681430528
103759.232460777
103834.434285988
103830.922559792
103835.412716205
103883.638450193
103689.551857573
103717.643446615
103858.614749533
103831.408688027
103814.435458556
103780.707970859
103688.760357313
103777.491992055
103644.036872047
103713.078280239
103747.828914844
103688.584679633
103911.517816204
103756.50116861
103875.071750831
103784.292007225
103732.214251314
103872.426109703
103815.105740945
103819.423233105
103964.028524566
103812.251966208
103909.904718409
103857.187304924
103839.752739578
103639.944324253
103700.744307009
103686.624074745
103957.250917262
103897.341626587
103790.798277725
103721.197675574
103762.392038052
103926.87535888
103817.604083312
103860.747098026
103784.551267524
103833.804606764
103735.78467951
103787.590229916
103652.796052418
103619.749917111
103701.99680909
103788.267607644
103877.41423223
103672.915789964
103708.91252076
103850.472614521
103872.515706886
103755.200866248
103865.753735133
103800.655836392
103874.350755848
103761.301096245
103709.893521619
103995.451135327
103810.557348124
103743.530937286
103893.479667257
103980.067532058
103916.793009929
103895.409148007
103797.291287523
103958.449312564
103697.43731759
103788.258688293
103798.885209869
103843.85573645
103576.36858752
103842.821022806
103823.764794071
103680.822410857
103826.44471881
103847.631642983
103947.752114764
103813.727294702
103937.494041614
103954.74630733
103803.331777282
103809.42824032
103838.979356721
103830.970108435
103903.351853593
103976.557863142
103885.748198316
103797.985022519
103761.186475195
103995.798467981
103843.420074554
103799.073145933
103764.900595111
103747.777934649
103862.435522286
103749.094971237
103799.14660985
103963.43904207
103906.104195731
103829.38386062
103872.798520488
103634.698619811
103646.655729875
103746.815947085
103799.514352555
103999.604106617
103735.64932831
103768.097660261
103856.96094882
103837.848592048
103849.93769776
103851.176802083
103971.627520043
104004.999151464
103793.299705529
103858.738373477
103824.597545235
103720.133060448
103860.235572077
103806.108406832
103613.636623389
103723.414264068
103802.882641543
103955.884139119
103872.663931776
103833.457362368
103926.104977041
103857.366400411
103767.928763889
103805.406373479
103808.585505987
103863.592140649
103715.13687811
103955.660500124
103792.060401544
103868.334314065
103676.185864068
103758.054305159
103759.930441499
103846.197300362
104033.21405015
103827.200304965
103897.71728856
103929.268045376
103905.729851715
103782.976232039
103866.557796377
103736.989487938
103781.901432816
103954.002105903
103807.903221603
103799.672023028
103767.303601761
103726.890728511
103699.744443784
103626.253178634
103649.488536048
103766.030091644
103995.030215319
103696.477777846
103800.480470067
104071.478235972
103774.325286279
103809.969665418
103770.282938714
103721.972279319
103782.208471362
103833.396416408
103789.831732112
103916.64589324
103886.683765111
103871.011323598
103725.576583085
103761.726923301
103923.38877398
103851.50356496
103792.50908125
103806.177482488
103919.073615688
103865.017699334
103788.721696055
103789.404509978
103770.148805173
103927.07055509
103771.908803283
103895.419945857
103608.435360535
103783.795143039
103711.999311579
103896.568991492
103900.645824287
103863.413270307
103863.023680872
103658.717049982
103834.073026704
103828.517368299
103562.401467807
103826.432355387
103785.659793421
103783.493691322
103956.396372468
103792.658248104
103819.149756252
103807.615364106
103821.508036012
103735.188694257
103807.218866753
103873.289745258
103794.818754696
103856.658322593
103807.393846075
103829.384790354
103784.353915858
103863.635172736
103630.663428053
103805.598352649
103885.476661146
103791.998350581
103757.387358594
103769.869580511
103901.533248414
103927.901969601
103808.622136213
103902.1700833
103848.827743668
103849.767306796
103597.064661967
103695.569412065
103756.889883998
103693.490454369
103828.150130387
103908.452615506
103911.593647839
103872.203298112
103844.230271925
103880.755307301
103716.765234592
103776.624226478
103905.733774855
103751.828858746
103750.104681595
103932.073225282
103936.095630656
103905.217394285
103838.088697369
103713.100358722
103857.563784008
103923.6581485
104048.747425978
104014.692065593
103848.704449573
103819.444226012
103854.616164449
103834.239464648
103842.095318092
103886.23316123
103704.307523077
103859.76359568
103864.794101635
103741.244592154
103664.182392592
103813.378293929
103914.983458933
103751.953983054
