103783.781056132
103897.209164448
103950.301282691
103810.457447033
103831.384536108
103903.181684904
103944.591310795
103928.129752406
103756.083310016
103793.359192706
103842.390339704
103822.478900452
103797.134269816
103834.98351671
103814.916107412
103929.586018974
103607.131114263
103808.096969603
103717.876921376
103897.100564204
103777.233550516
103808.511773121
103904.85153925
103698.946592417
103791.479097081
103773.565112191
103642.913700988
103831.297638031
103911.260938316
103768.029738171
103772.908133728
103667.722149693
103906.079227769
103940.175094922
103872.099601523
103897.589766808
103777.389119707
103841.812945966
103937.349347729
103782.303525266
103782.242217201
103730.680737591
103852.485034331
103756.666315638
103904.658726
103819.439549821
103696.974760036
103937.816139854
103777.577852568
103760.996218041
103862.009318414
103867.230333886
103836.73711394
103747.234862342
103686.021354509
103979.407145579
103770.027193062
103858.026090619
103736.299394647
103823.400477116
103903.590855805
103826.809490054
103943.916889692
103880.976042392
103903.209527712
103753.219877761
103756.425942846
103845.214419475
103904.553287088
103814.949249977
103866.611920155
103795.215202464
103792.774321363
103773.757482684
103711.380187119
103800.227310976
103786.974960635
103793.818728984
103700.636596439
103687.144769531
103854.564361619
103713.982692231
103707.261743198
103784.897687674
103862.396660868
103896.257787285
103831.087498472
103713.517048984
103959.68903863
103637.928253112
103897.576796968
103735.994529528
103736.404493154
103838.622517299
103945.869570813
103828.350907984
103830.959796703
103942.890723886
103540.82891608
103785.348275298
103956.095375604
103871.432378932
103847.887170653
103877.503569349
103839.956587884
103781.915727913
103879.994431038
103735.492454832
103806.372608059
103699.289880247
103807.775775524
103820.06440296
103834.817157531
103800.864229683
103831.787946294
103986.016286978
103731.968565009
103650.05675416
103807.766684784
103881.995278468
103719.576005114
103791.965414248
103915.199818486
103991.857910858
103867.430147693
103813.485409716
103613.116994198
103774.618215876
103812.790901106
103719.762185997
103776.667517473
103926.541542826
103953.000471885
103692.822755501
103898.325243638
103711.931041143
103781.831663309
103892.886483814
103914.146456162
103795.910614684
103851.198446427
103772.32559514
103766.087262838
103870.090805387
103667.566607539
103861.267142419
103923.954951133
103763.465000134
103721.547974015
103857.978302096
103861.329627882
103955.267933518
103813.892651867
103901.380656269
103824.198545823
103772.744678708
103839.221897267
103918.212388812
103876.595751841
103712.52251097
103993.664850367
103809.108793927
103954.390085287
103718.362950977
103742.117070066
103764.82136682
103648.821597543
103857.033232015
103827.02972208
103791.620549739
103814.065354395
103765.899436483
103735.012004009
103739.835049389
103754.661855149
103889.055685943
103829.11069976
103740.47264369
103798.672408121
103916.819490718
103828.495097525
103960.663743487
103752.227085619
103897.672901857
103902.512414525
103848.340255473
103966.380002984
103802.120881028
103800.57842627
103806.712998771
103848.419286414
103701.834019403
103764.09358487
103864.947992759
103693.834792665
103893.420117724
103887.881244401
103935.909646814
103846.471291003
103967.005646496
103893.387112722
103904.988985542
103797.22790853
103917.998303486
103937.839289263
103740.688487243
103822.839145278
103938.63888322
103779.268442368
103845.801074661
103787.71951474
103850.433720642
103811.573565005
103846.341895437
103858.647183247
103814.690083984
103842.195859782
103893.069102057
103646.441899981
103844.219838841
103825.13856844
103791.028345187
103782.239184988
103729.743694021
103972.933546644
103766.233527719
103809.777058513
103792.813200024
103709.559260042
103774.968823007
103683.430547184
103767.79298555
103733.58991863
103928.843016539
103840.636940222
103834.605794588
103779.189492282
103924.439861403
103823.826213939
103782.519241397
103883.755615673
103807.498463953
103886.400779245
103964.524742186
103822.699836896
103942.203433719
103833.679701976
103790.969309086
103914.836355886
103927.758209924
103699.633895703
103823.459686929
103821.914230006
103887.607576135
103738.566086699
103758.849473702
103717.54238
103877.600810214
103854.183474574
103795.445731731
103642.185242953
103791.971371021
103727.967792761
103876.040733974
103860.629757031
103809.544392233
103790.202598286
103890.454383373
103932.230347694
103699.868765654
103734.875317215
103764.888865241
103776.804034695
103611.542667177
103774.141193009
103747.65070037
103713.559257909
103814.635514224
103875.171593089
103900.376451253
104049.940298062
103984.697261064
103689.254896635
103793.288736764
103669.998826884
103770.716008099
103913.387374026
103775.590394816
103735.687091136
103826.555878464
103873.757966917
103837.473623205
103867.414706277
103906.579110258
103774.910945669
103890.954707208
103902.252732429
103731.832397105
103799.768259549
103878.90479769
103875.27736362
103733.310993099
103863.92707449
103966.864564683
103721.557885491
103930.533997277
103711.357677185
103801.536823565
103843.535512525
103895.677483383
103673.275764397
103795.794988555
103934.050162076
103747.638412712
103830.247156209
103856.650662079
103748.172880399
103925.895594145
103768.657508479
103959.990970761
103796.856698527
103872.187300687
103712.957676221
103714.753394588
103820.134449929
103901.796664437
103927.771833584
103873.312806817
103762.392772215
103735.233757139
103841.20030306
103990.132480292
103826.046454751
103884.649124178
103714.861137575
103858.117445981
103950.021245207
103805.454817744
103889.364315515
103884.40176195
103918.432584779
103758.745601273
103710.664197653
103855.734113679
103801.637324722
103851.287334575
103830.270045335
103759.45810313
103788.47929239
103689.260661414
103745.865996926
103894.399495657
103838.88398992
103875.451937565
103654.399807035
103797.902262971
103882.022510206
103793.357763521
103867.984739823
103878.468242487
103977.530927627
103738.531372646
103940.45474595
103799.132523177
103840.218793049
103873.838499501
103809.286969071
103724.640754688
103960.065735647
103872.722254384
103857.182803574
103973.545652301
103928.834933009
103900.995481148
103636.986474371
103619.987056168
103736.812620567
103737.936518711
103789.436751076
103895.743986314
103729.076126819
103669.244691367
103887.838972189
103684.310516786
103785.348008715
103903.636312541
103754.495112948
103736.38457655
103807.538221021
103719.668030484
104009.979596701
103973.529250347
103873.884185038
103745.990009832
103758.034845507
103648.46066663
103809.676305809
103797.219516623
103832.89975346
103771.044640474
104055.835978861
103775.326297908
103979.20133122
103763.923719296
103733.87332656
103776.462969906
103796.950684416
103872.86723717
103752.850411019
103777.561089334
103814.689084242
103802.606771652
103887.283498691
103831.65837762
103776.150921289
103804.406997504
103858.536198907
103804.336096858
104065.328674622
103901.927127078
103838.238919245
103681.067634298
103831.811418543
103779.995951649
103918.801212091
103714.004486278
103826.170870499
103773.790154
103666.128291346
103758.983603007
103791.583085544
103773.319388772
103729.269960918
103863.191206372
103861.809329106
103822.928395285
103796.009026421
103914.900042983
103854.825008679
103810.332169109
103823.383018074
103904.659927068
103888.012573498
103770.957185462
103738.405000347
103842.777140309
103907.734375598
103846.542112564
103869.467999284
103877.446595104
103845.403486598
103880.287077468
103939.984172416
103829.797667982
103863.340995672
103756.267801235
103588.588391988
103874.042506616
103822.829955626
103861.836434995
103925.535765696
103685.81066813
103758.668299244
103777.356249005
103782.740916997
103825.517615265
103927.462476086
103658.086872848
103734.248403045
103816.259459042
103833.5270563
103826.06834669
103921.271535029
103801.865006496
103722.762845656
103864.183988725
103764.433877796
103809.212064662
103972.971461158
103836.101679905
103712.236640718
103941.40693914
103793.900465528
103798.153893261
103913.433939533
103900.792215231
103881.690982628
103742.494994271
103675.891374016
103641.965281092
103782.829560315
103970.646404267
103672.051580315
103759.019525096
103859.200450681
103709.77566433
103838.107705535
103845.547232806
103816.725720693
103768.705185857
103776.885907777
103721.693015767
103829.483437179
103824.257215562
103879.043103833
103831.830164156
103891.142777752
103823.102753093
103723.169163578
103930.492801392
103832.894858461
103891.277260492
103878.748993648
103828.665092532
103901.580356251
103773.767454161
103823.30229535
103784.884923865
103789.140607537
103808.771989971
103751.933916399
103947.734812656
103813.909179124
103843.95953857
103899.502127674
103893.989838826
103935.901101289
103758.953033919
103865.923896668
103739.790165624
103959.376207814
103904.198491353
103731.12358597
103920.759422595
103823.068211866
103733.08940692
103743.78381401
103816.044998375
103924.104649722
103717.108570773
103779.49233087
103711.219142881
103685.763321537
103834.08475081
103981.277094593
103950.735971958
103931.839862421
103670.574255516
103903.631013008
103808.47160483
103764.540041506
103601.623134942
103738.655771762
103908.115487949
103769.494093262
103570.06071708
103920.373868352
103873.588529858
103828.153617901
103663.278909167
103770.656821913
103758.944036567
103687.450260467
103793.595857062
103763.891508656
103886.59090625
103850.308293055
103783.225942747
103768.608036228
103763.573668099
103834.580262696
103726.698213003
103895.07224936
103783.776483756
103908.668460409
103897.793122726
103723.617127004
103858.897549585
103952.972109819
103619.776781549
103785.20647752
103865.888657633
103913.776652157
103779.110305585
103766.967046345
103922.654940858
103895.5401097
103831.560001611
103869.854711648
103831.621157217
103766.352070463
103701.559093863
103668.393133797
103718.655531462
103786.92031787
103910.743395682
103792.332686674
103823.890084016
103909.707621459
103882.360504473
103851.61870983
103996.372609276
103874.158002439
103779.822681391
103897.180350511
103838.42450801
103883.069507727
103776.34871235
103900.870958592
103937.981896154
103789.796871318
103792.403603404
103842.648210009
103774.322667994
103838.911290924
103932.233433069
103906.846663495
103875.46979879
103774.979916074
103795.273884929
103881.641240947
103813.552557221
103775.227912164
103791.791662385
103825.804823803
103679.517823612
103899.840164953
103812.529613696
103748.438078449
103815.298952126
103855.196001989
103753.043813223
103880.296232875
103773.695406462
103824.696138052
103795.790040243
103713.909653721
103810.764511067
104028.711081839
103659.319949497
103885.29561014
103730.976084672
103821.068907265
103663.986409096
103909.34191892
103955.488816272
103758.143198634
103825.757211755
103824.158352635
103957.972944829
103870.894928467
103872.665681962
103829.10001816
103914.787692248
103732.458934076
103817.329949373
103692.70886332
103796.937769662
103969.216045578
103805.970558136
103780.437362363
103817.248395154
103767.810999371
103753.02244736
103632.490541663
103877.05328044
103766.759303466
103750.928659555
103782.876373091
103942.708056796
103847.001372337
103923.381845403
103740.112567869
104030.308395878
103770.056325721
103796.450728903
103942.070287633
103992.693553744
103814.303924544
103781.429306166
103769.298036841
103800.132631895
103873.693248527
103756.126138939
103809.833023472
103682.133565454
103810.534054472
103945.082172216
103739.927607529
103682.547225754
103940.035950136
103713.215415911
103878.347490681
103750.117357294
103955.169298478
103775.007734463
103889.53447059
103977.191721883
103824.386195118
103846.809887586
103823.773266803
103769.172095152
103642.972716985
103770.444084876
103750.02715494
103919.260467223
103842.282124545
103910.949854532
103613.884919548
103795.780489317
103830.754969236
103941.107598386
103712.488519475
104011.097198251
103940.830915164
103785.926504398
103771.137794162
103868.03651404
103768.686573318
103935.13619353
103798.018804443
103819.657545234
103763.494585714
103780.606890252
103920.10241158
103770.183714436
103711.954055494
103740.368683337
103921.695808071
103878.166215844
103984.855564154
103912.981414126
103849.670495326
103688.080681274
103935.917880867
103903.185411232
103759.073551989
103698.343749446
103904.00455261
103889.219634426
103997.147432802
103663.657253241
103795.010660317
103860.757798618
103594.8335391
103951.214618783
103982.233744016
103685.610225945
103694.545583427
103743.578445542
103789.718780237
103717.417782031
103782.596679498
103773.98876192
103848.287651869
103966.439269384
103869.202284014
103805.300314635
103966.840793374
103771.933101991
103927.527066338
103746.082928407
103659.703274606
103955.916372698
103847.78442799
103915.511893882
103688.758680628
103705.605254455
103819.484718556
103926.159096557
103699.917003055
103828.145811149
103852.419107279
103675.662426101
103813.906536355
103668.152308015
103788.785128574
103995.782332564
103851.515079018
103882.593364798
103717.818660158
103795.954412625
103878.524260757
103828.280274233
103813.11104443
103758.883506717
103995.183013982
103911.13119941
103720.377382326
103956.370133185
103860.111052184
103964.4965754
103759.341989233
103770.279843496
103627.748336781
103957.931266731
103764.784367054
103897.821863967
103960.600620466
103790.455679542
103757.708464383
103697.556066875
103875.879178086
103627.806678575
103857.030773589
103852.7908784
103923.408557991
103896.463300677
103667.626966092
103755.0360474
103845.748009708
103748.22152441
103750.200120875
103678.076219712
103912.565980759
103820.473681687
103729.338635561
103906.684118686
103743.248254661
103825.074298977
103800.1856941
103658.194182513
103781.941926616
103602.642705111
103736.289633921
103703.155312179
103622.926389636
103645.558050123
103727.491104878
103743.266886251
103736.599748321
103825.959839217
103864.892733625
103787.099584732
103809.847299447
103813.24025485
103936.781168231
103587.422183023
103751.313121151
103840.105973279
103866.409969075
103761.147101946
103804.622429187
103813.056796196
103789.31373258
103824.137990075
104011.498825378
103784.296270044
103850.283251278
103648.26302891
103763.022892039
103772.233540259
103835.096415134
103952.460148907
103667.263090609
103775.714831268
103775.360813596
103791.230968666
103837.85172335
103761.164078419
103898.697175343
103675.731360219
103811.387446813
103818.464727766
103550.201086288
103720.443733952
103669.038838791
103842.788251356
103891.239035615
103662.324837396
103755.770874538
103826.875308178
103810.446204834
103818.408648082
103788.59032009
103825.39677631
103727.007827456
103848.279165215
103702.558219756
103818.805530179
103815.969925698
103624.747467669
103586.063766956
103751.335948751
103848.650907763
103759.942261139
103778.928499032
103757.141533675
103911.520004231
103810.51302153
103787.914655802
103569.313495502
103841.640989842
103886.376588672
103868.786815557
103915.107451604
103832.358331003
103861.420722488
103730.387710003
103809.464757828
103871.283873149
103969.567889705
103753.15683669
103788.792980941
103776.893939603
103769.863642609
103720.086934276
103791.176393947
103969.810561658
103873.363325113
103639.656052473
103755.001867127
103769.502061744
103864.819081027
103759.257651182
103690.192961143
103772.890759874
103780.281590931
103742.17966909
103783.794146937
103927.795902859
103635.331317153
103871.038132067
103838.7478982
103530.209213869
103836.306432822
103885.720133521
103783.99239479
103733.644450117
103634.739600292
103792.481448996
103698.164754238
103775.966643112
103765.954367221
103748.087874786
103726.166466663
103845.995901868
103789.451224548
103797.472738436
103863.218562041
103702.20785286
103661.380322477
103842.669035412
103764.335553215
103677.659051074
103707.928132095
103782.653857497
103869.907984533
103743.113635185
103656.28088968
103821.32283341
103896.844497442
103830.924926681
103667.114671551
103834.07046241
103863.957235592
103733.930143995
103724.864993856
103871.061126901
103688.680442878
103507.960604278
103654.212892099
103864.519860285
103844.326325186
103628.698387148
103678.471425653
103826.838993618
103767.819820576
103761.339394394
103866.517003112
103847.028023897
103884.574713952
103836.325690898
103861.19184851
103883.217797645
103791.55538353
103933.486624319
103898.997636945
103632.040126105
103712.749507656
103764.232411354
103824.801034056
103852.567403953
103926.330903918
103739.743623428
103815.259866899
103821.503228012
103862.007075675
103710.742470269
103891.195628111
103752.4859047
103822.599804387
103950.821267986
103933.935797668
103824.121372145
103879.991993302
103784.398084817
103580.407010146
103735.296539787
103820.280171959
