103764.799904809
103849.239191792
103891.782781719
103894.8072019
103724.336463519
103771.668049908
103804.401083547
103827.13094227
103751.108544805
103800.411960676
103913.313696084
103860.498766138
103835.015996355
103829.067899504
103934.975224611
103692.01796243
103740.40096988
103769.879119542
103686.244173256
103837.182413622
103939.535912084
103996.381176369
103801.345259563
103871.942096322
103764.007657968
103839.72698573
103805.30954353
103827.981542216
103933.299111924
103857.368507902
103673.057524027
103738.947006545
103802.987346619
103874.615931481
103846.465111174
103930.974983002
103787.99822379
103687.617538751
103807.140895357
103906.979980943
103850.253836453
103715.951034933
103852.464984272
103939.643312781
103893.145600597
103924.205178968
103953.080187254
103864.414612542
103700.401567944
103815.101601774
103761.059984879
103818.959114223
103906.700664779
103805.846555947
103788.727692605
103722.194140678
103855.052621925
103835.376419321
103806.068323047
103809.185374751
103699.385218101
103822.49536479
103736.43401839
103926.481139482
103667.9339788
103894.050028211
103907.978637292
103887.873611021
103983.077734286
103797.308778626
103783.420681909
103697.866508926
103942.806230454
103798.988933916
103774.452825364
103980.310433947
103821.734800486
103926.602618288
103899.065348136
103736.321330965
103695.301427164
103900.591638126
104006.257055172
103861.72804739
103755.350273017
103756.047336819
103946.370107424
103934.927284246
103793.979921823
103873.084000119
103893.687964597
103806.004103104
103817.418863725
103900.399747343
103798.905761188
103813.940686577
103826.763389187
103755.887463333
103829.847728878
103665.987619297
103886.836879214
103912.369536512
103952.200037388
103829.766240924
103793.602605856
103902.946902765
103654.146123758
103833.11597897
103779.768573103
103810.508293616
103832.804743214
103816.64696782
103801.618137775
103786.265438596
103749.939963021
103848.65054717
103917.849378323
103699.972075449
103863.339964498
103894.209160278
103954.25948719
103818.796314483
103828.61926698
103975.240222861
103769.031894945
103782.708778969
103964.38012271
103899.662236471
103900.561930358
103887.951279865
103938.204675387
103955.168969856
103858.557031513
103933.708132466
103770.097273063
103838.539177459
103767.0393863
103820.246591738
103850.191957566
103785.614560671
103828.753219804
103988.828790261
103776.168845977
103694.213199483
103843.970024187
103776.548389426
103981.024252825
103690.620678368
103806.894002737
103709.842817805
103972.458146178
103763.750390419
103852.791754477
103948.447549946
103814.164050134
103867.974936773
103725.994421069
103685.78234222
103738.136794324
103827.220246532
103786.336189926
103924.158927991
103661.081436536
103700.16736713
103941.984263832
103854.308972156
103930.141050297
103950.066655969
103852.595769684
103840.001034839
103843.472353371
103808.992944009
103829.506898343
103853.289089199
103758.279999869
103897.434555223
103858.538400571
103684.554904957
103723.932634752
103838.402229208
103646.998236253
103828.330342464
103833.895977621
103803.62954433
103865.475785279
103874.211048878
103918.658372788
103920.054523461
104007.001925003
103843.188496094
103912.279149529
103866.187768003
103791.664038153
103844.536909788
103801.844943242
103740.703134557
103711.482704192
103728.065971737
103838.935416069
103758.106227669
103856.013322161
103873.205341739
103982.746574493
103855.142148834
103767.626001975
103892.255093839
103716.220582605
103871.641946688
103959.652272575
103904.681098841
103857.720558474
103880.661482222
104027.326146956
103793.903201793
103744.286667982
103861.825358906
103952.530789206
103910.40275053
103874.079409904
103838.735203174
103898.342380408
103871.638746996
103808.888215451
103809.187259128
103737.773491858
103868.788198722
103928.540168888
103832.495927331
103748.310689736
103869.143453517
103888.214272562
103840.785059838
103896.378376357
103887.181242146
103716.943183308
103803.301425351
103835.011680328
103837.305867308
103812.969121175
103937.046607691
104136.984178726
103891.147855358
103667.267567881
103867.664770886
103743.76451252
103853.282199725
103724.015974229
103792.346219306
103767.301820436
103755.486561441
103701.739589024
103811.913357582
103813.151792064
103806.826653575
103896.809023164
103896.834454646
103654.81256669
103851.768384248
103827.333088478
103699.844014655
103758.251074274
103750.420563079
103878.818615179
103891.616287618
103640.611117316
103967.876072591
103888.731162771
103865.628500382
103978.136540874
103898.301739825
103929.650057995
103928.165979427
103908.663354444
103915.324043295
103774.103890187
104015.884728744
103772.29259161
103965.134021628
103885.654506479
103781.540537922
103728.831025814
103789.130231346
103757.30184872
103915.253652101
103830.41721933
103847.921341636
103955.495357689
103660.998370591
103852.088129362
103726.48859191
103831.371012121
103814.117548123
103756.704654527
103795.287999642
103760.944332972
103921.517802001
103908.414670426
103735.305179515
103927.255403016
103870.155266547
103896.326013983
103692.138363346
103988.30147813
103694.761628915
103881.757776186
103890.287878837
103812.454327926
103791.533025014
103787.546913562
103774.132424419
103855.062801272
103932.122591899
103747.485772143
103763.48353442
103756.507530949
103786.934187243
103934.159534773
103673.014690703
103937.524930651
103879.027742548
103691.942281807
103853.857095544
103962.960975562
103880.945489881
103878.681937654
103919.219309217
103843.877751622
103980.300348059
103814.32804264
103764.188686515
103788.87593515
103714.071598045
103582.390589003
103807.100366621
103870.441254865
103901.636229092
103925.733533351
103859.068170071
103816.332161279
103889.678369135
103876.405020511
103872.702918726
103848.523433692
103949.313037758
103827.268437645
103844.633876085
103863.177874971
103808.26881641
103876.978939969
103749.955115111
104124.279407322
103787.720763981
103682.203658845
103845.049932855
103872.706051405
103754.984593569
103832.193372
103920.561020328
103855.059793901
103775.672845984
103918.379728839
103904.868017992
103844.954617469
103825.096486005
103609.151543423
103882.889668807
103884.353175435
103946.053365107
103842.63796126
103913.781691329
103940.431498053
103957.106830412
103799.364356596
103782.722659478
103978.711864047
103750.71925781
103873.290582637
103871.401499421
103959.205193538
103825.972886169
103837.267195477
103836.67577417
103801.912896191
103770.63178611
103960.916351406
103834.256403561
103903.788944527
103745.318293882
103842.15332437
103794.721942422
103915.711577367
103703.388480676
103731.077009023
103941.174374776
103878.151918066
103798.318288574
103907.696671816
103839.395775736
103877.844457005
103987.313620418
103733.156529417
103944.289015183
103886.669623538
104063.99402267
103773.482999614
103808.301632791
103668.483851032
103974.572014301
103667.174204469
103796.641490659
103942.909957167
103780.295090653
103848.498937586
103693.529820423
103789.758038784
103844.231870632
103859.154239592
103793.632279221
103817.79839769
103786.920071762
103842.519163058
103660.539733039
103890.366712391
103822.963431777
103764.955572966
103701.493782968
104034.818614812
103879.580722207
103800.798883629
104000.925316183
103789.826520469
103810.61466307
103857.000058724
103902.845535854
103764.823761895
103845.15836184
103795.617461702
103910.27181682
103914.508800518
103842.526395846
103835.873291437
103733.570251499
103809.342151242
103879.800382763
103800.085378923
103835.343029589
103792.819997024
103792.977515726
103782.401314798
103682.214910173
103742.161107174
103910.799056935
103912.645081759
103789.387380811
103799.812300506
103842.218564058
103810.340087387
103883.024422382
103784.303332512
103655.976400533
103912.124900594
103690.435575157
103716.545250262
103856.212445108
103954.283741991
103793.477241696
103974.53353395
103842.381280062
103804.922737087
103890.509455318
103933.831305725
103933.979819023
103694.59992582
103795.517628781
103807.289148887
103820.127352393
103886.100011458
103846.884343548
103739.199237917
103661.75289921
103844.726789422
103850.518262354
103671.878245128
103956.615260672
103820.219587512
103834.863311718
103691.020460285
103740.055288519
103861.181995605
103792.672926284
103887.117538399
103666.27813886
103688.314167437
103788.195912758
103843.78690646
103891.49704508
103839.422992532
103749.078464168
103914.921104002
103652.144995569
103901.179997335
103820.013564888
103774.37164165
103814.107775566
103742.493392998
103831.868655603
103782.644711027
103752.873419877
103642.155228859
103801.222846686
103744.198849408
103910.924455397
103922.788951483
103817.390043781
103776.254930078
103852.018095539
103754.982339015
103894.916958527
103724.054805594
103968.21173347
103812.243328911
103836.672804506
103801.113485407
103781.765856006
103819.392999775
103698.987920205
103889.229642787
103866.20484954
103744.409844789
103816.23792644
103780.103069146
103873.680602897
103845.523353493
103798.553492909
103971.909756441
103802.840483222
103868.880064537
103601.693133556
103722.687872487
103839.273966661
103816.073095123
103864.25752831
103885.654216826
103920.066420075
103801.541985649
103873.792229511
103863.550059042
103651.537068823
103833.172399193
103857.469296985
103922.805760087
103799.494299351
103884.468283831
103778.500299321
103685.615437942
103864.25698296
103795.644195569
103934.226731013
103895.801810956
103815.180187908
103707.215962294
103725.376721429
103801.180124669
103820.950026079
103831.886976271
103853.133186854
103831.715806524
103876.429541474
104045.798082091
103828.872690609
103933.363265043
103937.349455031
103774.569010456
103938.827820231
103611.93646994
103887.093869162
103834.825218061
103927.327651136
103838.010993483
103908.364305865
103869.973592053
103903.19526692
103947.606980597
103725.377029233
103841.252325051
103851.655163134
103794.615532335
103863.072657635
103689.562360308
103811.412984672
103823.421634831
103807.233425604
103833.433396281
103964.341618004
103653.552863809
103798.123758121
103806.467664998
103807.340322418
103914.993959964
103871.260791573
103858.449986642
103840.989888059
103669.943397001
103866.144846637
103907.565552911
103640.148763603
103736.555191612
103638.679477239
103638.329549804
103703.864536673
103982.173903923
103756.934409371
103753.547026777
103877.652008918
103734.128765767
103748.070809478
103967.27946116
103790.978739086
103844.356597206
103822.794121143
103736.455006011
103879.153989188
103859.043353609
103954.105794487
103945.166305744
103785.915075621
103863.065591506
103743.547739172
103913.697711877
103744.237892678
103607.221356891
103860.175336915
103825.055204132
103850.947868796
103877.726676192
103779.835964558
103877.974455824
103849.73686509
103732.503009565
103896.47499736
103803.020920629
103815.42602452
103849.326239115
103577.658177571
103881.458393929
103804.787422227
103996.366720351
103764.416584351
103975.263973761
103848.138946302
103817.948126204
103867.748354825
103903.445067194
103830.613906236
103819.432261847
103835.302565796
103780.734932985
103901.88200077
103889.900418132
103968.507007539
103780.038935115
103793.226993711
103843.48235688
103796.292933095
103814.547987662
103917.310398751
103884.277113788
103890.130563982
103753.339054092
103880.254426001
103765.610073005
103948.668743589
103809.931724011
103926.742749573
103819.466593902
103932.673993913
103851.039365187
103887.675927202
103737.412272984
103871.743104351
103792.215113584
103990.159137073
103606.608638266
103850.465827025
103907.143764062
103705.457170179
103870.099965772
103824.505109045
103855.651991343
103857.609951115
103783.203701171
103970.164328581
103842.248179357
103909.933026329
103779.330559423
103756.780465102
103773.074147668
103761.028338722
103883.786332416
103687.967302505
103864.548446103
103887.478272353
103706.436486364
103824.054815045
103745.713187264
103806.212942693
103905.499634512
103934.036316698
103840.646086547
103656.152656409
103842.824936904
103938.7152058
103777.526874276
103854.492179198
103893.206771281
103765.693473556
103718.707066434
103831.302964183
103891.74475819
103862.276579589
103984.520689169
103781.517152387
103819.32327093
103683.736668543
103943.953405831
103767.360738067
103916.326103353
103901.625984119
103911.579080656
103953.038359304
103778.82740355
103809.181067241
103758.655875377
103727.440246552
103762.927995482
103832.548512333
103785.274083702
103695.410251851
103825.615714909
103780.468934879
103875.436905805
103833.754557623
103863.937188479
103888.888702293
103869.790509822
103985.78965873
103584.603402806
103919.409842912
103754.831650807
103878.253249568
103919.724502574
103826.186237858
103895.061165379
103675.722968635
103769.036479317
103829.674205458
103843.256525072
103831.493470205
103696.172817135
103797.465120482
103783.919618435
103838.907883158
103733.520922446
103855.562858442
103980.989231089
103793.708097128
103753.510873603
103747.392709809
103880.060465809
103728.602144662
103856.358005459
103785.704634074
103772.187474201
103780.101320131
103941.686938505
103925.337074477
103930.806853616
103848.881958662
103694.037950076
103869.56522759
103865.192528857
103813.539645072
103846.659537649
103831.078447391
103757.303907386
103730.077843044
103855.880793937
103813.108325718
103850.079106404
103782.11410626
103782.268890096
103864.113869516
103834.040031966
103977.385482939
103567.463169645
103828.376314796
103705.706181443
103808.199054397
103832.520905789
103928.187188239
103846.142794427
103917.539240591
103683.974564095
103698.142871781
103739.295889201
103747.146938543
103864.00467294
103894.845600825
103717.183860836
103880.055721879
103834.444018794
103797.67648604
103672.537947648
103745.941555377
103862.691274961
103757.444254523
103839.688313917
103869.143247777
103882.076034795
103755.1610482
103873.090160114
103789.278023869
103761.608940264
103953.620178309
103634.586055039
103786.719882442
103854.332968577
103982.019058927
103908.468170914
103873.066538512
103814.737863163
103978.812672835
103684.922454503
103773.737962011
103787.714348193
103819.359689463
103893.093641897
103842.892045829
103761.47555015
103753.587594345
103909.507142075
103743.896458836
103666.545932175
103825.715914434
103715.889574341
103769.373532015
103876.618411311
103929.787414483
103852.321925179
103736.629577405
103924.005332784
103824.804608393
103799.005571469
103883.342974216
103910.282875631
103945.381270532
103717.823500198
103779.282927157
103855.628793067
103761.972690538
103811.837302711
103739.300520677
103919.463616204
103854.761403842
103826.76891905
103867.741638852
103998.610652154
103784.148572789
103798.527942829
103950.901209663
103598.028937708
103804.041832295
103778.27497964
103810.639493996
103884.127921291
103703.751308848
103989.589191925
103715.743913666
103765.516019096
103797.908827392
103824.589137547
103824.188597597
103682.9337922
103713.581295361
103886.443018471
103755.929952329
103782.983885439
103724.737294582
103876.224120332
104008.448206067
103862.148272388
103796.321427335
103799.096046293
103930.327234525
103921.402553935
103979.481665098
103812.862512021
103808.959781857
103854.767531844
103609.177885197
103881.375030865
103743.801049366
103928.632904494
103853.762164486
103910.143730585
103925.156006674
103864.138294361
103945.027873768
103844.237463797
103780.550702066
103710.647517286
103779.379267855
103720.060060132
104018.179492365
103809.608207877
103860.868376527
103917.455065804
103813.160675176
103969.155670729
103793.720330057
103871.393870366
103912.407379481
103876.248202358
103719.932132415
103883.68564773
103761.393991451
103715.257622995
103717.471211709
103827.847052003
103880.053634365
103784.69405809
103733.295440946
103924.54787875
103857.044381149
103589.631330843
103913.818142939
103850.810609043
103801.407459276
103771.277908942
103866.061464101
103775.435228486
103714.424826872
103975.331065787
103746.117322233
103973.303569635
103661.030990512
103819.039054099
103870.038058631
103635.257105058
103922.892302446
103755.049558157
103923.28182304
103959.343440338
103666.989934965
103838.742307724
103644.061457564
103877.686048507
103940.910664006
103860.585072552
103771.383927994
103837.100731438
103865.50718632
103535.187773332
103809.570728108
103782.376955595
103703.945325097
103828.47883519
103711.202154012
103781.621718169
103737.980765113
103704.727530034
103737.505818607
103913.183060822
103767.807716255
103787.423404577
103773.57850224
103878.820898615
103810.907324241
103962.800221733
103885.291605269
103728.891009612
103777.605051691
103862.512853217
103779.38900561
103779.273245289
103813.25843691
103657.560388098
103883.806774894
103838.359233794
103802.199875378
103923.840956254
103864.863518392
103766.205799502
103748.66744975
103722.10639154
103743.418196271
103856.668510228
103892.568862287
103759.279262379
103869.771330693
