103764.698282509
103966.312219488
104008.090134945
103923.791749944
103961.860390688
103993.56675778
103979.27118833
103781.14322139
103884.941418802
104055.124447489
103778.708793383
103892.253427671
103899.758410078
103816.919961957
103856.879423038
103821.69067997
103900.561067422
103936.669225983
103856.909057718
103809.324851127
103921.181970169
103925.172129335
103891.539278471
104063.419429268
103878.964938567
103903.823181474
103771.721401845
103906.677655245
103948.466873721
103928.939889994
103753.552116764
103710.515638442
103960.51930107
103962.306804409
103948.51118228
103865.775579318
103904.472830887
103784.991102698
103693.654374827
103969.666264403
103686.016077093
104042.652116432
103779.927962066
103726.786503521
103853.514966713
103913.722714305
103902.912958602
103944.863328691
104154.823863363
104080.662507211
103889.878749166
103889.400736347
103975.484593397
103775.479890044
103889.777928219
103787.964486463
103872.773736612
103952.266350041
103743.632531338
104089.318922687
103887.028863311
103772.665441789
103841.055693439
103875.884162698
103958.655410031
103659.336054667
103809.28916023
104015.164066149
103692.876850427
103858.621930072
103766.08483916
103958.8506196
103836.410262932
103971.383122465
103733.444144054
103870.107986266
103743.896168557
103873.64423488
103884.950948278
103804.937041523
103797.268294394
103911.571432631
103967.424969108
103889.296897574
104025.175667863
103883.640546798
103969.004675028
103800.822320922
104031.42949273
103729.322960965
103934.372335035
103900.125330289
104038.626732531
103968.799624842
104002.120480225
103949.12552993
104108.013617043
103932.588765016
103871.849365889
103817.618805321
103833.093728389
104064.696101949
103812.140219768
103927.603519988
103922.03185085
103825.655992567
103849.842133038
103772.374156798
103899.651893444
103914.32958062
104055.479101388
103778.040768231
103992.261096608
103954.513615519
103914.232919223
103640.668259144
103891.128393981
103817.968388322
103956.781429649
103829.798146797
103885.025676453
103891.307389327
104000.15172648
103773.979759368
103940.624580801
103919.893272502
103834.220638393
104010.475487451
103921.106429225
103816.219474124
103829.357298582
103950.556285685
103910.179692351
103746.372783789
104049.441332309
103838.973077665
103826.373199746
103689.410508047
103740.539789467
103648.020381025
103848.636554236
103911.523540929
103678.741012417
103796.00689909
103954.151723578
103940.197003605
103742.412097144
103835.305588559
103858.598886734
103968.11709954
104031.916771491
104095.623555135
103874.00580866
103759.562534871
103778.039608856
103739.156823154
103615.95086135
103746.955426849
103962.926779558
103896.707125845
103830.781536817
103897.189151266
104071.978567197
103971.29374125
103804.523584591
103987.554213427
103901.418019942
103964.012935517
103974.679483039
104007.52920507
103993.226248949
103816.890786947
103865.788714496
103711.407828273
104121.866189728
104029.445624463
103767.081849184
103663.142523678
103790.221004586
103840.748865536
103712.978216454
103611.694061485
103804.612915678
104183.898305599
103699.094772855
103953.394951714
103834.660167561
103644.257830848
103879.354712438
103837.064562483
103823.45511164
103928.214519726
103980.8493518
104053.988260609
103911.134842957
103910.506391316
103780.714087766
103891.13640974
103913.47994788
103768.60979841
103931.274609225
103911.276882673
103802.542294839
103813.833645964
103870.654339994
103783.361515377
103628.879940987
103868.463795625
103960.80425155
103876.577165953
103857.445695505
103781.94043551
103897.57826136
104144.988081657
104044.719157348
103819.873141652
103748.476109508
104057.048357526
104030.254482152
103772.655238112
103800.465636253
103931.279384928
103627.645522717
103979.171277378
103925.703253138
103998.241634957
103967.654944428
103830.302974089
103883.405633222
103827.335043217
104106.204176603
104081.896366945
103746.936958137
103874.317778247
103932.2688372
104041.900338211
104047.875531736
103976.748029952
103954.511703924
104025.659919119
103764.823965588
103918.899644887
103742.108238852
103930.348911579
103915.388499475
103771.208785089
103771.435515972
103931.79536273
103938.752355863
103912.923242518
103907.414270418
103954.461511737
103825.276761572
103904.242664896
103820.373221924
103832.165926729
103806.025938752
103853.248134087
103578.773507961
103791.31983969
103889.079591098
103940.284709206
103872.144555153
103913.708621284
103915.846216281
103814.252940855
103793.082439572
104055.495371302
103761.956977923
103811.401482677
103921.077594283
103831.024976064
103768.430155096
104039.866249043
103940.478775877
103928.312527945
103881.338471593
104000.595674745
103844.231423044
103943.455285844
103953.42491889
103646.773010624
103788.899552412
103845.595152687
103850.500900395
103944.485217268
103756.739539267
103891.831274097
103943.13655774
103987.15083264
103961.178932431
103884.141255858
103748.966231667
103759.484673373
103912.031569098
104039.547404304
104040.593714377
103761.382410594
104119.534072107
103868.975896199
103940.915470792
103855.696380327
103883.490611801
103955.169914559
103818.96370432
103787.757811369
103835.702296579
103589.742300119
103745.42736683
103953.04035654
103762.733790772
103757.631168139
103949.502480485
103865.178685035
104120.96555735
103906.056039893
103922.403050659
103862.307030106
103913.750655628
103933.008489849
103936.418249096
103840.803840448
103716.784063915
103761.216615333
103778.033781276
103945.704583756
103814.016993613
103676.777339823
103916.442660547
104105.573262251
103812.825082986
103896.685535825
104009.652402639
103795.019618678
103609.45783053
103887.269896493
103590.000203896
104025.21145068
104024.122187034
103816.93466406
103935.464408893
103626.96175186
103625.832662978
103852.019720401
104049.0034054
104088.942269899
104012.119878364
103630.546744176
103859.769422438
103974.887739631
103894.123999321
103669.326026506
104060.714672013
103960.417536811
103941.68044382
103889.817817399
103858.379992226
103877.161516614
103919.078143895
103654.249693138
103900.565816339
103818.509577298
103804.211747704
103714.215079186
103768.707123613
103627.366233118
103768.818956136
103884.602057546
103757.687909128
103922.020044795
104016.668080359
104228.045717774
103908.948830419
103786.449575396
103832.622765938
103729.066765576
103869.437564368
103836.738814528
103857.409066766
104041.627408965
103714.257496923
103861.684441886
103738.236211812
103879.977185456
103863.688440741
103930.739280287
103751.825375449
103919.387076858
103972.775304148
103948.456627342
103955.584131816
103853.508050377
103734.742310355
103769.449332874
103943.393118503
103742.847343544
103755.414683194
103760.875589697
103988.174043309
103831.743909877
103902.745175176
103883.354293467
103775.241279728
103800.877384835
103933.806684478
103828.826516739
103912.158163826
103746.086461119
103771.188286202
103651.695592657
103763.229999564
103979.197252321
103865.069033276
103896.962463378
103804.910679251
103883.256576221
103944.413817737
103790.176649459
103949.977289312
103738.581749559
103930.193953693
103868.201987973
103957.551044013
103630.237672749
103744.267925775
104095.550718686
103827.273432955
103900.64887295
103759.061005648
103881.500293232
103872.950519064
103836.409095854
104074.605976612
103670.489491722
103954.318484551
104018.469603962
103883.440896581
103942.422201498
103875.369189606
103791.601291097
103822.429323379
103947.567200299
104029.131752467
103852.746365278
103765.224572648
103882.966452798
103861.915239742
103932.02676896
103947.899646244
103950.185628083
103986.698846538
103863.260911692
103856.967468382
103716.602959258
103822.904453974
103797.691146271
103871.432951202
103858.790469362
103873.00302449
103756.820820893
103954.821874794
103849.657985105
103940.266231173
103738.918750853
103802.090032504
103837.912986143
103781.82664156
103871.201785485
103863.471384428
103829.052141535
103985.526603069
103810.950178233
103634.386375599
103925.669302949
103980.241257948
103874.672895787
103677.298067257
103908.455507986
103741.659084223
103925.294471239
103867.211583909
103977.936614332
103928.409213761
103866.916454522
103862.015114597
103907.851411967
103999.419094985
103966.922814693
103722.508583204
103825.773894704
103754.961770741
104018.915465934
103944.279146645
103822.241336613
103892.539784592
103877.417128786
103761.556596339
103951.035257888
103920.092716139
103807.701528526
103955.634942336
103944.139207053
103923.523293626
103880.913263776
103768.387170907
103953.526566024
103960.028692363
103868.190828834
103836.451704442
103838.796590522
103822.454604491
103867.546191437
103878.109134376
103901.117447976
103886.237977492
103868.157372202
104105.53409842
103762.510662544
103694.579970999
103867.156918455
103824.601829749
103926.84520365
103958.483437147
103911.013436397
103647.046758494
103850.531839672
103751.481925527
103872.598966459
103843.675593358
103817.641612321
103818.592146417
104063.457233397
103717.04673294
103738.986996268
103904.566622241
103920.682909955
103982.627905761
103725.040078428
103954.572841104
104046.43608343
103741.040350819
103916.874892978
103986.650254083
103898.975498055
103890.262748024
103999.302423912
103905.889654468
104073.512584846
103851.6586772
103937.01518587
103745.226449345
103891.047136199
103670.167735998
103833.072090548
103904.209758556
103717.790496007
103676.066347656
103599.69522097
103928.660448678
104063.536595381
103932.556274254
103901.368573007
103792.960295136
103918.530158161
103840.779100763
103853.741798844
104004.159373848
104005.362695562
104009.782341544
104003.858511627
103781.412951067
103699.377179837
103703.891734491
104098.788784343
103821.985395037
103813.572195734
103898.997260206
103835.725946296
104010.772953251
103918.237938073
103676.775933877
104084.683610873
103973.758779312
103905.044947208
103824.083572194
103806.744958921
103736.296083836
103931.932576335
103811.719903964
103716.029235326
103702.684608192
103923.280985288
103883.988050022
103946.46270657
103944.704388576
103996.979130411
103922.782878569
104054.744621337
103921.928358021
103691.785968179
103800.3290015
103826.700775969
103755.840504849
103905.442700466
103857.616653377
103834.976086679
103887.426075814
103915.84440805
103975.36354793
103834.595217305
103899.535106892
103770.27762957
103872.821491835
103783.216764334
103753.902810181
103898.34605322
103792.513329574
103766.422922437
103887.03078364
103885.642450345
103840.305867799
103903.484726971
103892.969114364
103951.952293841
103890.661533308
103804.245306729
103954.175748168
103756.424727963
103778.347784294
103901.06457556
103892.308118956
103859.10496826
103946.021140075
103864.060766757
103933.730082082
103834.577967737
103850.335890162
103881.361503695
103720.953633664
103864.469195899
103801.770423282
103740.006197614
103845.032324938
103818.157881138
103810.290196705
103787.204620101
103815.343481374
103824.722143313
103677.58378034
104062.892460361
103935.331170013
104040.352831421
103660.938751073
103638.13516725
103742.970625074
103952.671191222
103924.475031194
104090.090212042
103866.933322294
103937.968811719
104004.787855792
103973.610936648
103983.242903796
103862.99571627
103986.026042267
103831.52074834
103858.946259117
103881.778299349
103705.967285502
103819.080921901
104017.778131362
104016.788927182
103901.241252194
103563.522389924
103872.110863558
103930.642465115
103865.527455105
103828.622813936
103952.551191832
103922.189828249
103882.018693503
103862.828239376
103870.815687355
103885.122213843
103967.245118507
103889.639280743
103878.012057332
104105.370339511
103855.130685125
103864.990686835
103744.095913181
103763.781160466
104007.446800348
103592.193063589
103876.186336813
103751.639139048
103773.1522294
103960.427483189
103791.332440082
103981.111639703
103735.998917786
103910.560369402
104050.14136245
103928.371158743
103880.737269204
104116.85692308
103932.169911595
103972.746743127
103891.433141375
103871.357634213
103778.736814513
104062.135813402
103713.605168921
103781.00963738
103860.33590535
103951.642240614
103942.298141578
103793.252132454
103881.729051888
103977.994949647
103829.446992185
103993.987931783
103742.153905242
103963.108145217
103798.883905421
103701.019355456
103875.654783073
103944.533039023
103833.223201425
104048.403378776
103880.671937272
103980.029262577
103737.241675804
103877.465864742
103796.690017931
103929.184302118
103947.384430188
103838.345037963
103628.306283834
103952.273366756
103872.549180695
103709.16803016
103865.483736043
103864.760815572
103997.328690391
103822.743884999
103838.151331576
103816.079155153
103848.064816523
103868.436262005
103951.220929681
104036.852945846
103843.954301766
103894.542546137
103901.701243378
104060.901747051
103982.518067229
104037.517952054
104028.807760915
104112.046056288
103745.443526892
104116.89351498
103792.253692121
103736.30971835
103837.336944207
104088.174988278
104098.958172841
103985.824673842
103979.286983494
103860.550070984
103789.375196657
103811.109051388
103773.230616726
103676.480652612
103801.904556805
103871.8531816
103894.235481161
103874.028983189
103795.836897183
103946.562913276
103833.791594586
103863.551225902
103760.314670923
103802.202898692
103881.391343123
103889.625217227
104034.20009016
103922.574028303
103806.882880182
103912.132281627
103753.663856757
104010.436823036
103760.327664169
103867.644745249
103907.125271905
103826.36770877
103788.246994087
103920.883867096
103934.884928724
103890.324280563
103917.911281723
103962.779348421
103589.999424405
103786.977023007
103585.806364522
103713.008714812
103767.666172042
103946.138434789
103817.702905287
103837.873255007
103917.266157926
103891.293158567
103871.888334498
104018.569302015
103651.164227994
103799.641330158
103914.314156123
103895.548867082
103754.904127311
103728.010570781
103985.821184044
103813.307176467
103940.768964186
103844.419518899
103692.135517503
103818.914012048
103780.802159435
104007.054995341
103789.537974109
103855.33601895
104026.963476022
103958.487588979
103739.096512512
103899.583028772
104101.186788684
103985.185194828
103681.026933186
103823.004860699
104108.076644245
103983.635778848
103796.528231046
103713.039189533
103827.289593067
103920.333841609
103872.895256077
103995.282601005
103947.86075017
103635.366265665
103817.353484796
103888.209189934
103855.614566258
104247.045490847
103863.810259626
104040.421074123
103686.93033819
103651.82855498
104032.412535719
103711.243252911
103772.335625443
103665.143143099
103964.550001441
103896.939826617
103967.188312846
103880.514468895
104055.692220272
103986.98186349
103893.041881473
104045.078965222
103890.481590493
103904.262582555
103966.468728651
104011.808317659
103968.637401898
103717.400031117
103983.82691193
103831.822470022
103748.107530242
103774.134733828
104051.656639897
103854.978227881
103726.900960293
103928.718413634
103860.551692796
103846.522316594
103836.727003265
103895.378350785
103824.05211739
103901.89634383
103867.254035797
103741.926806772
103850.782731692
103946.960720943
103962.785345162
103738.451722067
103743.24252942
103913.245812307
103754.028989536
104020.14872115
103604.503638322
103741.268521959
104007.084374855
103851.945180952
103814.919221548
103854.431710876
103868.66347998
103833.321389555
103806.664767233
103657.048137351
103850.505035803
103843.685121988
103821.705120454
104021.039221004
103868.850540324
103913.881490333
103981.394402958
103805.529305919
103835.863150806
103877.03060694
103889.917860395
104097.632774987
103895.064266765
103942.345374999
103918.244472836
104033.165714424
103814.962244415
103809.50001362
103883.888118419
104052.374731234
103956.184404174
103911.268187454
103867.099683019
103878.174742959
103906.930257522
103854.558346364
103962.27478555
103765.925594742
103988.81232597
103877.426179813
103841.431726108
103983.153461166
103998.704883281
103854.786008465
103637.837463674
103997.11494109
104038.638038157
103855.622244612
103828.404275555
103823.655366513
103980.430410133
103706.707603052
103965.481852364
103807.683960834
103776.924593197
103931.565295648
103798.033590676
103988.081196901
103576.509099401
103991.903519242
103886.880833848
103901.06930485
103811.264241366
103672.012034796
103965.90372996
103730.970687598
103843.373569205
103700.524624194
104003.690858893
103833.314667758
103999.933907588
103688.014161479
103747.038770976
103862.243798339
103835.395123422
103739.334295836
103707.155533654
103951.760650682
103740.869644886
103951.086943645
103795.320335634
103681.072506683
104034.253163468
103861.8793769
103871.199546099
103760.881318413
104029.736875972
103881.849218494
103913.837415761
103920.353043267
103745.373192984
103864.175299553
103919.769022952
103877.397515193
103811.761295192
103827.061438557
103914.879051182
103743.105917375
103813.369703193
103860.997465209
103872.724476152
103899.909643869
