103745.856740208
103654.061906155
103964.43939531
103770.504495756
103915.803998318
103956.693943193
103871.41496523
103754.197641884
103787.941299762
103620.029720002
103661.310074377
103785.907652438
103820.776437616
103856.706771492
103697.419019807
103793.312401546
103939.727106771
103774.543291343
103850.958056082
103816.57603593
103690.368963767
103789.65311977
103634.52499548
103872.372233154
103702.632611102
103936.226904169
103757.469825218
103882.225558865
103877.044819327
103937.226835284
103839.839486866
103729.505135899
103969.969222958
103777.607639349
103747.898853492
103929.774717923
103821.600221107
103762.956633226
103893.959904088
103803.38966445
103824.144198719
103791.51899569
103784.709705893
103719.841071295
103645.36367784
103841.968280745
103825.34379951
103732.514527382
103854.007060307
103816.329684268
103971.674477398
103776.372044097
103715.316104778
103723.617020439
103884.217146414
103870.201790744
103817.609972275
103776.792698093
103799.397178604
103744.840009394
103720.862549503
103828.429545396
103725.697786682
103886.010740395
103810.16765792
103947.875622947
103976.020940029
103592.097047548
103943.437326615
103882.780757105
103772.472554314
103797.700007558
103783.649013635
103783.217510134
103801.964356111
103827.738125581
103789.6257846
103890.547740039
103687.699302906
103864.52536206
103726.884249662
103825.203587263
103769.283310895
103801.477797511
103794.277315891
103782.319679996
103800.708791811
103910.735213044
103665.278277066
103785.402575474
103991.579277703
103729.880689888
103773.470317613
103827.694578437
103872.614258208
103689.084480079
103817.912368846
103874.773554869
103743.909615009
103805.605023871
103760.855328218
103809.556369565
103824.435254638
103942.284996667
103755.691943112
103872.381372644
103875.229625822
103926.790877159
103661.45071048
103917.066048272
103685.070197148
103940.198359903
103698.119105369
103884.792238627
103793.089380556
103902.978938037
103915.455709354
103884.331474033
103857.775121978
103800.218985324
103876.424776302
103821.79195868
103781.860570708
103876.772941085
103838.773681972
103734.359982739
103801.074734002
103815.481325143
103827.35433078
103850.358221806
103938.399482291
103881.694299766
103799.190673238
103878.083474284
103751.271675008
103928.824772971
103874.497468919
103776.208160976
103887.466302451
103803.918867854
103851.042851787
103898.054681147
103943.972976609
103756.99733582
103829.487795563
103845.857296011
103807.396812845
103826.533175401
103950.788341684
103758.70960588
103766.679938791
103709.856812066
103866.28872651
103938.391996254
103735.376461902
103808.897708209
103869.850257456
103717.610505316
103822.658753552
103905.280767894
103753.079301371
103825.344163347
103867.576985715
103989.582475102
103847.049354545
103825.667953442
104001.232183576
103627.555773219
103843.824231109
103809.26892312
103852.164388408
103829.022999084
103750.979323251
103848.617114518
103959.239193198
103749.750124414
103869.410442507
103799.019551034
103822.443237908
103919.532091651
103835.35684042
104011.963907856
103775.6535805
103890.8907396
103800.615925421
103844.117376899
103916.476009685
103734.315039412
103595.571041515
103724.096922748
103670.600655027
103822.935764413
103795.30098652
103923.608487738
103904.125174656
103849.736908345
103746.124108728
103854.677240291
103758.410321321
103733.547685651
103924.113840866
103857.474917463
103813.550635936
103706.371678523
103795.275249397
103844.002461574
103897.235734256
103672.354777602
103850.564998845
103846.930199364
103935.263590531
103867.282317854
103817.545769747
103619.518795761
103885.044311949
103788.044651674
103765.060004962
103848.204143837
103581.479483874
103823.316772539
103848.556892246
103637.297047037
103701.336430684
103698.127318516
103754.598246076
103827.46118051
103821.911401463
103821.711251074
103881.051249946
103947.756645151
103820.962426543
103803.372163213
103770.894718234
103879.339333752
103869.545289534
103796.03393708
103690.532816162
103914.311239922
103777.993527077
103851.589547827
103659.249528146
103958.891040171
103880.088551218
103872.486152535
103838.990830119
103756.988815876
103833.444711342
103847.825736608
103784.460331617
103765.723207053
103792.682844719
103688.492124287
103886.987426263
103530.879601425
103855.616311204
103807.808178447
103890.044861696
103761.149263886
103799.247150347
103930.679410171
103910.226607802
103851.123308968
103682.960965234
103813.01976486
103808.855956762
103850.288642647
103838.359394839
103786.948028236
103728.471606923
103805.540456472
103656.498112974
103642.588388221
103893.083563722
103786.084058215
103776.060205178
103837.472406685
103835.677512653
103857.953006348
103883.898322005
103825.110852761
103924.369462136
103952.208265842
103755.101135125
103695.789902113
103759.217382407
103875.716288121
103804.977938823
103835.191339551
103830.591528306
103628.668444611
103684.857319866
103840.834980445
103900.013449713
103870.815050679
103698.089485725
103778.051391465
103847.791143955
103958.852012525
103773.188655461
103691.749841752
103829.103439825
104015.934359132
103990.513069111
103926.981592584
103831.232265116
103681.432459744
103827.79225985
103702.716079246
103772.010648011
103881.003677636
103835.063339806
103896.23684401
103759.940310878
103838.880613252
103952.303268571
103759.238843586
103922.527923854
103856.740092318
103716.962940427
103698.272338638
103881.739708373
103783.103328538
103813.03282031
103826.075379436
103930.032974168
103837.15582637
103922.002075223
103691.209535693
103826.926347092
103801.69838456
103736.833796079
103699.428421433
103798.750374489
103866.00909108
103656.546474624
103806.046945617
103854.977231634
103840.2704045
103877.25866881
103750.203476686
103848.389961234
103841.737072509
103681.692366546
103907.60253413
103732.331146392
103769.532045466
103536.975455245
103833.397403853
103798.202598812
103950.09541499
103817.860361236
103948.721761322
103638.685144642
103851.94805698
103913.183530916
103735.53916906
103792.611807355
103814.471800161
103848.571076808
103826.00214642
103826.441073153
103936.069760189
103922.80725334
104001.06129961
103740.578691989
103786.644319353
103808.783892267
103725.159504253
103951.516925934
103752.894632218
103762.39940432
103857.26773873
103915.65686265
103863.171338369
103800.542516799
103777.359627692
103770.171981862
103668.89921798
103843.863480853
103943.033979876
103924.418281811
103762.749937035
103963.446334592
103733.145115203
103708.944319539
103759.738261739
103890.465186394
103817.778004328
103724.579705408
103860.836195096
103574.211317731
103780.421123695
103865.952543384
103757.017688023
103825.657030781
103710.227390279
103764.296457225
103815.77387123
103811.977341223
103877.70027171
103671.291456681
103867.268577233
103722.626048527
103990.117568025
103761.768804239
103927.009987534
103833.525513987
103886.424576107
103725.193734879
103755.867605138
103721.222997868
103864.748093773
103570.352192396
103865.920576743
103932.069186135
103770.735762731
103926.209865194
103655.510129218
103746.492484425
103857.349448216
103853.09318295
103982.303370603
103714.47460327
103989.299059838
103851.43373572
103857.922362153
103860.789725651
103813.780354223
103928.826613589
103931.740498909
103877.707158951
103869.986103978
103668.241576705
103887.184529202
103755.37951528
103825.82130353
103945.212313163
103688.103765693
103761.155862157
103856.641959726
103665.355377971
103811.391973922
103803.822289926
103827.363838237
103801.519042264
103782.496894239
103900.917068673
103764.17549206
103875.462070917
103801.33264924
103862.076060076
103873.782227361
103936.947560096
103838.350171093
103869.46988821
103835.739210627
103926.247030978
103767.834273698
103826.310479964
103698.995208732
103886.889636127
103709.767388932
103878.328660817
103791.92817959
103908.786858422
103706.36568479
103926.140366974
103853.298714889
103767.840159665
103842.780693122
103820.498957039
103801.578375405
103794.552872939
104009.222562653
103987.507894702
103969.595198412
103774.31515047
103633.157981612
103800.388508864
103807.976234489
103771.58588824
103789.308557495
103755.98005901
103752.942684159
103772.056036187
103783.124104407
103817.632183452
103740.4698183
103761.805226944
103826.071778877
103843.591306985
103728.188548183
103733.864536811
103773.0606996
103859.175522119
103815.546340549
103844.461648886
103830.051798128
103862.378700956
103696.841972585
103860.478910571
103828.849538483
103853.884144376
103699.770092226
103727.772500372
103847.304190273
103804.467922015
103890.290452091
103807.715007234
103790.351755585
103649.122288787
103935.948027775
103818.679725457
103726.093010442
103776.768474034
103910.775112799
103752.112631828
103666.516130243
103782.41453541
103846.120114313
103777.236823982
103681.856832675
103750.962665659
103749.872188319
103879.37013779
103896.574860937
103854.567459882
103758.551931611
103882.258751763
103814.594021945
103842.391697225
103925.976306754
103672.642733781
103636.755451779
103712.73644259
103867.339288661
103699.244434058
103810.457176072
103710.594900604
103823.127491764
103931.926902906
103824.89947026
103713.657986754
103843.878095866
103902.4590915
103705.67532066
103869.723076961
103900.391425143
103862.996266534
103803.070028217
103766.203984559
103801.62347527
103859.494280473
103790.367249524
103835.361096094
103612.42551888
103750.981446654
103776.325260998
103781.628184556
103785.412075689
103782.787702409
103633.251035065
103831.2019705
103716.75207144
103816.599519472
104027.274951788
103743.831195911
103737.563512573
103881.317283892
103817.507745738
103895.465430355
104055.684322202
103747.116208714
103833.953286433
103985.951505477
103872.063571555
103652.724068404
103833.688726443
103799.044908211
103835.100281569
103851.054733973
103837.947601428
103763.333495966
103771.419565775
103898.249709108
103785.222702953
103698.644932476
103752.848689864
103755.468346608
103959.517356327
103758.948927084
103880.7612467
103603.19649664
103892.896785003
103867.873357528
104051.479871342
103762.612721463
103761.89779057
103771.87676185
103726.962301387
103710.599494998
103728.79421063
103731.666194547
103799.965248099
103757.762780964
103911.736502624
103901.38892075
103678.412632939
103726.405522689
103746.654155655
103853.319539168
103853.725809395
103830.822377385
103888.628685019
103898.965637967
103747.284580551
103855.404794883
103974.355219733
103809.512564572
103819.591024945
103845.516849492
103946.009860748
103847.917530144
103747.189237084
103773.455023331
103733.103982739
103723.784640872
103839.53236757
103957.708720857
103712.814899961
103715.118397875
103863.63706579
103688.602620628
103831.295182831
103839.447359822
103828.588593595
103847.133131349
103772.805918919
103605.733545015
103713.732545489
103876.072707462
103728.668947736
103877.135835922
103806.584782482
103730.855879623
103795.570407742
103729.290183354
103778.260944729
103828.415224777
103779.269450683
103701.498129156
103938.368262036
103869.871200545
103896.492411297
103776.457090003
103768.868024926
103856.881960892
103847.59581077
104002.174046801
103780.289012699
103863.487119381
103727.883917094
103800.793817409
103652.223952904
103657.216976628
104007.320920912
103827.119385607
103878.015153925
103817.464226965
103753.495112061
103978.147253279
103767.721632242
103849.31349781
103832.812297721
103878.275108192
103784.270431151
103919.255568601
103832.716583445
103826.73526849
103826.666336692
103667.948128372
103785.218941823
103874.615791631
103972.679557256
103764.358215901
103991.021261634
103859.790147587
103689.078512612
103861.866811338
103727.908996346
103906.132302077
103771.972876207
103747.993053846
103729.759580545
103904.570144178
103820.36653428
103727.437702197
103858.595672585
103802.859966175
103796.010908351
103763.714450803
103756.44669444
103814.725046097
103704.221486164
103777.959412087
103920.558347756
103674.428870217
103668.756098279
103702.899485517
103885.423954841
103800.375708212
103723.528721937
103859.252585469
103574.996708014
103738.631554579
103927.34224766
103754.220936523
103928.553448185
103763.55556532
103714.408340969
103780.795721155
103536.667128621
103835.950071654
103872.658331801
103841.568928808
103763.234645355
103737.463691917
103722.548757096
103745.571611883
103739.511324753
103756.833439183
103853.022355072
103637.439771397
103816.975435907
103715.251142862
103813.689225164
103841.532993621
103726.51249701
103962.641150222
103869.717873309
103914.784115706
104016.720619475
103965.045861041
103897.846276407
103850.118791495
103755.44317815
103736.926540213
103667.068002665
103881.92510644
103830.299340932
103823.740021618
103890.96382708
103927.182028927
103791.604674477
103941.793141408
103847.884327033
103682.237901927
103917.321356738
103727.488138158
103720.534354809
103630.405083379
103764.069321171
103901.703613141
103831.843766196
103696.576228784
103791.954156645
103905.577318233
103887.546909551
103962.303693758
103698.741933341
103856.554369355
103751.84493854
103701.773396689
103931.352829172
103890.094574623
103835.247871241
103919.089857994
103854.984279087
103749.306443335
103804.836891303
103801.073460864
103876.914843742
103909.192166853
103750.218156697
103844.718967042
103677.39839446
103931.862393212
103908.799769463
103753.867202374
103832.597762104
103826.455689961
103857.088328809
103701.638511663
103731.577700208
103968.839847072
103826.841995147
103829.222730865
103870.02068261
103718.6940098
103853.142419677
103713.060446225
103734.788314024
103957.109566587
103645.005182173
103952.344393306
103796.463621824
103874.768342318
103668.056181975
103960.39676574
103891.468964297
103820.295011169
103682.279484453
103884.169128546
103833.844191152
103792.04786495
103562.652510701
103796.689057896
103709.014490318
103913.304548887
103876.155065201
103624.234218984
103833.516469438
103794.398966573
103845.04138151
103921.035322706
103786.596759642
103740.176063002
103667.899079732
103718.335082546
103728.927653406
103921.137881851
103831.953758606
103754.749500202
103639.678482772
103937.176289566
103850.32801822
103859.219718057
103823.098507932
103701.158502689
103882.335963243
103659.871779046
103638.099525955
103752.962774398
103798.55178547
103911.974105609
103879.691036859
103841.898702383
103853.631296757
103802.233670338
103885.425063636
103668.985375679
103682.080935568
103885.80458059
103736.471887342
103855.72113992
103782.520675167
103891.934018022
103738.486889832
103705.683551474
103769.381784088
103960.729861748
103962.654430197
103832.694400565
103908.387107031
103865.043944517
103870.204629347
103906.659137847
103733.831692852
103809.452023113
103682.117809224
103877.058672001
103940.394034672
103819.688722725
103851.217036695
103838.575922755
103800.753901908
103848.98858492
103791.899176616
103735.055752293
103710.256065739
103853.536905417
103839.22484384
103726.423810336
103866.17129565
103769.142742037
103848.949890666
103744.198334667
103798.361708627
103904.178860344
103810.519722959
103811.406265692
103854.910368865
103692.094726872
103871.466306341
103835.899387937
103788.682374418
103688.007158955
103775.661724982
103713.956799936
103859.223176367
103975.03632155
103842.294281399
103842.67133224
103782.396041712
103965.903320781
103819.089102646
103917.430981824
103834.526198594
103843.940680142
103842.628411001
103875.182897347
103746.350609654
103900.81241379
103808.436362112
103775.953680702
103690.114993552
103768.262223039
103910.172857958
103820.619137904
103789.949628383
103831.869860296
103891.068271459
103762.086756514
103813.922328966
103708.686985311
103857.187616759
103782.518547112
103878.170736649
103803.760757934
103890.687194901
103883.490049684
103926.910434141
103801.896948654
103851.895327725
103651.876017927
103961.177706991
103792.489635118
103725.125753002
103750.242988566
103974.445292029
103818.83084613
103896.67581149
103998.19155105
103839.673873322
103846.097898341
104031.439274947
103679.076532191
103615.808347885
103693.132568838
103792.809787533
103757.17458815
103856.36314029
103905.56914853
103784.025593168
103815.667208443
103804.504231725
103919.113997989
103967.990279753
103842.878856221
103802.654413857
103824.066518355
103919.372202077
103834.567619859
103778.880660112
103740.369741364
103926.478064762
103836.152528488
103801.657373693
103793.757890395
103779.320227094
103783.724441162
103792.974036971
103877.728041786
103755.610571411
103989.213180082
103919.006939949
103647.881493567
103870.973791086
103835.47708372
103854.35231732
103950.760305352
103839.971669708
103963.123630355
103734.067766775
103919.634324796
103967.115453265
103617.60035058
103877.765367004
103727.605686345
103854.509565149
103783.561437193
103921.744530123
103842.808772361
103963.647138238
103796.19620416
103636.242961435
103768.760641111
103784.52720047
103844.054445846
103944.133061659
