103709.844134265
103983.060569069
103847.49464832
103834.869221225
103894.075438067
103697.816853572
103795.373990172
103818.986956877
103688.702082546
103853.115604432
103791.190433458
103696.179543379
103906.371727018
103829.044463416
103723.012154637
103866.777236203
103698.87419631
103727.598090966
103733.228028834
103693.459790575
103955.231555436
103759.244081824
103669.372345737
103792.519296691
103965.289316759
103853.758287014
103879.356739945
103950.763883426
103706.095170736
103876.267701235
103891.023678157
103693.922145879
103932.012330219
103997.841569389
103904.201198895
103864.484774035
104021.246259465
103890.705237582
103929.325847541
103765.95283641
103734.180539189
103956.983704968
103882.376925521
103740.111812892
103954.31031487
103722.41873808
103819.650872487
103818.389135017
103822.24896185
103866.38320439
103853.132275218
103879.094079035
103892.27015068
103729.310550147
103776.183452566
103722.954644307
103747.964175651
103803.069413832
103589.931835602
103835.456695477
103931.724646016
103773.190180305
103857.44692508
103830.469041804
103721.924098669
103728.40703027
103816.168325495
104001.665430681
103928.972273991
103678.263632493
103877.951323391
103907.232655652
103956.71512158
103892.26520465
103699.253107222
103738.823733603
103944.40918184
103802.191096234
103858.294680568
103691.715305345
103902.47159608
103701.170987662
103945.936701608
103998.111121825
103935.110833168
103749.593347575
103718.647219016
103840.560271136
103858.252877931
103887.793745723
103904.797928063
103694.966506046
103983.628715798
103879.105920171
103831.564622433
103825.423961823
103804.282581155
103856.485694112
103983.46583127
103975.274825152
103927.038051897
103954.152222166
103797.294581175
103943.407556142
103886.129202236
103691.601214633
103905.949974539
103755.96143827
103932.546978599
103921.956215457
103746.386596378
103790.586885691
103811.643181568
103914.451102368
103981.008756735
103910.04862086
103945.496426783
103940.702870329
103902.434042319
103677.369371514
103810.189979994
104037.57929335
103927.917515417
103761.629899173
103966.124239855
103875.02362112
103798.66264228
103920.085190175
103729.805421393
103795.88258083
103668.476637114
103896.600604042
103871.873881843
103741.261791113
103844.163466922
103789.224231654
103807.695597602
103797.208987676
103968.198038816
103779.776330229
103806.81246479
103958.266560462
103734.885035707
103645.628380231
103692.373544303
103852.958900407
103855.619747596
103776.661606839
103953.63134722
103657.123362022
103762.084899334
103822.443812883
103941.256827131
103675.262032893
103741.211208923
103806.639461612
103689.121349333
103867.225952244
103859.898271447
103938.4184162
103819.195711445
103861.070614112
103687.953422355
103746.358892909
103955.615231327
103940.267434458
103931.064071739
103826.249018789
103970.650570181
103944.426669278
103814.149655365
103883.378178607
103817.169311157
103982.78517345
103924.332873522
103906.400770754
103930.220039187
103686.971020198
103806.254108003
103857.016105364
103792.797473146
103942.529070373
103898.642479519
103935.648648258
103808.832799756
103834.378069336
103852.145401542
103768.372697777
103765.893333735
103907.647954443
103833.907197688
104025.711924029
103865.390976277
103806.980906592
103701.273161391
103914.608063196
103804.848998164
103830.589632616
103719.382098785
103832.127997762
103785.276694927
104085.767354578
103920.63504988
103810.154119582
103978.679938839
103629.715496057
103772.366732639
103727.111156476
103921.933636925
103793.184970418
103792.62694007
103787.610764863
103829.489190666
103787.49758758
103829.438685046
103904.634598472
103859.049466962
103705.392456226
103772.279064104
103937.726921581
103834.988959764
103740.03086341
103726.679004601
103884.813555599
103880.92115403
103722.3125125
103720.695860209
103748.305914127
103763.620700349
103838.378416992
103742.36266007
103789.018252364
103902.669296609
103757.841799526
103759.340458421
104040.187569631
103890.800976205
103732.739326229
103984.400158612
103791.705544253
103856.884913227
103730.403053439
103886.997230074
103803.13001747
103799.29803216
103892.553135861
103793.169776198
103731.478220293
103693.460227296
103862.51927565
103723.397370159
103698.476498094
103969.624479653
103904.733954379
103840.021452067
103812.06834718
103749.444499243
103686.501822861
103872.882845319
103949.518154192
103784.509616715
103972.843938205
103958.335432871
103728.515619278
103791.799082095
103747.401883144
103733.702551861
103837.562264873
103750.132711853
103737.580032697
103886.799767377
103903.040346671
103852.411351011
103826.290877992
103762.224292515
103712.912793877
103789.017543186
103806.481429592
103832.187265033
103907.60579005
103847.379491045
103709.646071887
103848.246010988
103814.789938474
103814.793066529
103827.044097185
103875.864775883
103705.789072084
103758.038961208
103794.782222337
103783.140184786
103859.165112398
103955.101014423
103890.856832138
103921.445722364
103949.898760259
103908.577394005
103873.921728405
103698.406093885
103780.035284574
103784.996649323
103700.756054738
103972.564008527
103860.926321179
104002.913404197
103701.60123436
103803.290093969
103832.784850877
103722.915518304
103731.024508372
103789.875982489
103774.769871563
103770.800213221
103879.761352453
103846.371702471
103889.346676469
103937.265661849
103825.164833027
103803.889839522
103792.00712417
103713.71837494
103875.463453929
103725.409716368
103726.349968445
103731.439075661
103718.013473707
103736.593110652
103765.798228973
103671.142232423
103685.307362022
103925.598284199
103709.521705167
103949.5208972
103965.147015484
103951.195571938
103756.899896647
103872.811949127
103839.786443854
103824.492127428
103771.751889302
103708.764740095
103767.8412423
103967.592211557
103796.423459184
103918.889205199
103862.384968723
103760.946887925
103899.842664571
103749.70672731
103771.370952903
103837.2260942
103839.87318638
103759.280811069
103868.67265843
103757.982967588
103826.925710532
103934.929930635
103835.903260838
104003.627545013
103719.961355244
104001.585264159
103908.459109431
103939.801677492
103831.462995557
103815.529766633
103750.866344172
103974.003505683
103920.041328395
103951.208496441
103863.797524945
103750.409901767
103909.684955666
103976.485359967
103675.136578119
103816.818600497
103933.151837585
103797.86028995
103721.160958265
103868.652268994
103844.214606254
103940.181596464
103750.863082307
103848.008230363
103759.4733103
103642.599956903
103757.429469019
103803.006928837
103808.339505634
103820.239639259
103948.055714299
103776.483355468
103739.563175242
103735.765294559
103759.74964896
103799.655126624
103824.311474536
103852.207205201
103885.300142778
103781.000745522
103777.75700408
103940.474977543
103878.887837566
103895.231578794
103588.382656117
103819.686495523
103904.128708793
103829.831545586
103918.91402678
103744.33791596
103820.40555855
103885.377258173
103948.794490082
103704.381526516
103811.425130398
104006.584891674
103829.09654926
103749.225938376
103664.467435435
103849.756472111
103923.115687738
103810.835419853
103725.662583605
103825.949531601
103656.269497732
103794.451231782
103906.836140828
103863.600265711
103835.851512296
103872.074705195
103886.136007992
103986.141704153
103842.526925411
103770.272073914
103741.732058476
103911.3722831
103937.545936265
103732.433387227
103719.354534786
103812.831198212
103782.827251278
103889.624224506
103743.408598583
103816.018408955
104042.189954001
103764.857134012
103886.566619265
103789.589207099
103760.676777295
103944.136304435
103856.95712365
103755.50366358
103891.959449124
103926.74798745
103864.851868327
103966.140339468
103926.06456702
103901.568810103
103849.788269471
103908.479370514
103758.906549204
103829.317937206
103753.285240115
103875.191088385
103916.156506582
103905.285202092
103872.804458524
103937.187850998
104000.304046308
103802.33640905
103822.299023402
103807.275341712
103733.754863217
103889.795559195
103821.882334738
103806.964953429
103724.597933714
103674.88670812
103852.692124854
103728.129164373
103781.177129086
103876.369451349
103947.363743825
103873.997445792
103837.879351522
103775.795702034
103998.727143296
103825.342075361
103928.427671585
103839.769562123
103731.036747396
103842.582703343
103812.944490564
103643.113496485
103868.274396259
103752.360101924
103931.211100599
103713.287398942
104005.64311979
103955.482913804
103895.759072459
103982.187633095
103926.411213353
103949.949202032
103812.218209575
103904.622821914
103814.966367027
103769.083077656
103761.672875931
103945.424772726
103707.641005774
103723.944900743
103987.572007326
103636.138559433
103945.176415836
103989.490422174
103860.819136067
103910.672804212
103763.106889945
103765.864975856
103878.806859067
103934.067498467
103716.140137494
103860.624215661
103726.308077124
103922.380298997
103769.426353267
103717.515364269
103939.986217995
103734.666263685
103774.429518747
103953.094966051
103927.515378714
103859.107010521
103776.503463322
104015.974457076
103977.929098318
104013.547454066
103883.694276976
103766.907222121
103935.022471011
103771.054123704
103703.546760571
103871.372177328
103756.435943124
103781.995985434
103910.598354625
103797.136528982
103883.39241117
103834.693943759
103858.578111498
103919.1347889
103798.745205959
103896.675878997
103879.456153487
103825.809660911
103790.270681218
103715.509607841
103904.019414821
103873.734289736
103702.445076168
103880.612854184
103896.034203121
103748.699908844
103697.420609186
103835.526369032
103840.516940463
103928.893851016
103661.809627573
103908.387670674
103845.715284028
103760.274717583
103946.978646644
103725.236881358
103930.934101829
103927.108392038
103918.62720301
103925.071431303
103736.910037564
103933.138155429
103836.047097743
103812.801522154
103757.410906739
103817.915502454
103705.20156394
103829.646012642
103952.415151174
103742.309902696
103998.230161328
103924.397798288
103961.293720395
103881.178792348
103821.706226891
103991.668995289
103934.724663806
103736.311779725
103896.883688193
103897.397603598
103917.436494556
103944.37129305
103844.504707764
103877.335669752
103770.723599064
103785.293024075
103916.740557017
103971.295761573
103979.30221028
103743.867706712
103985.691872324
103824.524044063
103900.938496044
103857.934195866
103847.956233696
103701.133863761
103901.128588535
103819.263951673
103871.824738437
103870.39385778
103885.455449761
103791.658324373
103854.392419485
103715.252468694
103850.582824168
103863.81570391
103828.942819895
103713.8734218
103916.153701772
103922.240234572
103710.937940145
103705.386096199
103787.552220064
103801.010903341
103794.232803455
103837.1961428
103715.129495211
103803.882641586
103727.734874357
103890.438745161
103808.207591333
103742.422169841
103696.279375684
103768.895201875
103894.081493534
103757.306738125
103905.471204389
103859.842883035
103972.200958756
103774.931452919
103854.285208966
103966.314816611
103752.024968552
103773.219881903
103771.647611238
103965.800276595
103866.655639106
103793.655585249
103797.591398287
103841.217727303
103717.471409245
103642.688152961
103745.470689259
103772.061826059
103851.900858517
103807.653999343
103843.089150411
103897.992039311
103891.035934612
103911.303758989
103686.504856428
103776.548520014
103923.281043329
103944.130203181
103733.544876387
103911.417610403
103925.053951597
103748.532713098
103817.382302765
103823.583803337
103907.676015208
103878.346340786
103827.858471483
103762.400289618
104000.116461292
103900.256818289
103914.670630353
103796.712911676
103934.184914163
103914.129303488
103884.053685594
103768.351342712
103819.112441634
103802.781135413
103892.015213409
103638.678746136
103757.318218666
103906.730982185
103933.697605978
103975.048341847
103921.139154937
103889.780682566
103676.404071308
103942.549000584
103770.042357227
103895.442654296
103870.477742953
103931.944849717
103778.461397499
103712.629002742
103751.321926071
103632.350936084
103942.412132462
103733.316474072
103857.126600287
103762.274713653
103844.710445571
103761.940118318
103815.373203923
103926.127522141
103914.239858812
103914.774047803
103797.275702002
103888.654949274
103948.721769221
103862.946114932
103888.116106664
103716.256477392
103963.006919095
103758.095696807
103843.101684767
103891.541838877
103739.524235823
103870.803872455
103972.788856675
103869.581109326
103627.925446642
103909.977519473
103883.9249228
103928.042939833
103731.083310299
103778.315954481
103925.282870086
103744.694380127
103724.770384608
103943.29884043
103851.059518081
103822.856667091
103690.373285263
103798.494528529
103799.253171202
103692.258971594
103894.798545952
103831.53229406
103862.41896877
103815.383329051
103741.804380528
103984.65132987
103784.53808452
103732.359728653
103920.312352278
103831.597378364
103729.291209895
103963.030192979
103964.269199162
103897.461812076
103807.734247897
104020.963738475
103879.574487262
103895.377298282
103945.759532062
103822.798595632
103686.494037934
103672.342443784
103780.160116116
103764.262146692
103825.596507916
103754.227890766
103798.586655309
103973.752200382
103698.84784802
103669.352539052
103917.016965519
103889.032456718
103751.051430955
103696.537696043
103770.734337815
103920.863516166
103856.383951824
103690.074103372
103796.017472122
103932.876403945
103773.961737286
103790.908180525
103893.781215033
103778.384825621
103710.784980928
103729.023101022
103860.08972854
103806.670425468
103735.738356435
103793.036720989
103728.499604813
103804.779852513
103776.407825543
103747.590052144
103828.948310409
103749.080598025
103849.877129551
103756.077053402
103894.993678896
103951.945887966
103780.809353185
103759.060425215
103957.074391337
103713.417267971
103813.242119486
103789.130165001
103736.227996393
103769.145791713
103955.560486122
103840.209165139
103678.891179529
103775.573698957
103855.793932115
103706.94582515
103836.547929696
103943.711490413
103902.134315004
103689.974346717
103729.511921215
103644.439329483
103764.279993117
103884.678620576
103756.848074097
103810.305509601
103687.765771097
103810.181419053
103748.602839969
103826.03765815
103778.873526042
103880.702460514
103841.562984855
103707.717531016
103701.612426245
103674.509743609
103989.325699065
103828.327828152
103935.775237575
103977.764245932
103889.982356406
103809.309862242
103864.346356945
103673.50848933
103897.799054631
103942.779198845
103966.338430339
103771.693915371
103885.579754667
103912.373592253
103741.43342396
103903.664684719
103759.087698568
103983.383787219
103918.449485461
103883.507684425
103738.225862546
103688.489911501
103894.426787086
103854.470990198
103910.99567066
103829.125670103
103811.53716067
103810.813516514
103657.191512004
103915.342705615
103758.624492478
103856.771061643
103730.324900314
103690.586530805
103889.451715862
103927.045531214
103899.145555921
103983.95366338
103988.418096752
103988.584619038
103847.648885314
103863.871378449
103812.860629115
103951.925972194
103792.038927191
103787.152807228
103803.259683319
103867.508650375
103794.172407641
103805.452264224
103984.912609631
103815.711900993
103881.283238397
103761.971977531
103849.355698008
103885.572788866
104021.49264771
103946.906182679
103840.955187264
103822.18060445
103914.298186228
103928.41050679
103756.295572046
103713.246243018
103883.610081843
103816.047095553
103766.990800367
103886.610394845
103765.773076397
103891.595971714
103840.476948674
103673.99217295
103755.136374842
103893.025459913
103842.892885305
103827.706032974
103873.062289738
103986.960217805
103823.165456872
103727.458847094
103891.888360091
103978.092987709
103618.629399703
103765.509723695
103724.545669857
103817.595464913
103783.127411988
103794.649740235
103839.775216381
103693.256263885
103738.262252106
103904.585246356
103847.458353644
103745.297086471
103764.340710794
103720.58992856
104027.79689811
103722.780274965
103704.154084058
103748.413537819
103791.116193813
103944.700756384
103889.928764557
103787.928137898
103903.931182264
103924.524747374
103788.909139868
103699.360619808
103824.570200485
103849.257264431
103984.094754717
103780.889674386
103963.111628415
103930.161652875
103789.272671129
104016.001887475
103762.520391113
103919.744936811
103776.00262795
103842.133071211
103715.147482933
103780.321040854
103747.582984834
103818.368154803
103781.487841107
103722.25928567
103771.401119325
103809.424566975
103771.119422576
103892.592592756
103772.410834035
103830.032299381
103845.047499402
103861.243021773
103804.402454627
103930.398018718
103691.818490909
103868.565627885
103738.759769253
103903.975576145
103853.42000346
103890.043803022
103922.931836438
103786.730161837
103829.047715062
103716.97089171
103829.50391752
103882.592525456
103801.667933069
103811.444640337
103745.996788993
103831.017605663
103928.927959084
103796.587186595
103950.67340745
103732.564385893
103826.195899934
