103859.927970671
103930.025554433
103972.750158673
103803.493693835
103826.711133455
103669.497688309
103850.731822789
103833.939785332
103838.004112873
103637.053247708
103798.612429362
103817.793944974
103690.527334612
103945.718962063
103864.761181902
103997.568025666
103680.531394726
103699.756118644
103879.703835383
103809.729666317
103728.67839692
103734.762765321
103884.188677146
103894.976858785
103854.672385206
103813.275910197
103838.66008712
103846.426027296
103901.337590003
103859.810356689
103671.764835105
103766.885206169
103790.157708224
103982.004859656
103914.276288399
103797.642904168
103880.288678055
103877.275628797
103917.068489751
103874.681515002
103774.943605778
103897.782786946
103813.822277057
103661.180646468
103837.752950621
103816.166261787
104017.948219466
103703.250816376
103862.309404676
103935.284939618
103873.380528426
103729.173904094
103854.568582823
103823.939231385
103829.817624089
103736.965420339
103768.138390163
103995.217618276
103895.540115583
103694.099472968
103744.109094838
103824.563856353
103964.465068115
103949.955955276
103909.116792254
103890.504669527
103865.765865179
103813.938718836
103767.502606041
103872.851364339
103905.285641821
103765.734160063
103895.276027099
103877.802889844
103857.298043853
103965.822194948
103895.443419785
103847.833247449
103796.82817524
103940.939062331
103719.492898254
103754.09993154
103927.656448739
103766.652410597
103739.821408813
103878.662354281
103814.970020657
103851.908196031
103935.567053218
103858.826412945
103892.880768691
103979.43791059
103648.562945875
103741.106776234
103839.097960239
103833.700187566
103735.903443031
103858.604600992
103860.817159298
103813.567384274
103723.549503226
103857.232380648
103723.449154909
103699.77222655
103775.540090754
103814.236684876
103887.499203212
103650.71908697
103962.594240961
103814.98727426
103931.589113859
103828.637713964
103844.389532471
103951.477679107
103714.837629723
104010.761416731
103719.082911362
103957.58061048
103865.367701887
103672.401390446
103896.503267251
103805.708489366
103939.195366115
103714.185796686
103840.157650192
103962.536267494
103769.022419435
103867.283400193
103773.964212219
104001.913056195
103817.225525436
103814.704559444
103911.250151784
103781.038883176
103685.496092383
103960.616795791
104041.521826277
103856.647482558
103702.630571856
103788.8845437
103812.237614445
103919.421547673
103948.936152637
103884.133925364
103932.623727007
103902.790099211
103816.246959371
103968.629878421
103795.604010164
103737.201938132
103721.606031312
103788.27725033
103823.844732868
103786.57208782
103955.858537687
103751.159703108
103872.94751268
103911.389819488
103878.942125433
103844.227436664
103704.940219376
103906.232633118
103962.624112005
103903.891981605
103726.357067854
103712.726759924
103824.527592065
103893.455133842
103868.534488907
103888.912931747
103956.916576797
103956.768973519
103911.328363852
103828.42008943
103706.12243988
103842.251024703
103772.509812262
103908.449623709
103790.881453818
103976.903971089
103916.351049745
103896.080812612
103907.100560841
103635.80434116
104012.379774081
103741.077090429
103746.870004072
103894.059354183
103760.681419688
103917.015777011
104002.820932593
103796.565037193
103850.533235549
103837.061242861
103757.093731593
103836.243991624
103669.227623569
103910.62777982
103937.150509467
103888.589747249
103679.387651177
103717.088808269
103849.21725443
103892.728215795
103736.787418952
103758.311487742
103698.308296434
103899.069414658
103680.784488757
103846.845249238
103903.054422884
103893.846992649
103905.493519928
103951.51639488
103728.475154343
104011.66500834
103673.517807071
103877.670032097
104051.794152824
103796.485185061
103838.958124069
103686.234949905
103916.502715425
103970.252950072
103899.572270883
103755.794761004
103914.687806213
103819.919740394
103814.645675271
103940.271317908
103693.837051728
103811.20153623
103831.168818819
103777.998992147
103909.459231335
103866.428933751
103990.795803284
103885.981853549
103721.975238475
103859.081362582
103949.914096958
103929.475835444
103791.713275127
103794.853343638
103810.959417912
103855.813073901
103775.68973686
103753.688250009
103722.14450065
103933.672529587
103964.73710413
103795.319659261
103751.258972397
103838.281655565
103767.479102993
103757.225018148
103795.372872148
103942.464336221
103828.977949114
103884.197506023
103769.630257801
103899.379495504
103873.56792629
103740.994405383
103861.303521581
103830.310200664
103805.735350782
103743.488166196
103942.381936537
103823.381718553
103812.871292354
103729.167483486
103815.125773262
103883.770642834
103682.664063016
103919.608257092
103862.540616806
103785.932855347
103704.954188279
103832.757643561
103657.142571087
103887.858072997
103935.035396426
103753.538775353
103992.376696441
103938.584051517
103757.05115846
103665.351712265
103870.867297045
103853.702455474
103793.280688087
103802.495312889
103826.393029798
103973.087494731
103936.257096297
103774.00243881
103861.417464147
103762.410774345
103959.607027384
103856.389975887
103925.394852836
103877.997981511
103738.519541548
103864.135915468
103850.239265504
103821.268310075
103837.544307044
103876.017173982
103799.133342846
103739.493139298
103879.089238571
103732.207255473
103928.050126187
103732.593443923
103883.610818499
103753.252778363
103833.779400736
103872.812015592
103769.251293496
103962.605019592
103749.892628858
103719.300256326
103799.338837808
103986.903694676
103889.681126955
103955.44899436
103879.930262673
103829.499495637
103698.591795251
103663.617226509
103763.511889062
103778.575387883
103775.693305712
103947.235842916
103808.955790803
103654.04452035
103873.718673059
103689.733517605
103657.485190585
103785.1769204
103745.251242975
103853.349660818
103798.435297238
103907.267564291
103704.07902873
103700.646445814
103898.940538435
103803.027434489
103877.328925897
103947.187782492
103880.177310359
103781.070467161
103847.138266946
103944.141420895
103719.160072947
103878.214424044
103711.399232213
103722.508490583
103694.928490055
103840.941255186
103838.571758854
103896.885411145
103682.396066771
103858.278048037
103891.473005957
103833.995308655
103866.86488166
103720.856344761
103632.266920796
103768.977157967
103779.762304949
103854.446057634
103866.079907857
103679.717807561
103840.229590989
103828.219499691
103849.795412411
103842.977891845
103711.29473056
103695.515280455
103735.476938802
103665.449893083
103712.782202319
103853.590339409
103791.365531457
103751.951773498
103868.748724293
103711.227715493
103844.435754065
103864.065714828
103740.96311089
103827.764917066
103794.270214575
104009.468336008
103945.346530341
103847.727833036
103904.368578498
103670.648011177
103936.214953935
103719.854455397
103789.459339664
103859.023034397
103897.731810542
103717.21640892
103697.804952023
103919.612010974
103945.747550589
103993.405249191
103896.16902218
103848.985098023
103885.326409037
104006.651746308
103721.09582244
103771.600660388
104026.253226861
103982.074001665
103859.402639169
103888.838924153
103827.756284323
103810.220492555
103744.189729939
103741.451680416
103717.60597498
103985.734967224
103895.876178812
103857.561672602
103692.604337758
103720.426906704
103706.960622488
103889.920268243
103947.74029118
103908.63077368
103836.119896271
103965.52860183
103810.834837128
103908.222908366
103798.269461523
103814.706715052
103749.329164694
103901.983328537
103791.450698053
103824.23843734
103798.686604011
103756.113365711
103941.790229318
103692.218031137
103963.038259244
103746.092198808
103776.524056149
103895.981776707
103756.687537558
103809.813657735
103880.84079151
103791.32189437
103741.320927555
103979.615371813
103912.748066798
103862.681285425
103888.913917058
103835.084452078
103859.711329678
103671.947438082
103868.2743249
103966.683983029
103885.343270617
103857.689520589
103867.793377792
103905.72836189
103867.291086214
103768.773533588
103909.320818288
103975.238323007
103743.759633099
103958.042273417
103813.633255481
103852.126648156
103880.69287301
103861.600277138
103736.265498314
103909.105678671
103685.469006261
103890.989705642
103899.313298935
103896.185262957
103793.337244357
103965.027897254
103730.435455987
103833.628248379
103949.782411674
103738.721723927
103964.306662632
103869.959627606
103860.43030215
103871.974660407
103805.912162648
103751.714085703
103699.876670375
103956.739307844
103902.170471471
103763.861744788
103845.180661802
103947.976651636
103836.969753609
103903.51544204
104008.297393863
103719.772915747
103889.230034009
103779.386500529
103810.290148797
103860.814844631
103882.645490309
103851.874805246
103885.367448478
103786.104430806
103904.185588397
103719.032520589
103883.807644066
103889.891058762
103846.377664122
103779.826315734
103874.996661277
103839.244256695
103685.07462754
103825.066834279
103832.965503385
103873.833994054
103697.718840779
103948.946692089
103723.335878994
103737.532118222
103877.350142761
103935.724770549
103720.615345617
103810.99375682
103915.371485867
103878.497502882
103899.953265804
103907.302152684
103622.82025528
103910.452418358
103705.273906603
103704.784222519
103868.408795103
103933.534644783
103822.188018312
103903.85365973
103784.882478939
103699.904264388
103800.717556969
103870.610756083
103911.303534491
103713.958217558
103726.289553434
103794.972493857
103808.26433489
103753.993249207
103817.463321232
103917.92538482
103919.435526473
103786.210856317
103744.784611071
103902.585385091
103752.069858838
103881.037648659
103688.036413788
103779.53257609
103889.043548091
103888.285308294
103939.958212277
103762.086567397
103912.404830449
103729.500468411
103868.973376671
103702.661339673
103939.775230021
103819.554765035
103739.208572179
103797.535055161
103900.619069183
103881.096034481
103769.628610144
103776.612365341
103743.457052113
103859.182811304
103777.309978397
103918.437060374
103828.901304083
103870.37996054
103853.406944344
103964.377085951
103764.835488002
103952.011535365
103860.397633855
103820.192364395
103856.926302056
103782.213275554
103820.233761981
103886.296787579
103947.16246559
103742.632137209
103811.659996531
103776.661310778
103760.764712691
103912.032958049
103724.965104266
103797.421395118
103770.937286102
103714.138776672
103776.23828248
103796.584643162
103844.40547871
103837.573840995
103782.202453207
103713.484581302
103659.480703092
103963.067160215
103927.571486542
103850.774875475
103898.415545825
103823.033960132
103888.138446947
103827.766138507
103745.775034896
103888.834979403
103896.929942039
103928.577039556
103971.891367576
103892.047032542
103704.040685424
103822.005210416
103798.00615126
103710.166321901
103707.79728352
103679.615878945
103661.779289251
103720.71919209
103809.785388664
103917.942372499
103689.899062652
103879.308342938
103743.998616148
103766.010100805
103906.407730352
103823.99728068
103737.623755491
103658.922572002
104028.703017213
103886.42579459
103846.190347755
103788.075503277
103831.176149718
103784.182364451
103991.544881303
103961.025690434
103843.079528806
103881.896229959
103805.472778067
103942.339526088
103961.044639346
103671.058557513
103956.265525008
103984.610510607
103754.740157452
103869.934716771
103909.617806587
103946.562295094
103796.222651955
104017.576132754
103783.761595403
103652.276866514
103798.547644065
103693.916950288
103742.952718906
103765.874062617
103870.48588862
103888.152728132
103848.396821967
103766.727435111
103671.502895017
103904.918729837
103870.663670438
103881.801261553
103951.058736266
103703.459468515
103932.013819223
103800.148388694
103870.984825999
103879.513312927
103699.297679942
103957.242785623
103841.795341959
103873.363585972
103899.267359684
103818.672717705
103929.223466698
103599.349958462
103843.200156757
103846.417435971
103838.74200149
103849.624916047
103705.152590944
103738.052119508
103734.360174473
103834.332649592
103787.746057079
103859.009950183
103816.809674285
103765.681821847
103823.267844479
103829.236062521
103714.277744681
103926.920553324
103929.976992361
103990.597808932
103738.27390729
103802.35703192
103900.828570982
103801.214612869
103828.036339628
103786.717111293
103830.916973613
103884.040706468
104028.971770042
103624.00177748
103875.191104656
103811.45600721
103856.543797093
103743.412447785
103748.551306546
103885.037050464
103866.30334521
103748.454247446
103863.405277407
103714.283219771
103713.283415663
103856.315397755
103838.853440459
103775.96983597
103813.161123987
103700.057427559
103982.197365971
103873.718495342
104008.790449505
103851.221472834
103964.365373861
103730.05052508
103935.478656295
103805.918152473
103947.510790885
103823.538301177
103799.125194463
104001.381880977
103772.799228083
103920.751634619
103851.958386075
103704.3447011
103939.386231129
103753.497591893
103671.283219656
103919.537902741
103856.981219854
103824.967378774
103763.168866293
103947.914653606
103943.756934413
103769.234487991
103699.840236661
103797.908300514
103907.84951051
103735.643414524
103819.747525417
103778.781609466
103789.653854306
103655.464333008
103909.644847178
103887.852936617
103740.637320087
103821.520137381
103863.571281974
103769.024996582
103769.000066014
103806.982028178
103903.469166343
103937.245317
103734.693616978
103853.576309229
103750.795654547
103881.035128821
103793.263190321
103801.60800985
103941.355251988
103846.774709703
103842.849462828
103811.665803752
103697.764589941
103848.148611335
103837.400905002
103699.265812607
103794.810797929
103909.438712976
103751.899509211
103908.197860161
103954.136990181
103921.222145268
103851.173914227
103881.572840404
103746.183346179
103632.432618648
103737.079369818
103942.627756307
103734.67482424
103874.969842057
103764.97447437
103905.484621502
103891.996941809
103687.827408977
103815.746116954
103903.286457735
103701.116528885
103846.054333236
103724.178375015
103837.577306042
104051.395388671
103815.327946885
103870.803299651
104004.170286709
103847.670293339
103894.92079455
103781.487983326
103883.055965225
103762.221580397
103903.591592586
103998.469276928
103908.797933385
103811.091953227
103967.575189632
103738.102265847
103806.404420644
103854.953172948
103965.835162507
103975.526527591
103929.228872645
103673.955358493
103874.669189856
103768.98260327
103922.52527496
103871.586630462
103896.796689456
103873.659368566
103626.080745248
103752.338903135
103810.046032386
103825.355798327
103741.895898419
103891.394657612
103807.24714105
103794.987843675
103689.745050586
103891.236411109
103876.654878023
103842.418398059
103821.889658363
103725.190266521
103803.468461068
103804.712187503
103910.833583559
103974.763673941
103995.114844093
103836.536871925
103793.558899156
103940.956976967
103768.801306275
103660.374968444
103733.19156971
103909.722094412
103989.789245631
103936.536231998
103870.874531858
103665.572931968
103807.576166734
103920.82108106
103693.561373614
103952.589022138
103944.461348035
103880.853136239
103983.520114184
103919.046155665
103972.20191692
103809.918079651
103758.30961734
103860.517486614
103942.421905155
103866.819807342
103865.531552549
103651.326138976
103735.243148463
103793.405646441
103777.871723863
103821.099050658
103977.779099333
103885.261745141
103820.065528296
103817.105302032
103904.43480682
103715.38254822
103882.083475133
103919.046326371
103729.988096173
103730.2790052
103898.368626664
103876.601856837
103882.077770953
103772.015084766
103719.839167901
103724.135668661
103703.335501812
103749.295461748
103918.70012925
103883.220802578
103998.220865231
103931.59545734
103836.813647204
103765.548809767
103876.425711843
103878.976627647
103846.349974422
103827.077145954
103659.324610811
103657.604247612
103778.08874343
103905.288629747
103900.464518801
103876.029193291
103778.144227142
103779.724623333
103841.058458455
103889.796984214
103934.575658355
103762.961977459
103708.83379383
103921.820328407
103863.406867011
103704.944460825
103978.268010174
103754.682819626
103862.098933664
103676.030866237
103867.890104498
103817.736137685
103766.464925675
103762.604312193
103814.604503349
103856.541708417
103790.044882226
103912.4679741
103881.274019178
103739.530492031
103681.38319303
103818.491125699
104029.91278445
103851.390459545
103881.06681933
103811.653964842
103822.760869708
103723.007752762
103790.889110402
103626.369801313
103753.376357595
103813.323166196
103849.172440319
103703.480783408
103761.016052459
103984.6985088
103788.710671136
103748.455424021
103728.620373299
103763.522826043
103781.257624309
103948.076444806
103840.265730845
103802.539058564
103913.336204752
103784.201640393
103761.640582809
103890.755245516
103875.563109406
103773.805122614
103637.125446067
103773.564467069
103772.360628234
103736.568096529
103656.8231208
103858.180175353
103668.592722197
103889.8443341
103786.300946864
103769.441226313
103834.634592321
103812.997683914
103707.593585079
