103756.350677964
103944.522263927
103938.806455137
103723.374903516
103755.454700623
103944.211124872
103798.632662463
103784.406022403
103756.261063792
103750.897890928
103774.211335807
103769.989180858
103796.048809008
104002.410492239
103877.616673342
103815.515642199
103784.380531208
103818.621159787
103810.299911863
103842.473604783
103927.139746404
103786.735576285
103855.061556589
103759.866312223
103825.982921204
103955.181099116
104026.408342168
103805.606731773
103830.484880331
103752.879831979
103797.196195815
103852.161669894
103806.103512981
103810.934712829
103885.789951684
103826.374351811
103757.961145926
103952.77371686
103749.555659652
104009.194933727
103987.405604273
103809.783302298
103716.586316942
103865.71234299
103711.967599011
103774.10621639
103751.585233071
103791.859832761
103831.757285281
103861.456606964
103802.422102576
103764.466270188
103904.839856184
103803.158294522
103782.78530825
103754.546131652
103821.719831725
103738.140180747
103776.220641506
103789.573294044
103789.207369806
103940.379199701
103747.026558287
103741.980895048
103742.110589282
103819.837322125
103758.151368269
103806.61927229
103728.515315595
103803.956673572
103818.753155916
103791.164145206
103972.389599582
103765.897401124
103763.164147912
103974.255628722
103973.144059361
103868.88081153
103823.989624968
103804.557207132
103786.886296954
103756.823017408
103776.811856653
103768.84073693
103802.654982287
103743.573866525
103814.890673067
103979.987991006
103757.468504528
103963.508383113
103796.448916851
103772.111469604
103989.811881098
103792.082500616
104000.279947824
103758.527829114
103778.667595016
103784.622891238
103841.21857053
103796.255686601
103802.911154314
103935.10134566
103781.568957878
103739.326899266
103774.422950525
103759.877895145
103857.928132798
103734.907756571
103753.170501971
103815.301208126
103844.970652618
103788.402941457
103938.392171743
103733.341798568
103762.917375319
103805.991769997
103941.753791675
103777.278035899
103828.545336609
103865.945535285
103789.779675092
103778.132746679
103934.507423611
103944.906845411
103884.792739068
103786.318280089
103789.139385044
103993.541490935
103993.884160782
103977.876916173
103841.816781576
103816.843423193
103804.335928073
103760.496902335
103777.712297793
103784.18235257
103738.793201201
103727.390210283
103749.632825838
103773.670411348
103745.223949732
103719.880393866
103769.962707934
103794.932489185
103962.36318443
103744.606694807
103797.166968767
103728.569106568
103808.50795299
103810.203318366
103978.910524342
104005.312665663
103811.831901401
103831.798432748
103827.635196035
103721.815875134
103990.562830164
103800.896456881
103737.644113834
103768.321686823
103786.956867333
103785.534604023
103790.072949626
103713.764739581
103782.847513945
103871.73929219
103796.960208203
103940.40971383
103983.916777622
104004.952518311
103789.69864419
103826.102225033
103777.105029465
103764.765166117
103746.898699733
103819.828377239
103759.676786563
103777.449689891
103779.572077615
103833.689531178
103776.28828179
103774.735471362
103765.128676177
103978.045323524
103720.962979162
103756.149802638
103817.884827931
103778.589093251
103742.552037985
103780.589239533
103774.601805147
103782.040018861
103804.686143687
103974.488455325
103958.513163104
103748.897158309
103787.15528914
103781.377462255
103802.161208763
103820.491662795
103840.634847526
104004.810854556
103764.634738026
103729.204294886
103762.931057036
103780.248957946
103768.570993963
103801.971458388
103821.397526036
103920.717499887
103725.938803455
103734.446232668
103820.099580738
103957.652413154
103694.756810819
103790.055964007
103783.329502289
103834.425366007
103887.057172412
103774.185221123
103809.893768333
103829.376205805
103779.310136637
103983.457866419
103973.485524221
103793.769907411
103779.688066153
103746.820900797
103876.774296756
103985.616891578
103759.919674711
103775.245519326
103723.508261339
103842.045773992
104007.107789223
103903.872638077
103804.982370842
103779.213848573
103995.387779372
103793.49870643
103777.408400464
103746.881032352
103762.410364524
103752.772503127
103764.532231687
103825.291821222
103903.09230439
103846.737819733
103766.960977435
103773.143859086
103729.715003742
103738.293670712
103767.305876394
103747.036998014
103766.992829456
103942.762845471
103794.447301763
103824.465439192
103798.251440002
103723.141268518
103954.345450843
103757.541855001
103822.971036779
103760.49385807
103831.767715559
103802.003997478
103803.076818137
103835.012289854
103769.954880095
103957.808376342
103793.753045649
103809.216413666
103788.268641984
103976.277204264
103772.910765875
103763.066157525
103996.855281482
103794.230996571
103765.885870471
103766.133251601
103904.613462464
103767.075257323
103983.54505352
103790.061506664
103769.479003801
103807.970260962
103782.814445525
103798.848946861
103813.15151326
103779.038908723
103751.393759706
103989.90851891
103754.911748456
103741.416338748
103994.276246251
103823.084230012
103983.225619914
103772.40762177
103933.275756884
103820.879017687
103836.461324181
103969.718076241
103775.410306394
103811.816986562
103756.992850247
103837.424360368
103792.863802622
103953.960392245
103768.770814979
103742.653958798
103962.977241104
103801.199587692
103949.23508261
103806.98240337
103734.688175972
103742.426434341
103755.655150818
103977.68614368
103761.99896978
103824.146675455
103741.2395186
103778.503413203
103840.854622612
103974.645622633
103797.796491701
103969.28677263
103748.946279397
103721.123489402
103776.302506732
103836.18278265
103722.455157824
103803.308821152
103965.370013754
103796.449920828
103765.919157709
103808.512661234
103757.869578206
103763.944717789
103785.776524581
103812.800195186
103810.609615152
103958.850677987
103829.776828174
103797.09270723
103756.173818618
103775.332557283
103758.313120397
103815.967027887
103779.759758447
103764.952084824
104008.521714285
103783.755381763
103816.282422692
103802.435010332
103760.053074667
103789.130681504
103862.994516713
103803.842812451
103773.941494442
103804.52514399
103935.779770757
103733.226280419
103995.009675067
103789.99227682
103774.41354013
103752.586531275
103751.610097895
103768.539937145
103935.658349534
103739.646380016
103795.356192803
103819.871401674
103939.421369204
103749.918150936
103778.366930195
103941.927113267
103926.152019898
103931.352032929
103781.39115371
103766.484604273
103770.55444082
103814.312225052
103802.30129904
103718.87926145
103763.880027916
103792.276622001
103845.632509517
103915.324653131
103758.036590147
103751.837215355
103756.115532894
103774.386750939
103852.695780829
103769.990536649
103774.548642555
103891.277824691
103755.688687034
103793.988089611
103991.105998172
103794.621413385
103769.797072445
103796.699688747
103824.954295379
103773.51605364
103906.220223073
103758.70715771
103807.57169066
103780.89251313
103772.896823535
103795.724597353
103768.651380303
103919.74741506
103975.957931806
103752.149236555
103790.502995858
103929.150454471
103939.545467201
103784.481945564
103838.603836517
103766.221178178
103751.226088587
103777.917220276
103751.509167685
103693.41674799
103859.880603052
103910.480616812
103815.578010314
103761.15977927
103814.517949621
103804.059455827
103955.752593364
103747.08830871
103808.233771222
103883.101502249
103775.115604117
103960.103383586
103808.338819036
103750.812359063
103778.862717553
103753.904880096
103727.1984948
103766.710139667
103779.502291397
103894.800034841
103964.190963653
103818.929441526
103777.58262704
103821.38717432
103792.083200222
103754.882930244
103785.447634692
103759.105686409
103718.760263719
103874.234159925
103915.261817416
103967.489477658
103815.736321816
103786.000281436
103942.282919983
103756.702947758
103812.374417761
103869.484039667
103735.834146274
103759.670665148
103796.337606054
103980.512549094
103836.719866141
103762.943144918
103936.85198547
103971.874434051
103953.675208863
103942.785064592
103789.757711838
103769.882511044
103839.577429374
103827.943516444
103871.187742057
103760.450810709
103744.554318091
103767.417223703
103731.32307812
103935.842127674
103790.383566845
103955.10213284
103702.733489215
103764.586514501
103771.804367814
103831.259924788
103847.203996324
103966.207891833
103858.78024569
103851.349640989
103815.43326956
103943.715208467
103811.339747095
103800.171275961
103801.074623313
103771.283973831
103769.791623472
103762.154688173
103797.470711516
103758.230830037
103811.451810087
103762.958355115
103739.907000619
103817.880525368
103810.829369463
103802.990759107
103820.118794522
103829.506270722
103775.86069408
103969.062789319
103837.030098464
103824.839613874
103726.379427783
103953.371350568
103789.405706196
103729.999265643
103784.332134185
103794.764705219
103789.204068806
103931.649675965
103953.638409923
103868.888393131
103801.736453735
103760.914293202
103767.107508037
103741.828208294
103821.597706861
103986.237885203
103967.197893015
103965.55850752
103952.525261949
103778.994859506
103739.201542691
103984.774504148
103804.99485952
103953.374190366
103768.721470732
103768.438666594
103948.212700732
103730.696564346
103953.756363315
103956.926265596
103795.624717367
103990.286803918
103742.737901451
103866.468119267
103784.144462504
103724.876355791
103794.634045099
103776.951629131
103766.991697463
103747.781346583
103931.67310565
103757.970235692
103802.48016104
103823.907031622
103758.869955448
103932.012653779
103783.32506358
103739.467439989
103800.728948149
103783.808504581
103875.781443045
103844.738979319
103758.776241767
103736.704143049
103914.059548925
103772.276147478
103807.849040785
103799.329649999
103774.526042
103792.934646438
103921.451498971
103977.413365978
103914.021062573
103825.111722548
103708.515217661
103891.810721181
103930.312788713
103811.895760757
103949.389630947
103802.46831707
103757.029365842
103821.765141881
103787.1056311
103750.568247293
103776.423905361
103700.685531311
103802.53910282
103723.278087732
103982.200947045
103725.903780292
103796.777503697
103764.793220959
103897.016400501
103799.47486242
103964.043844648
103983.148299897
103787.017008029
103790.223659257
103949.416131092
103798.268317481
103790.552749938
103787.928677183
103774.215678987
103958.784716214
103786.387242318
103784.343035858
103757.877592601
103784.117790315
103812.57300099
103811.621072225
103829.202749107
103782.072286363
103746.01403308
103935.29290876
103780.45785806
103833.218340667
103750.357589526
103816.023304143
104011.715397358
103823.886860173
103789.50252357
103749.223471287
103904.953536186
103785.039943277
103790.052330787
103797.087996494
103745.600760103
103752.851565833
103786.824876164
103958.152767035
103758.442020081
103822.351403831
103786.809309061
103839.251479217
103710.365321721
103809.979192177
103763.163440208
103783.756166556
103831.608456012
103811.251504196
103766.721351248
103910.082116596
103903.077890366
103785.556252262
103784.603241844
103870.069661004
103870.515182718
103817.921781995
103970.302365989
103777.053298852
103800.382179205
103759.231949897
103865.024599816
103768.757809798
103811.546238137
103944.393057337
103793.463227079
103755.539952275
103826.825378756
103789.196577031
103795.434493907
103793.342564283
103892.89654448
103797.837977178
103821.521561636
103784.463067802
103782.180170361
103826.369361805
103964.593234463
103699.011730983
103966.771571882
103820.614716948
103811.694476028
103817.057442666
103987.965385026
103825.976243167
103835.574415776
103795.227994945
103815.732125742
103737.123710942
103762.163722212
103783.600416648
103941.383666757
103963.560102276
103945.88995222
103751.725483186
103923.319809504
103903.484490984
103800.229782211
103775.115817062
103906.122505478
103749.840088678
103755.01445132
103762.10391982
103731.891634312
103778.53059886
103837.43924271
103871.511568426
103767.177756582
103984.010788875
103820.758070951
103792.579396654
103733.569868394
103944.744142006
103836.736579424
103818.898350636
103824.953185272
103776.782188745
103793.218223501
103878.782318815
103750.459371708
103806.263136389
103852.323693017
103733.105947296
103771.024422972
103996.953531989
103786.01780327
103772.346551441
103801.906866694
103779.755206186
103775.036898751
103774.913550806
103794.445808276
103793.402900271
103978.385752784
103780.011680223
103989.539621757
103777.781024613
103771.133521337
103792.544435317
103898.892589379
103988.419414649
103873.234965108
103825.240499176
103776.864494215
103796.728212561
103771.482860776
103815.62238212
103794.465633228
103754.007519011
103776.126872802
103757.517117269
103831.959846064
103791.378321264
103884.403556775
103963.155002527
103746.302074053
103822.905389668
103794.931660934
103761.018457692
103741.018114241
103794.477496205
103816.33687067
103874.538509822
103832.805144276
103835.90804626
103778.337524821
103779.068057999
103733.732739054
103830.722362348
103750.674024573
103741.548354452
103801.960720499
103825.379534373
103785.470928667
103817.35361985
103864.517004298
103745.140453272
103823.150694638
103849.521419233
103745.986230087
103759.899818978
103957.943677139
103824.250515432
103932.058048487
103740.550845279
103864.606239565
103828.530637596
103826.977633561
103790.777591954
103878.265183617
104006.102711697
103983.60092932
103777.252081851
103726.014750333
103992.708672098
103761.116139063
103949.381831102
103766.459459873
103801.810896051
103722.882474285
103826.651224175
103820.909418004
103798.847269269
103761.984448634
103761.19621183
103958.293137496
103719.703769677
103706.671868817
103984.716256604
103776.638850356
103939.83837876
103986.502971993
103817.784081164
103786.89601893
103830.767353106
103743.8502162
103815.269996585
103726.357331013
103785.506525066
103824.512423548
104009.497196585
103841.69991546
103817.209189157
103821.270057945
103985.088399779
103715.335303197
103813.295253626
103979.957693643
103813.544662373
103954.35035468
103782.684409682
103813.918571529
103914.168863582
103789.052195587
103785.841521956
103987.731879142
103874.365426681
103801.702111479
103853.661715334
103768.621285514
103764.062089435
103954.468106642
103883.244074277
103747.741859807
103756.737732044
103958.040681041
103748.988317615
104027.466181777
103786.144775327
103796.483207914
103984.234166836
103946.414775027
103944.344910772
103946.411783069
103725.178927141
103772.651846585
103821.930612184
103797.850757832
103789.285284302
103746.26571316
103855.889440471
103785.816341183
103779.793627041
103784.125115503
103793.735692737
103804.34002325
103813.804966519
103819.071548593
103788.187451633
103819.255127108
103961.630012911
103806.274498051
103790.941893792
103796.618457637
103790.270991595
103825.492216717
103785.572454888
103794.038761712
103777.67959786
103945.852022832
103869.548076448
103801.615408325
103876.137923339
103798.02729792
103813.568955184
103773.438732069
104018.628683476
103794.78266492
103767.567554695
103812.971487397
103806.029838402
103746.668800198
103803.372977086
103905.06006239
103751.746224621
103794.769948485
103759.724351495
103815.473294474
103781.382500799
103724.317665647
103920.211622692
103781.786830821
103781.576792474
103825.546389483
103769.402292443
103744.664569342
103789.2599262
103867.028026755
104010.341447348
103776.660601427
103869.351818382
103833.42710559
103794.77309694
103782.910069375
103766.725862353
103821.490509416
103729.611713254
103794.4940868
103765.370649752
103740.690095325
103777.950244272
103778.643171872
103791.74227731
103728.82760894
103959.133934284
103784.163827431
103941.895770917
103768.140669907
103816.505021971
103798.804188219
103753.470541985
103812.668920614
103771.853289201
103841.920584794
103761.908397891
103966.5425749
103872.653305225
103922.378120082
103770.193740875
103793.491925278
103763.780300319
103809.84190397
103778.311953864
103994.691189722
103743.933869843
103746.657444236
103827.204734863
103773.280869559
103909.332531642
103749.009656545
103803.246787762
103889.069114203
103744.198313347
103873.767302291
103765.38127072
103753.349576645
103773.944680211
103730.204897964
103813.323289712
103971.949451555
103790.835656328
103804.313322395
103761.100040059
103795.996813402
103758.782040777
103967.84273158
103993.830675015
103769.575202623
103729.525773693
103963.365175234
103937.199912807
103770.573323706
103784.057153456
103987.835373526
103986.774898088
103797.865808584
103761.180557081
103764.803215025
104010.091807166
103959.650885752
103908.709007958
103793.694520635
103788.481182024
103832.691191358
103795.798154175
103985.412976831
103907.708926511
103728.181553351
103792.037599024
103831.215065393
103793.547135416
103859.568569811
103773.576855247
103754.676664384
103859.668765277
103801.052928178
103742.010203037
103953.42603802
103805.201794737
103812.692719855
103770.903015558
103717.549067769
103766.362660738
103843.57321641
103868.141183642
