103796.626947911
103815.939108884
103815.378411468
103812.550759706
103829.666267788
103795.005135493
103839.74125308
103822.861645752
103815.59843813
103819.071448164
103813.161108544
103827.602516858
103767.62671939
103772.754477275
103823.358148867
103811.80465237
103819.316310226
103819.610529114
103822.107882648
103817.24038942
103825.224365392
103822.617809367
103820.670376061
103796.836174828
103818.145855402
103832.316653629
103810.719258294
103813.138522051
103799.990958391
103809.840342791
103811.665884484
103822.92991654
103789.776893065
103821.708890167
103808.777832233
103812.620098115
103815.775862314
103819.748842953
103973.915493636
103887.245992507
103804.208323194
103780.865855056
103808.423399475
103813.529681431
103764.428988785
103796.142614054
103781.324446483
103797.787061364
103799.680275384
103798.388503924
103841.761438519
103789.571493625
103814.61974025
103800.069093228
103827.400702374
103817.580132834
103838.007750603
103807.788030573
103781.4031517
103790.203267924
103819.786949264
103811.908762493
103795.893758219
103785.347226202
103809.978774371
103804.009141736
103792.661835033
103821.330634695
103798.747564316
103772.442855218
103808.882581761
103815.019271911
104006.969404806
103830.568770708
103881.298154362
103808.388061739
103820.487395977
104010.160860383
103816.261325635
103831.012476722
103787.812846173
103792.852288219
103788.678126299
104001.14146918
103798.222308704
103812.307179684
103786.365729614
103800.306958741
103800.850434014
103805.488900235
103813.991271194
103806.821629104
104012.97813643
103745.499950389
103777.14419007
103829.611565666
103962.703499566
103802.440701403
103816.662528108
103810.02406798
103782.295247739
103798.936542409
103810.530867461
103780.233389638
103816.757445763
103815.780703038
103793.976148979
103819.314211628
103808.097521014
103808.634857002
103812.963052868
103794.750861141
103788.684986191
103804.082258705
103823.203065036
103800.267439841
103817.900944509
103815.91027764
103820.661676644
103817.373868912
103819.692807303
103801.025622618
103794.933476439
103822.692074584
103815.847859488
103805.43214011
103781.211744962
103799.545640403
103823.127476735
103814.379815847
103827.712073096
104013.762539515
103821.094053256
103819.651933129
103791.504988002
103798.290312648
103820.944363844
103787.770719493
103815.690550817
103800.592309366
103816.564832999
103808.286773256
103799.699049098
103813.038480463
104005.702721072
103806.865294035
103828.563086612
103831.780445714
103824.417490163
103802.23922838
103813.037339953
103789.669105198
103987.305059463
103815.085973867
103807.179549413
103814.854943119
103824.237936534
103781.149976195
103812.263603604
103823.960311003
103823.115498351
103814.134147695
103901.621455839
103807.1398822
103809.904910312
103807.715304609
103812.735751182
103826.245882855
103818.930617162
103826.110948081
103804.183434387
103824.354297098
103797.415893995
103794.477494445
103793.233516744
103791.957868963
103818.793642215
103789.990323041
103797.657832632
103809.045475226
103808.03647081
103803.38211435
103791.027681555
103813.757413577
103824.515158617
103811.807950429
103793.514991732
103825.964558538
103830.805286396
103820.73475677
103800.782708693
103796.318820963
104013.329163425
103988.05342697
103818.85071666
103819.045404007
103804.993629726
103823.203836685
103814.615362006
103786.70978346
103820.444807318
103812.355012247
103801.721700946
103795.977183997
103823.782786319
103826.748169753
103818.789048599
103813.415335635
103801.726855169
103791.120096254
103775.160722609
103810.090488955
103792.556396193
104001.244303397
103804.721785867
103830.242920425
103822.645460303
103802.664653083
103795.894733583
103781.147524419
103873.783595881
103788.196231615
103800.997806462
103999.075667015
103795.087425689
103826.16729948
103804.406067037
103786.541325514
103823.574785403
103787.324246873
103809.146461998
103808.300820522
103811.499258956
103807.765462799
103822.637483339
103805.603420842
103808.309962593
103816.706298501
103807.887092162
103803.262405738
104003.844551588
103806.680612666
103823.057118064
103819.072787487
103795.3647645
103822.781902126
103985.458884789
103838.073842828
103815.84968405
103810.949539679
103797.785708689
103804.360122394
103794.757404974
103814.816979664
103816.492410828
103805.841607087
103815.572436379
103815.797411492
103799.247491764
103822.690376699
103800.507444508
103806.056011275
103834.352206392
103987.784424075
103789.95945407
103827.895730753
103808.126687245
103814.362602752
103832.521961779
103822.605608784
103810.485943407
103817.678241391
103806.64649838
103797.227516401
103802.853849628
103809.510943116
103779.807901073
103814.053848776
103790.21672744
103803.376011772
103982.077027114
103826.951891409
103790.065134829
103822.991811631
103819.971371687
103811.972140704
103993.46200467
103821.757012257
103809.07259288
103825.210029029
103813.235967651
103796.64668712
103811.531057181
103809.729102648
103817.377121644
103803.75498983
103825.14119678
103791.905247773
103808.825136949
103804.334570242
103802.531277603
103775.543310128
103828.605586143
103812.636417774
103804.387238137
103797.037220788
103819.556406349
103775.162564824
103817.416454311
103821.052372296
103805.61419844
103824.77979312
103805.120778277
103799.054963648
103816.314853499
104014.128921919
103790.014540368
103811.945969033
103804.294839271
103807.399299679
103776.897791819
103803.99982806
103797.770009994
103813.629908576
103824.285504034
103791.177239155
103796.892251545
103812.227332591
103781.865802205
103993.391740635
103805.919265131
103817.944280523
103815.526295016
103809.955293734
103949.476469717
103816.215016132
103790.325220293
103810.60047058
103800.870529421
103810.363737297
103811.317417517
103785.78200527
103822.467149473
103816.477018161
103817.726695902
103830.051132441
103807.672834709
103788.88138604
103996.075445115
103814.155769413
103827.951389245
103808.960131192
103800.486659361
103798.108818877
103975.70584875
103815.345252156
104004.642946771
103807.809014032
103808.137174611
103809.000083894
103824.716374175
103808.922608922
103784.365825584
103794.619318356
103828.6713885
103812.945495525
103799.25914682
103819.566528552
103817.217193004
103825.968574963
103802.154808479
103807.686830483
103787.661184414
103794.253336231
103795.431797547
103798.248565661
103996.204286211
103822.382363479
103780.249704465
103810.128702068
103826.173249635
103813.956459341
103793.492840447
103809.43604403
103827.414819386
103787.510677712
103807.753072936
103767.996580648
103782.654287457
103799.81254739
103821.392450433
103828.742021775
103816.793836125
103816.502358531
103809.282982672
103799.940789271
103809.738390585
103825.846656277
103802.032570983
104011.334406126
103811.34597233
103777.822588677
103825.310448737
103832.30738466
103808.938647003
104032.39099934
103830.236154947
103803.740096355
103817.692006866
103801.277977304
103800.385583858
103820.921908889
103795.941082396
103809.656952628
103808.513701272
104002.345185204
103805.32905819
103826.809045688
103819.62368063
103826.411120525
103816.39364099
103802.511035051
103789.825644779
103795.839940222
103814.945602789
103825.541222559
103785.964346098
103797.543930818
103808.005259643
103805.314790366
103844.99604019
103793.282768455
103825.804525167
103829.111167505
103771.434502429
103804.709830112
103795.755988791
103990.624793842
103805.365928607
103815.400326293
103796.734429659
103779.971310165
103820.790235347
103885.329885568
103824.7845881
103820.627739896
103817.376209865
103996.786206467
103796.866892435
103837.208572755
103814.636023673
103783.894658392
103796.007611261
103773.599948105
103816.697281999
103817.426616306
103817.016489749
103815.665959781
103796.767988448
103771.385938193
103821.796662792
103803.747788592
104021.907749053
103809.872393836
103818.86329922
103806.662808937
103811.633134593
103803.421086002
103810.483199948
103805.504185523
103775.240133415
103797.073819363
103800.906311337
103766.985437651
103800.977405322
103830.626846181
103821.754742701
103797.191638323
103816.297715359
103808.491849391
103803.200838065
103796.779209384
103826.981969178
103788.690269214
103809.282763807
103808.486913523
103835.76673622
103802.035569798
103812.222968967
103800.965020269
103801.056986135
103808.199150371
103808.680217448
103832.502270598
103813.650472098
103800.31138541
103806.729038526
103792.30268346
103977.62593995
103802.940933088
103797.981429015
103830.629368456
103824.254558177
103990.197566032
103806.62811556
103822.182311803
103819.224801047
103829.29563567
103801.736591176
103799.616970584
103823.54170219
103783.8841721
103820.402473244
103800.98603964
103800.942692245
103814.059770466
103796.597909764
103805.915407691
103813.781507719
103831.681793401
103823.379360934
103799.858174991
103990.963463803
103802.733085382
103783.20689787
103828.081951379
103803.906936401
103794.3386126
103808.931461722
104000.208844273
103817.360502491
103837.722538124
103816.034469787
103791.579471798
103802.907559676
103811.138911201
103805.38200712
103828.163538925
103803.970434065
103803.821709342
103817.997074877
103812.789488877
103814.406823087
103809.811814548
103805.096116918
103823.630118137
103815.790291876
103826.16166911
103822.29193534
103792.043804315
103772.019592847
103759.877354933
103823.603478142
103820.80709866
103823.274312521
103806.831064982
103818.999697302
103832.587789745
103809.635383536
103786.613912006
103813.759350549
103806.328662119
103822.340722074
103810.474151002
103821.317311089
103805.450017199
103800.22826942
103803.046626281
103981.94672816
103985.653610545
103771.519910533
103805.898664397
103792.564638182
103775.367360971
103806.798648395
103822.024960589
103801.874229407
104008.373569527
103808.355026854
104013.189725354
103817.760810262
103798.900224022
103816.379326086
103803.046154177
103993.272836939
103804.198320249
103795.125544413
103833.465776786
103813.438373527
103807.453040766
103820.384940552
103799.592815147
103814.005696622
103798.284370751
103819.905971086
103821.312984771
103816.295985947
103805.957560595
103816.638034107
103812.078661968
103822.536879686
103817.621441207
103845.100392296
103804.308242064
103829.935504727
103803.118095427
103777.426849194
103807.705402774
103790.763908357
103818.770737809
103796.528895771
103802.39149745
103827.584728092
103801.333284707
103828.168863339
103829.53955448
103817.349942812
103831.020352642
103797.004653299
103805.514046425
103788.905839502
103804.6388052
103816.695335697
103817.617437427
103798.843245228
103813.879413701
103778.618202277
103811.701160287
103882.673789431
103798.732582365
103803.961084412
104006.226924422
103783.644441123
103819.852890232
103823.833286381
103812.066718392
103778.951985715
103827.199013997
103797.697493782
103810.857520682
103811.025342678
103841.943088931
103808.099990406
103817.410131292
103814.934778421
103805.751198224
103805.275106977
103810.784636048
103805.622614479
103791.211348186
103797.5094029
103799.606219258
103799.257436251
103817.048463914
103819.52498484
103837.802166741
103828.732602361
103812.150999483
103990.408741448
103804.877848221
103810.732055292
103803.815940332
103784.181297119
103802.930622687
103824.042896433
103822.933344964
103789.219669514
103813.192241703
103814.890593792
103805.604191168
103813.612769278
103809.467820604
103809.900256582
103799.226187619
103787.701192466
103822.833236767
103808.27787255
103823.314538412
103822.945070828
103799.072791318
103798.423745888
103802.103280362
103816.923754894
103817.344094531
103813.979248261
103789.474169589
103811.20532692
103828.940470915
103812.000110768
103812.474536285
103774.257261808
103759.243476168
103815.558936253
103811.467802166
103812.139654569
103804.514307909
103837.829084445
103795.24962191
103817.554340025
103779.083830582
103786.168683956
103800.664686242
103769.303265527
103800.61164429
103803.472715197
103819.432717684
103809.115506331
103826.896984844
103812.621531062
103831.942664172
103814.366272135
103829.276617164
103973.294535707
103808.223051587
103800.190302872
103832.543323678
103820.632862164
103821.745881205
103808.90258046
103810.456142092
103816.426335593
103813.973829686
103961.510371364
103818.360177531
103813.321195666
103819.443540921
103798.435574855
103776.732660448
103807.331705713
103768.557380144
103825.221109728
103811.384631085
103792.913100506
103781.786712454
103828.876883165
103827.241184166
103806.739439687
103819.6678273
103849.760708018
103806.494292129
103815.55002116
103779.43231606
103810.506725836
103817.306428981
103802.942303915
103827.592338012
103768.05081644
103807.481744637
103818.52997415
103798.599941507
103835.834359292
103795.480092205
103817.232745126
103808.972897692
103820.27673627
103818.634572868
103827.55299968
103824.244085904
103809.494225843
103812.510414037
103809.23229919
103809.163935656
103796.227636697
103806.402249812
103823.091840748
103809.277636868
103826.815906531
103787.439341126
103982.457853226
103796.823930756
103808.448611946
103820.143087657
103806.423276346
103807.022699257
103806.970835657
103832.511795522
103804.776960549
103794.904173484
103812.652811661
103811.669106246
103802.167468529
103824.020188612
103808.582503791
103784.38445468
103808.417267983
103798.803858424
103824.403192592
103819.844350063
103803.761295174
103815.275341785
103826.103270678
103806.644807078
103826.888821713
103825.299771397
103807.072159705
103821.124048272
103800.761752075
103808.665766821
103792.699817526
103814.390173631
103822.811718857
103891.649110354
103804.584780391
103817.599398003
103824.962364221
103821.06449332
103812.434319109
103804.583231106
103802.9797496
103814.575189709
103820.001715581
103795.047710682
103839.054469011
103802.645451956
103809.033302905
103838.959876713
103829.451347835
103832.407939855
103809.140869926
103806.274540395
103794.489864301
103799.281378803
103804.092512185
103824.130485878
104006.311947422
103780.314727681
103810.198825378
103762.013151249
103838.68124105
103802.728560338
103793.542980474
103813.867821339
103824.918990193
103783.657258096
103802.923006335
103805.603996855
103824.988484393
103831.320197828
103813.706452448
103807.018220111
103796.838933131
103809.710063114
103817.766177133
103781.037256844
103805.848792262
103811.01233419
103822.744271313
103816.23515695
103801.239636214
103772.20427947
103841.543406453
103765.044504234
103825.151543715
103818.097087362
103820.003953361
103824.707346489
103827.968255121
104000.905718718
103826.752513042
103805.865179883
103828.474220626
103819.630008358
103830.820791001
103824.505472379
103806.851541645
103865.260317187
103819.269833328
103800.766184847
103812.035312433
103778.534516183
103808.954526799
103797.490729674
103796.933324314
103822.224323698
103805.019497177
103803.098273114
103811.616168819
103799.068266112
103986.325600374
103777.139985891
103775.248854806
103786.761255236
103814.55491557
103793.058380467
103797.322045387
103825.975752856
103802.257444446
103818.454042653
103818.997984434
103810.68344642
103818.801952023
103798.211539214
103826.128349901
103800.379812434
103989.738968999
103818.084519584
103798.995241886
103822.558394899
103819.194468177
103800.634058322
103802.978832582
103805.349592071
103806.581828766
103818.135222444
103822.26954229
103828.615859857
103816.869505651
103818.02957694
103835.013833762
103798.64857943
103799.77482702
103804.653974276
103996.097967885
103814.159201694
103818.367486581
103801.397637971
103776.310865624
103826.073924229
103829.372369056
103827.931505326
103808.895626809
103809.06800265
103802.818531341
103825.109101017
103805.840432663
103818.263585452
103793.657361716
103822.813674166
103820.328071021
103820.012327356
103814.444168112
103784.316638723
103805.536616368
103804.823103461
103788.141434202
103816.681122629
103815.624678649
103794.096244577
103830.601411663
103810.11978604
103833.106735169
103819.850158863
103797.982209201
103804.503781836
103794.722076266
103782.922334981
103807.776637237
103822.65498069
103799.660528792
103810.205514052
103822.578335295
103812.099817506
103809.714606353
103819.145882727
103817.19178054
103825.702427543
103814.976559406
103811.6052129
103800.312273554
103881.257866423
103820.032754939
103981.741907341
103777.496484319
103823.012396
103799.941846719
103823.83907118
103794.637430913
103839.127862265
103776.454376827
103867.857851191
103816.235219655
103809.921603932
103814.307587251
103823.162011477
103840.551059884
103797.947624769
103797.467554387
103802.014638453
103805.691949408
103811.59429063
103813.39863101
103808.497513558
103822.469635481
103899.048251013
103838.392834782
103799.949695581
103822.74322965
103776.597443997
104014.367540468
103807.657093476
103812.627357406
103819.376706331
103808.418810531
103832.369643386
103812.697839746
103804.7164724
103826.631194872
103818.599121778
103990.488699125
103818.987860473
