103756.678027425
103793.201802474
103816.306489321
103800.136820926
103887.579069275
103806.232055425
103792.543397516
103816.091221316
103784.13373187
103972.770411011
103778.492699854
103784.58771795
103825.772529681
103804.313634507
103780.602482086
103806.922913847
103786.204445993
103818.01972395
103785.901987827
103751.735264748
103778.21805159
103820.809057698
103826.694141516
103791.047944972
103813.048706572
103803.175915103
103767.427776669
103784.565743898
103839.735326578
103795.872724365
103786.60517129
103980.411635687
103805.342952948
103790.568260794
103847.417372908
103803.635782567
103791.826136184
103759.775035492
103887.849234093
103836.089846078
103821.655856055
104011.971622401
103782.421260931
103776.61203263
103970.521688096
103795.231663382
103764.892957618
103809.436184777
103764.460061854
103815.073514366
103809.820727043
103900.165470297
103800.957675031
103809.972982061
103765.954004013
103791.27827177
103808.54526884
103792.043607738
103781.958729266
103797.473436345
103808.293015238
103814.058072495
103988.069976892
103764.691606194
103802.923785981
103754.079827877
103776.772852185
103814.123608998
103851.982018869
103951.316287366
103771.219138043
103776.922445327
103798.213678372
103806.881719627
103777.946219525
103991.232326091
103787.533390394
103791.565384896
103763.648662467
103788.480753593
103810.650199221
103792.197276628
103794.130683234
103815.396666039
103766.573513437
103772.984477383
103830.087180296
103795.738437141
103819.512366391
103825.083683699
103823.105842007
103883.540629536
103783.504508525
103757.547838492
103771.048153779
103816.354232382
103976.94908528
103799.750261392
104021.454063662
103753.199816478
103824.600367015
103798.950348982
103825.563257332
103968.605845671
103788.122427649
103864.756732691
103792.398332893
103748.183430263
103786.2815059
103799.104607271
103803.60239474
103780.399454444
103804.257760315
103797.7742812
103799.266943937
103789.272536012
103772.168703429
103800.97709606
103794.48337886
103775.119641375
103994.478422377
103799.605241746
103972.375323004
103771.953563191
103828.102986949
103775.421058116
103772.832526944
103792.91930307
103815.62348629
103797.11802146
103766.967332221
103783.81158801
103797.6756015
103803.482807958
103806.758603333
103785.405636313
103806.163405986
103791.293946031
103796.43599328
103798.290300118
103811.195246745
104011.692810371
103787.670006039
103805.023041371
103805.827300582
103755.339965957
103903.372109593
103965.318847903
103817.912270539
103958.439045128
103957.888132458
103816.116703188
103825.078807997
103801.078858404
103995.046091508
103810.421159378
103779.902593995
103817.770483921
103781.659664053
103816.454481726
103795.915587275
103767.873629506
103796.451873024
103776.426020332
103807.368385408
103830.358056133
103794.335516374
103894.987042778
103807.3562879
103845.499512834
103809.469110973
103977.587693402
104010.705402573
103823.598840952
103800.709423932
103986.684058744
103970.98377532
103784.285976182
103787.269466171
103944.104797217
103819.75293007
103977.959100914
103834.314435008
103856.200544685
103770.853538926
103992.551849356
103772.360394436
103792.542563934
103817.858422743
103826.503630496
103997.839222414
103955.329380527
103761.882476036
103778.12647334
103964.760676885
103729.29769874
103981.188898648
104003.112173666
103804.208235397
103759.727343222
103984.663300099
103823.655096158
103782.845753288
103773.148577766
103799.935394387
103905.234788697
103774.09996671
103762.565933003
103764.034337499
103983.001515684
103787.302748306
103757.475049466
103788.063639205
103760.863198365
103794.668489191
103746.346105151
103811.212104134
103789.74882928
103809.048855151
103780.494505431
103783.407352941
103801.809644572
103831.471183578
103801.182613159
103787.597043873
103749.21234058
103813.092861288
103771.913721579
103756.815433876
103815.085509391
103767.201818405
103791.930461769
103970.054013306
103826.05166215
103823.347356346
103800.620618039
103806.083415176
103813.960763771
103827.990824584
103833.736637853
103803.697433532
103758.375275189
103809.007521959
103781.937714662
103797.490160474
103806.946467406
103755.569872103
103766.957689272
103821.923610506
103760.883850436
103765.924327352
103787.071848707
103815.075331353
103770.096471045
103753.523825055
103897.046803878
103801.28621663
103803.565203442
103778.510230626
103759.873252391
103994.642956897
103825.618049676
103800.10670829
103813.468047484
103803.960014467
103803.321843193
103800.094788779
103778.335559375
103821.921751411
103769.817967807
103808.03046208
103804.683992981
103779.735615298
103775.158805743
103820.598040079
103979.952473676
103804.55942471
103825.965105652
103799.760747106
103802.363795152
103796.984810718
103775.67664502
103836.587083744
103962.277840516
103812.039094641
103785.973768872
103809.913500128
103818.34392327
103730.567678007
103982.269080286
103761.592661892
103802.749842689
103789.056289437
103811.034109256
103780.153638898
103768.312230211
103797.912847043
103791.25877709
103797.737040893
103771.899645688
103798.64859486
103956.025668542
103798.271789794
103803.022909324
103824.969287708
103778.59067931
103792.723732802
103794.475257223
103780.801554233
103839.906578271
103820.444742834
103737.574468442
103781.800997538
103820.806973638
103816.874620197
103997.10142708
103809.728314462
103760.871964234
103783.678357331
103800.802837723
103819.190299936
103805.125715439
103886.120239776
103755.363578218
103819.426089683
103777.199399782
103829.809317989
103831.909604537
103771.690806036
103758.815290304
103772.120293403
103767.435636737
103789.279938758
103845.29548738
103752.986331015
103803.190746316
103995.958997887
103829.993777849
103816.77515036
103745.719399051
103822.887309701
103833.287724907
103980.64389784
103862.073701777
103803.251709085
103792.496471465
103770.853076684
103787.394988564
103806.257038594
103829.943909509
103769.081998551
103810.60950973
103787.235239258
103804.368695197
103750.636693447
103808.61511037
103786.841140331
103832.365752307
103811.469190772
103782.654656766
103832.33620141
103751.934091669
103730.816829416
103804.148922169
103987.09109532
103803.204820094
103759.485557902
103982.995994668
103749.299950683
103980.119943095
103794.11232635
103889.211019412
103830.836228502
103803.572672102
103947.766150552
103824.840801577
103766.132568913
103790.461339965
103783.989182717
103887.53707854
103816.69459156
103988.259734235
103813.483435434
103786.767405307
103799.722024837
103794.215574526
103793.971969678
103792.978790048
103792.447070123
103800.46616916
103826.175024126
103796.436822867
103807.710091652
103791.01542418
103773.483497838
103797.44280207
103984.727113788
103931.833630318
103765.862260772
103798.805378488
103960.725495124
103783.532034381
103788.29318774
103814.043402077
103782.470732057
103788.426457402
103725.629196101
103803.000810779
103955.53105471
103786.63108167
103822.078131822
103804.190976514
103799.492302984
103789.245692111
103825.041574694
103769.970878216
103722.78795057
103789.148068731
103776.064228844
103813.457870715
103823.983066438
103930.109601084
103844.36374789
103798.223384254
103733.203587171
103767.727334523
103764.703946584
103779.290751395
103814.032882184
103799.521431932
103762.377126202
103796.894983474
103802.948344767
103793.950725728
103809.09424864
103775.145254082
103800.081218075
103771.677934338
103942.944028382
103792.290382692
103758.00965427
103799.302933367
103798.518906734
103823.649579034
103817.388341685
104004.392890439
103793.570825517
103817.343155849
103811.263988805
103820.405104084
103805.486601598
103746.448378803
103805.020642369
103820.83038516
103776.879463142
103798.175196426
103798.108001585
103809.481000698
103853.008942377
103795.8480115
103818.071226704
103813.292559263
103755.232449665
103868.689733018
104016.988692794
103972.825212158
103813.329542508
103808.328267229
103827.18125084
103784.871835046
103761.377848792
103735.170854735
103828.490744675
103789.753531876
104010.731754475
103808.315883947
103868.906950496
103822.367610944
103971.722214698
103802.201134972
103814.865915209
104003.166693672
103815.067406835
104020.339424796
103805.664019052
103797.355534279
103813.069250203
103762.392975347
103943.985992499
103987.712292391
103773.454068962
103805.158919041
103941.766885101
103807.728184551
103952.262665907
103983.262301306
103821.381868852
103804.309823579
103764.478949774
103771.118331684
103782.495364106
103779.036617786
103800.966201795
103810.138629052
103811.999116964
103862.643218617
103791.036039553
103789.874064452
103737.654124084
103807.62461584
103816.891422675
103749.465228841
103762.013060616
103988.766065983
103778.709288605
103834.860769475
103806.059986615
103830.841618085
103756.656674402
103801.183334683
103812.417634446
103804.492028594
103773.895922641
103832.435901531
103801.574716824
103774.77664427
104015.633429751
103803.044961965
103980.271455938
103809.116916315
103774.135491495
103818.023208932
103794.680055861
103790.634994806
103767.961256082
103976.056390326
103786.218286457
103787.033583987
103774.306749169
103787.486984858
103780.944637267
103817.630089226
103794.608643501
103780.423564839
103797.511359224
103764.436544321
103816.843370394
103766.14742312
103993.444078314
103782.789783003
103775.326443297
103817.101415846
103741.331116283
103795.26163681
103767.650572445
103762.827425243
103852.679979604
103979.054564761
103821.011393988
103782.799827463
103806.988635433
103786.780599831
103779.278228506
103810.725290415
103801.055341632
103782.316428399
103800.149344761
103804.656264556
103795.820993372
103809.552629588
103801.156124245
103803.372479415
103793.180395486
103791.207829389
104003.5071147
103792.524133027
103979.005288346
103798.494557834
103943.527187447
103806.771047151
103790.851727367
103972.190307425
103806.220628153
103799.613734747
103829.591577315
103769.267761596
103786.841418936
103815.387126004
103795.323723999
103792.086575312
104008.81298468
103801.955326759
103834.728034869
103763.72084828
103799.486873754
103829.89147168
103966.026121728
103786.29139299
103788.431038485
103804.306844469
103760.359260457
103812.991123375
103811.57877295
103813.505498861
103786.209408779
103830.843325058
103831.809981257
103956.363898985
103979.800097461
103804.164403953
103992.80214372
103787.1894967
103813.571371314
103811.368928118
103843.564880124
103849.921143627
103795.820331094
103810.919111047
103980.814651438
103764.819407978
103789.77797884
103795.620737533
103971.060409241
103938.093330168
103766.027739124
103797.47688849
103806.46707285
103821.787564174
103785.699199709
103817.525205649
103984.467765835
103787.494392052
103795.534008826
103785.110307044
103779.225727144
103957.728513675
103740.850714581
103802.151933152
103802.85364809
103813.123694012
103812.272227104
103810.039078377
103801.092266519
103783.597485367
103767.212809936
103763.896635233
103810.160829782
103915.029977563
103808.689348647
103773.497046665
103839.720402582
103763.771449723
103798.576521248
103798.543740051
103978.726796977
103818.374486957
103781.211043759
104000.431503526
103799.713873472
103815.122164598
103792.964792654
103793.774904802
103810.802889392
103947.897589025
103791.235143813
103794.394134757
103793.613665348
103798.641303235
103807.825805742
103779.572434565
103802.582263936
104005.442289547
103861.319150429
103813.440906972
103814.84424236
103803.44820264
103806.19729977
103812.754629475
103760.085594503
103947.811429765
103823.099797256
103932.03837513
103802.258333898
103814.811409802
103995.999944204
103795.657860655
103801.356653104
103761.197156521
103993.7701731
103817.11874836
103991.32610272
103801.546596044
103801.096510336
103804.564212387
103815.698049003
103786.244636108
103809.67501406
103764.356169039
103816.187810225
103797.642379358
103810.553998032
104002.839526523
103991.748613986
103781.145816419
103831.760600582
103751.285959216
103796.062609682
103784.447967875
103799.123227538
103807.282566371
103818.023819831
103809.163298764
103785.295993252
103781.133994365
103782.435128396
103796.762830908
103759.949728581
103932.150046952
103803.605578092
103805.5128679
103758.846239749
103847.57016366
103798.716402959
103754.892888003
103969.560838587
103961.499512766
103975.55762703
103874.150727505
103796.824639251
103814.059137143
103785.59811709
103777.55863776
103781.838703519
103783.408977302
103818.205959655
104001.804427514
103812.314348225
103772.150845718
103793.339159647
103835.186218402
103795.102880478
103777.949514506
103802.598548252
103801.649686514
103772.91309371
103768.274659887
103990.757623107
103827.449250503
104010.267736096
103755.483182001
103825.319546699
103826.249812005
103811.03651893
103825.221218589
103821.331259621
103798.701752342
103785.995652635
103810.399683886
103791.415726152
103809.69729789
103771.256843938
104008.092504054
103823.69084823
103775.832455941
103804.423622798
103800.31069141
103974.739760813
103803.876872479
103807.435924809
103964.58427761
103775.820607336
103931.703023623
103801.450392519
103803.961637347
103868.0688491
104006.966477471
103818.491285245
103809.345550616
103972.30354793
103790.537128735
103810.807019682
103976.209258729
103756.439478178
103999.117854128
103920.303106662
103782.90587627
103802.623803326
103807.710499705
103818.751339448
103828.433711123
103828.542813793
103796.505635496
103787.178345067
103982.854634222
103804.092011859
103747.695688733
103816.730766738
103796.526295463
103766.61661009
103809.882553956
103811.782666128
103733.532207636
103946.580295131
103811.292759718
103818.452758232
103798.829446914
103800.957987603
103792.660738598
103785.51189637
103800.705803465
103959.630300946
103788.172995563
103777.470864347
103787.989166646
103815.388215198
103973.617300099
103779.082631856
103796.986308043
103762.756847564
103801.55745631
103816.569678357
103756.695051454
103801.852209136
103816.683907319
103787.952847916
103994.461911628
103819.045121199
103816.660680729
103816.643619622
103999.139186761
103816.298836698
103810.90996455
103741.133899841
103789.682706813
103818.120383482
103792.29475655
103992.860923203
103881.825353632
103884.145047292
103785.487414587
103979.390555397
103806.897568045
103771.782121356
103789.345988829
103779.995131614
103782.400958217
103792.380798345
103830.408362446
103793.50358222
103744.272472287
103786.917713198
103782.365316761
103821.54433069
103818.670249599
103771.673918946
103796.70918242
103802.889276128
103952.129019004
103885.237528707
103829.170595285
103792.798875172
103834.646588344
103820.303448037
103820.168676322
103810.678980589
103775.780989611
103766.954870398
103996.007651925
103973.652714561
104005.801007047
104005.823958709
103817.864720378
103806.204667373
104003.978128236
103782.522374247
103822.177707341
103791.819710375
103784.017432187
103802.631717703
103846.990831092
103789.784498076
103835.102673998
103795.152480708
103777.342158664
103876.218421526
103982.548836151
103761.094215365
103785.258796532
103823.901745373
103820.024371758
103790.060557368
103820.508189371
103813.144660552
103759.147801311
104003.300231502
103818.362509098
103811.6629023
103771.006355613
103824.814886258
103777.885474926
103798.779081428
103808.374520873
103958.951469815
103773.90527908
103792.992655996
103785.975724729
103784.414829531
103791.770176704
103798.951533972
103824.286117333
103782.54874175
103815.562306966
103843.805247264
103954.468128918
103783.151147931
103823.998533144
103824.686198317
103805.618391292
103796.615260588
103817.907557272
103760.796382177
103765.672429006
103862.786170659
103904.74456814
103774.068729549
103872.176672177
103747.5997089
103829.312609894
103808.60627983
103779.929351274
103805.146821194
103767.361018301
103982.703240974
103809.793619751
103846.855646717
103814.929017848
103780.382811048
103818.036295385
103822.268999782
103782.053365053
104018.408826867
103805.438552178
103780.540917716
103774.484120798
103786.567007524
103830.574106458
103750.608974182
103774.917966644
103778.669908192
103772.578744408
103806.094260374
103753.510019416
103817.998240294
103812.7576414
103788.787353278
103808.957626074
103774.638125311
103790.243365188
103827.709462425
103801.699691995
103826.735295011
103771.119972099
103804.31254187
103800.625275382
103775.804871018
103779.311000373
103761.045325679
103795.742151406
103828.665146343
103806.703145397
103989.058247307
103778.723940982
103787.29864989
103833.381540495
103784.31012443
103834.425795111
103776.647023978
103780.187991578
103811.708857077
103768.70831606
103791.500898201
103757.041968538
103969.295011556
103764.488794468
103739.208565504
103822.195451982
103795.329175018
103746.141693522
103775.95577126
103793.031873603
103799.364241271
103766.546789018
103825.474228245
103804.751232935
103836.575680902
103815.636592209
103798.721018711
103810.371129807
103829.917124876
103800.519789811
