103872.862407014
103819.772671869
103764.695478145
103626.781741397
103865.910709259
103946.612007555
103782.19377843
103814.858371138
103999.389170833
103802.650162932
103723.450899805
103984.090456981
103963.150908622
103861.030911578
103749.975737225
103899.159648659
103798.960098457
104003.476844493
103775.600714598
104013.117360094
103760.259330194
103958.999063894
103831.915960946
103736.912713133
103867.955611754
103730.72910439
103931.022417293
103883.597022449
103806.071604794
103890.958957104
103728.839146081
103847.308792591
103891.250792493
103876.766466892
103777.366642679
103833.448987356
103896.675192477
103772.76947579
103856.163503666
103958.208860426
103850.97026186
103713.858067787
103965.532409837
103879.512057675
103776.306378547
103673.785791016
103949.229425736
103826.868202239
103689.887678755
103755.559658412
103779.479926262
103943.571730274
103901.048598597
103740.71779305
103837.671830512
103908.522073
103743.256056293
103769.436171657
103977.927573932
103863.025192646
103916.160010841
103916.457195866
103737.299524952
103851.011736158
103792.556484478
103773.332543467
103944.006535868
103785.236953783
103790.869424682
103716.117888492
103860.449470427
103822.969151548
103787.793352478
103864.517717969
103707.99851661
103760.941175577
103970.291536396
103843.553610077
103951.260883806
103877.341012514
103802.575164613
103747.244129001
103811.935395063
103742.15587433
103768.494613406
103814.401586535
103899.477824695
103933.146726439
103795.339716642
103776.887863326
103669.017381384
103828.834640762
103886.275827246
103882.921906162
103785.972834601
103749.899329932
103643.841335391
103815.872772528
103806.760828825
103843.183123236
103882.445727621
103899.214037953
103780.971714134
103931.687041386
103908.130448016
103866.201577572
103790.922714645
103959.337049281
103681.047067342
103851.168425167
103854.971325273
103841.930313365
103922.750969059
103879.854281221
103899.161264709
103968.314825988
103768.553137703
103849.929353861
103805.671087791
103910.437887372
103773.838875809
103920.717181109
103872.631148105
103944.771925352
103602.439376739
103886.690127347
103873.019958448
103807.294278052
103991.08784412
103794.345946288
103695.288668694
103905.493097588
103826.243270266
103656.869307183
103876.250066784
103659.039520279
103833.452018885
103759.044302351
103945.770387862
103685.339577978
103878.375669389
103903.863810911
103801.531739939
103909.076354223
103946.340443216
103929.725008919
103890.861004143
103788.042014717
103934.941089511
103745.922187189
103890.640874662
104038.087927169
103767.620175578
103973.031091821
103772.934500557
103916.669815895
103718.083982177
103824.116302838
103845.987054254
103829.444040581
104027.397025794
103943.211404129
103892.116175388
103790.801009184
103772.725379346
103880.954198377
103864.567035486
103941.986926465
103842.164541508
103908.639463463
103948.877907364
103890.879904761
103723.693940992
103749.043954148
103929.213452686
103862.301518465
103868.822086785
103815.103678107
103861.627529397
103819.123834454
103758.05785966
103758.559277421
103703.279885447
103686.459446102
103889.81155165
103934.186426438
103776.474070604
103831.844607363
103837.886275131
103610.128096343
103925.047811658
103684.881213103
103785.98578993
103788.839407434
103746.783756318
103668.723585846
103776.467630695
103838.033295668
103752.466902468
103791.066022462
103854.662743855
103925.541008959
103964.525746682
103912.706192121
103793.099652256
103981.973038774
103794.45004031
103675.324568993
103749.954565361
103786.085572424
103704.233568478
103938.34537116
103766.072979879
103894.485608611
103641.421979636
103820.873737058
103723.849758936
103916.642543796
103911.706150395
103670.652731453
103836.050198116
103883.845055172
103755.647749027
103712.735863805
103717.449196788
103949.439496392
103937.565251524
103750.211396201
103720.810609474
103857.663668301
103801.591807716
103984.099483102
103799.764192284
103838.82087959
103859.514993514
103758.140260458
103815.160114089
103891.715876997
103670.815401615
103857.375971209
103757.106353105
103883.792780213
103878.06747808
103831.301872151
103817.25179626
103775.089420923
103852.961582924
103876.274462757
103822.960275052
103969.553531955
103946.439329918
103850.720760695
103729.082581201
103797.620927655
103721.997574595
103681.157498435
103932.578038577
103640.843977525
103902.498038254
103797.638642702
103900.9820644
103786.593272153
103841.973490089
103891.524182718
103747.82960955
103917.172883146
103771.801862019
103717.323619712
103765.755131188
103822.829016444
103779.10552342
103896.351791318
103838.134180125
103693.672929911
103803.654557926
103810.647346338
103780.034376394
103730.26898203
103695.252570435
103889.416152066
103808.358835672
103869.534166483
103683.357710431
103679.365516666
103754.208353567
103774.61301368
103744.682551391
103778.573160098
103949.237711888
103808.501112271
103880.240941161
103762.495127207
103831.255861523
103767.069726139
103799.622379209
103883.332133681
103718.70256135
103763.818169201
103961.537373425
103804.48451366
103807.793745452
103895.201290823
103813.93616829
103729.629836328
103863.198777418
103788.960357539
103854.099047249
103719.217571994
103926.773568759
103980.55936808
103718.643983294
103799.621967786
103876.39513434
103671.697012487
103909.310037272
103656.974000807
103831.694396953
103731.468574345
103714.718327046
103815.268236694
103816.319108007
103804.984604483
103711.545073678
103818.505702097
103780.856667945
103907.397899995
103814.2174801
103779.544299868
103749.341461632
103699.979626684
103987.518345811
103817.548711863
104018.14088532
103800.981034074
103731.965544507
103892.899326888
103714.459754139
103814.550898846
103621.101008439
103806.832116467
103932.01046829
103775.157878918
103730.113611605
103753.51287525
103760.124498521
103872.338860725
103918.96419117
103852.211834395
103873.532194736
103875.241665555
103902.724942703
103825.426690884
103779.739895836
103716.63723393
103827.229571074
103859.833991205
103801.604474419
103796.860690816
103752.624872269
103933.605239724
103761.325274085
103789.125406464
103830.938660759
103835.774821531
103899.066795946
103777.64763675
103900.123394635
103876.35424851
103821.158135109
103915.267274773
103920.206571555
103954.744041504
103788.84915125
103812.022954476
103732.361737907
103921.823326712
103908.070105875
103855.250887224
103849.223256138
103888.252617987
103656.434736811
103905.104492426
103759.985364043
103862.715901849
103758.548354783
103767.312924227
103688.224034979
103914.665299776
103854.259626036
103914.904184752
103736.873209731
103882.332233156
103788.100309433
103856.316673473
103718.814004329
103941.279451976
103905.796575332
103762.511707117
103677.463945638
103609.650056582
103867.792556502
103994.127101328
103804.22567841
103812.408752943
103934.306167445
103837.885843259
103959.014263678
103782.69168371
103756.1477678
103884.568401752
103771.518041802
103786.800787339
103870.48547306
103891.817175473
103707.638896092
103758.449637783
103872.501569859
103841.947592871
103709.739992584
103754.796515829
103658.327672184
103742.265532687
103716.547065667
103733.632090954
103919.183468217
103744.402377689
103891.250559353
103789.017128214
103767.043293558
103686.872954824
103854.011375692
103831.348005763
103849.569581602
103853.439021637
103682.743750936
103892.5858639
103828.81567721
103793.587992904
104032.737123834
103909.691697493
103880.426930578
103833.658678973
103919.598954985
103790.997026227
103864.350980792
103708.314228465
103817.859246515
103878.566367538
103958.275406482
103795.543865852
103942.72261269
103867.14473109
103878.029901281
103914.114653756
103747.460520335
103767.43385422
103836.611573199
103780.177494788
103867.597530284
103873.201194424
103845.122553838
103702.691078099
103768.733121212
103786.042507006
103971.68570095
103875.630837367
103719.26870437
103891.362959237
103994.150941535
103734.414157208
103900.915474589
103803.528759177
103812.59905041
103930.232568399
103854.603170653
103773.916304572
103733.155070675
103919.117178544
103936.192276817
103798.591711642
103951.731908639
103904.202251474
103899.570436492
103775.414252335
103948.684935365
103757.679345391
103667.325765306
103953.718975199
103830.165363306
103681.753209596
103680.517582243
103706.991427367
103796.92069505
103895.455685056
103754.074289938
103902.833810288
103951.807169138
103802.455047639
103789.155037201
103713.170313166
103874.078391294
104019.38252332
103701.792315785
103652.99292275
103823.873329337
103748.038265938
103744.647514267
103790.337641763
103700.51352725
103875.312672249
103785.871378335
103899.957376246
103713.340487859
103706.531361942
103850.821059277
103759.589693126
103911.785993589
103803.492744174
103833.334041033
104015.905076156
104054.992827824
103776.840540521
103878.638209322
103750.272625112
103821.037755517
103872.375862525
103825.378895132
103885.978951076
103915.111336242
103849.390015347
103838.224983426
103760.93494477
103908.313699187
103916.511809376
103790.706680187
103733.117612277
103978.370496346
104018.498392294
103836.426796215
103871.102037655
103805.84514216
103844.369067762
103847.607523259
103896.500737777
103900.870399693
103714.73618472
103825.567340196
104016.648147218
103861.217626915
103600.836560456
103879.508035478
103763.837723418
103732.879494524
103742.170788827
103750.692086872
103863.486860052
103799.488275788
103798.413573984
103812.819705453
103849.112056756
103634.943044364
103834.785622729
103714.7881052
103769.550820438
103904.890709234
103813.096869418
103755.121517077
103809.107026777
103888.266928253
103760.527974413
103779.23015298
103855.961565749
103831.436701673
103706.685345828
103861.16434365
103837.563061431
103664.415203563
103724.511750813
103826.668662187
103841.909941205
103898.649783288
103841.156203567
103700.65382495
103816.291063777
103798.741209414
103917.308605921
103727.51682041
103733.204786947
103883.923490686
103804.276584489
103849.009251733
103842.354834591
103928.938452789
104007.502856842
103613.469289155
103858.504240502
103920.846537955
103706.185591713
103847.684272246
103773.425618099
103838.573242271
103857.441653937
103918.919165707
103995.154620361
103683.258210083
103962.809457172
103839.560728479
104060.774431041
103932.167241918
103959.191716931
103867.159763324
103699.072575049
103872.954031453
103785.483834009
103809.441900191
103761.275332636
103859.445861532
103768.499013038
103912.351710733
103656.1279171
103824.194418695
103834.295895847
103851.786630691
103751.378863751
103790.45991452
103658.955309031
103797.446546401
103885.994401602
103869.466402617
103896.858740694
103717.330524778
103769.481895349
103876.719435881
103896.871146888
103871.337457968
103842.718276899
103599.523020037
103762.77240755
103776.893114089
103785.843782265
103893.868886678
103832.345883751
103925.564529078
103921.066927499
103861.025006833
103758.294210399
103785.399306267
103809.412256777
103774.691192726
103756.08493413
103815.054955745
103863.859240309
103702.944901757
103856.872524424
103806.969674111
103926.851138832
103881.384351977
103895.271712001
103690.690787692
103826.46610488
103946.889315204
103714.738224815
103708.404744977
103867.052588265
103826.058425166
103770.276431853
103718.256701134
103720.544205792
103912.213710641
103898.380159066
103872.672923792
103791.574422151
103801.922257357
103938.961159634
103791.790156521
103990.555297175
103812.019852787
103818.006743621
103650.009956909
103913.542387748
103714.776067907
103871.928688726
103745.08946796
103883.300238779
103704.977170143
103693.881170721
103804.596027736
103642.574936536
103920.411820788
103861.799394364
103841.625366267
103856.335592899
103952.270171502
103835.175673718
103859.895694705
103863.560370968
103830.757901847
103712.890850795
103960.41477551
103776.017159524
103885.344974018
103671.775054819
103824.911510026
103853.232901607
103770.927524163
103890.744629908
103953.714199804
103850.571633763
103943.589377994
103763.663538291
103839.500541011
103956.724148947
103719.14571794
103830.298424433
103783.946825762
103912.703600523
104062.328333368
103827.227334045
103774.97078333
103846.952647579
103867.937781552
103916.709368117
103813.778460933
103887.019330103
103742.297818109
103847.407370035
103837.856223622
103941.225022372
103861.672476931
103857.71125503
103891.490193006
103949.980211023
103882.791881015
103817.643516817
103802.616580418
103783.353129913
103803.084843543
103816.266880979
103862.8063884
103644.999321468
103910.561390085
103836.526694942
103784.900401232
103786.017784897
103904.680921214
103788.564053961
103917.550852759
103791.98560536
103789.641619904
103980.846533077
103788.342458963
103906.34061044
103871.167998777
103861.561849523
103935.106252831
103955.945692898
103905.376579316
103795.040020155
103823.188725564
103939.522093847
103687.632392502
103661.062719517
103770.749283107
103797.811074517
103791.818924539
103837.036121393
103924.84483755
103734.633177375
103961.501580072
104041.174667867
103917.012233849
103858.169061272
103751.581209022
103664.206854429
103748.903087819
103826.052842092
103918.47907916
103860.676774247
103877.606070784
103806.234193642
103965.893618604
103986.106175132
103976.705220754
103925.327414768
103677.927193705
103704.461510381
103711.287350831
103644.429140077
103988.329267547
103738.957923218
103797.701703827
103694.984218187
103872.080313682
103904.254701514
103828.703050148
103736.446120142
103832.13026477
103839.585863718
104029.126119308
103840.781331497
103657.717045928
103910.08497851
103798.350112184
103899.966998112
103723.875631779
103639.662387111
103779.902397362
103877.485600113
103858.146655523
103926.910188103
103643.512972742
103776.565217531
103798.967060002
103762.775126501
103957.693770219
103718.812032151
103758.116938942
103783.313589245
103884.736786339
103771.943717571
103775.568629401
103840.405230025
103751.36303104
103861.475274271
103913.158363524
103826.103000833
103923.217737194
103975.877221205
103854.166761906
103780.196990286
103813.897000206
103809.32438204
104002.064405817
103850.053924014
103906.450895857
103731.107123578
103708.043312986
103693.948087015
103894.687137558
103831.707704749
103836.150931269
103833.854664752
103781.45375333
103915.03364366
103849.804011729
103607.530187875
103819.935915738
103754.266105942
103806.671190413
103836.388143687
104007.974610143
103858.339500696
103910.323425571
103628.736302669
103907.295724209
103818.004351044
103952.971085905
103783.908938153
103677.091288248
103875.840983046
103903.210246464
103929.073159079
103839.282754167
103763.680563045
103742.15319612
103903.042587385
103839.143984642
103773.60697922
103898.103154437
103907.258124599
103812.649419063
103740.225374451
103777.912882904
103852.691340719
103853.77422408
103828.980729948
103940.456060432
103809.50261698
103889.482565499
103797.587400942
103803.332343852
103822.626466212
103758.398523238
103768.023981133
103812.917690281
103977.712987255
103930.109619987
103838.555367474
103917.445493517
103860.087156432
103957.658953898
103910.297438336
103727.459144433
103884.825526129
103794.99678715
103813.300652939
103732.173018558
103675.578322868
103999.961123073
103908.295362792
103872.360041432
103767.066404304
103897.909138028
103844.417061356
103779.377122334
103767.873737364
103900.870932818
103870.146197394
103904.448644074
103992.223912605
103863.181125188
103985.76893569
103719.703648596
103887.079990683
103887.886706983
103804.734494942
103772.517321828
103762.87976314
104022.036132906
103847.705068302
103891.072768448
103875.04089762
103754.322068665
103670.528526068
103816.931672419
103930.414050265
103914.068246425
103896.668652969
103849.931510035
103733.249026825
103872.142784784
103837.413784022
103967.331730127
103734.45232664
103933.798277088
103757.672477102
103657.623500474
103774.426208172
103752.764232113
103815.964184613
103879.589517918
103848.547334838
103781.597357735
103738.98534904
103791.482085714
103929.930866857
103841.978359404
103939.904343342
103737.938959477
103991.669685358
103716.290828889
103846.888602134
103830.042398437
103818.370560147
103878.104312113
103763.435829706
103854.658764418
103890.87311496
103757.637305096
103692.158185904
103797.248680142
103760.73650062
103794.079907453
103909.048005988
103802.415539379
103837.826773111
103825.206334904
103633.266657885
103847.233039015
103762.12358409
103596.994602498
103671.966084289
103701.260789049
103824.479335464
103883.563708284
103832.681100411
103819.766681909
103764.401274432
103823.024425587
103574.391580956
103751.445242978
103842.522009385
103835.448370585
103865.079521861
103675.487696307
103853.697986963
103815.802132707
103759.918326533
103720.554503162
103933.774161932
103950.855937985
103842.974842478
103887.036301351
103822.02277893
103760.466814955
103781.357507133
103788.454553187
103924.680344243
103901.890019558
103762.166772201
