103761.824946205
103956.39290951
103778.254192217
103834.018814879
103909.300210364
103775.878441339
103869.04021938
103743.511271813
103864.116750196
103856.582756267
103919.437743854
103810.500693955
103728.09605476
103729.69022541
103861.454291179
103871.214281695
103776.89202801
103772.633971928
103815.815126388
103799.082409093
103772.047461245
103858.401229634
103807.351246988
103882.946651145
103878.233344301
103724.440412819
103947.109105701
103758.440932236
103837.111482271
103721.251598992
103890.587181394
103682.530980369
103732.318913282
103808.586135999
103660.344839182
103577.536026067
103793.341048261
103753.659959429
103781.588245633
103725.63666279
103848.154828699
103774.414343669
103861.409378321
103744.293878626
103900.081572572
103849.744236025
103830.972967231
103820.507099898
103737.680502597
103874.599247908
103911.413333818
103828.083888148
103875.481378245
103643.119534807
103904.515391236
103668.43482916
103932.132579509
103817.066806863
103834.201638779
103875.313724732
103789.694551861
103977.265257431
103899.877743817
103916.860858265
103827.32738666
103998.04569863
103934.270513601
103844.106837618
103853.272002502
103901.442298837
103851.428107791
103741.247447669
103880.303610895
103856.837443226
103851.281610791
103959.605217094
103968.344517643
103856.810717225
103782.477519058
103702.209190167
103733.113041437
103803.163550045
103954.725426207
103655.615912178
103774.087867702
103700.970812966
103931.588816103
103905.286342401
103832.989962222
103719.665261285
103745.407612669
103886.160306151
103835.046645305
103786.33256067
103872.674491426
103747.639820602
103821.416275838
103797.040012324
103814.676000295
103828.139745942
103777.796134135
103721.419116942
103883.182544135
103815.219630972
103682.151016348
103760.682601095
103677.594821383
103841.399291326
103849.037145091
103787.917744755
103818.70868495
103869.267986214
103909.710116921
103782.2049883
103722.172321733
103723.66592043
103803.885617077
103688.578496939
103703.393196142
103732.369485148
103787.716230166
103705.668078101
103838.017290925
103924.931436667
103847.665805031
103801.273625786
103922.538301487
103865.36472528
103921.4853362
103829.145928016
103604.423724
103966.74983989
103844.182706609
103609.956237393
103959.743027058
103874.118992325
103905.519612848
103797.893414692
103763.86754025
103871.357229738
103681.113719332
103868.531792839
103860.196133629
103854.635041838
103728.176878631
103775.815114398
103821.581714966
103940.384146304
103773.977740761
103900.01671028
103745.374079221
103830.396268996
104022.127741514
103828.097671164
103802.886685641
103878.834264349
103855.158120396
103874.43090586
103732.684806984
103839.0414776
103840.160518542
103853.791272456
103812.671183446
103808.889095882
103782.246239965
103775.059964202
103736.090901366
103889.596624981
103946.633621033
103781.646950996
103746.343864467
103883.461265674
104008.983767481
103730.130588668
103660.26164214
103688.136687681
103839.702613475
103863.183877534
103823.616894189
103779.347145946
103881.624658221
103831.382722591
104013.370996007
103796.482898833
103836.324215881
103840.471409298
103834.204124089
103886.851645884
103751.894582182
103669.561687844
103711.926594344
103913.924613734
103900.30267599
103915.849988331
103882.703435194
103840.198118301
103714.771937518
103944.557973522
103848.445849631
103786.780356699
103695.385737815
103734.088545892
103948.121560088
103786.385370432
104002.909896476
103831.320911296
103835.820570169
103771.476447308
103719.816334736
103905.049048315
103798.002506431
103867.796277277
103832.409256581
103820.68260982
103776.159210712
103741.631609734
103817.59609212
103848.72923355
103802.724151783
103812.306779043
103904.294357258
103858.069302571
103863.627732074
103903.163940805
103835.820738538
103770.471854191
103898.377819297
103775.484054603
103852.180233166
103877.990949712
103835.942194411
103818.933835405
103771.592391362
103837.869052125
103689.785132789
103905.457556589
103757.64833431
103684.086953457
103976.738656494
103688.9375869
103785.899067767
103908.537091453
103984.310190802
103753.67028515
103728.127160242
103892.504845546
103796.101603422
103711.428006367
103995.647586111
103732.545091584
103793.332582965
103779.532474116
103883.06943448
103829.26330335
103796.18563752
103682.996553265
103933.909792563
104029.725878732
103841.753063003
103833.953532928
103868.884938813
103854.389252041
103866.193668605
103862.808365299
103836.168631574
103785.111104214
103684.987282424
103767.005411198
103861.122459912
103740.089931904
103931.831582287
104003.111471068
103873.727747469
103631.381906544
103837.658168393
103800.841340303
103844.912645695
103804.436052504
103708.35259648
103687.589388026
103760.956862031
103815.096009769
103803.00925143
103851.270256767
104027.340253173
103930.973054646
103940.932903041
103716.230660381
103673.589627947
103771.196145008
103683.262875426
103845.490985832
103680.620375225
103720.571531682
103795.836163823
103816.777662362
103753.099338476
103696.044062446
103813.464162795
103713.288026548
103795.77317912
103864.491577354
103671.259980402
103833.858102091
103945.281942369
103892.599722456
103794.268245977
103736.90084925
103893.380871252
103831.861184531
103833.589214355
103941.9435239
103865.342576622
103759.006500285
103683.770422276
103631.459261169
103854.615898769
103868.086792001
103643.836402803
103811.948778838
103706.382249762
103850.699715546
103769.699959082
103703.481009502
103774.489774863
103887.856388967
103726.146275408
103737.605990227
103704.368937697
103846.044158779
103847.693202016
103893.807699322
103694.819390338
103820.059731873
104023.488722951
103888.096443841
103874.589021766
103727.877662851
103849.600330644
103842.807789053
103698.262655345
103813.704908394
103768.668197769
103837.775589079
104067.915339024
103937.519405881
103939.259477232
103708.882888847
103772.995085726
103702.42388568
103857.674252052
103932.564229479
103946.662342345
103871.942413947
103847.585618563
103795.366711664
103922.974127905
103792.97610583
103789.510908343
103924.411681857
103780.354462048
103854.428068058
103801.819453613
103932.704165794
103810.212539026
103948.660998109
103899.30031352
103801.599427878
103815.756927398
103689.402627422
103940.949956851
103816.68971725
103906.621932561
103825.908931859
103841.42383123
103825.288470785
103828.051110286
103845.140714262
103696.617502793
103699.962215159
103732.638325503
103872.725297047
103948.891818025
103754.565392329
103887.852089141
103791.284218381
103988.238396367
103906.366928996
103838.468944505
103708.949987155
103775.609440449
103827.560157163
103828.42836811
103925.975731827
103902.177466334
103909.522842934
103912.251967309
103826.999298076
103784.725938692
103867.66254246
103607.176836278
103852.311497746
103873.743997242
103798.297656127
103676.02207291
103777.369984407
103744.566929725
103969.471726996
103835.918394353
103842.571462862
103935.114036408
103896.19406771
103858.525844198
103741.81845612
103800.722425815
103799.407502921
103749.714833373
103701.656513017
103746.68261272
103865.302587328
103820.066365528
103954.788985655
103769.94961512
103775.268514843
103753.587694042
103695.270567908
103890.318555694
103758.048098613
103838.238822184
103758.482120103
103886.69329656
103745.83228372
103709.256934266
103895.939056815
103856.264297894
103833.795457733
103815.239961534
103935.349801605
103769.14495817
103854.996268655
103834.010370784
103831.725076171
103887.130534559
103723.885447538
103747.622222055
103941.114957604
103785.081018821
103781.629577027
103798.560286113
103783.367296411
103872.847619372
103877.028048766
103916.763582791
103822.041219785
103777.700621781
103707.620167201
103904.621953163
103887.948766945
103906.204623877
103741.354597005
103948.811881269
103731.440278941
103831.130491453
103926.82363359
103869.070475279
103766.161993481
103978.820750323
103815.973784977
103798.772779187
103838.78269667
103890.070047881
103698.068066791
103888.473808948
103618.755456291
103954.334759512
103804.073815219
103827.830021685
103713.644168192
103746.948710898
103619.208064637
103852.616087359
103893.558851394
103829.122123438
103685.135401749
103882.558320611
103738.749038268
103808.09063929
103842.367221584
104037.3919685
103866.107817851
103751.869431597
103675.948551665
103873.197479324
103713.798648348
103948.305008631
103852.355254301
103785.711182328
103943.070976134
103707.320590711
103713.487614366
103846.798233041
103750.165554048
103926.662193076
103886.321974929
103856.593730758
103696.791787424
103888.334472631
103733.116745079
103849.254939112
103891.121969495
103944.973546528
103762.373350696
103772.679270811
103740.793019917
103844.87085656
103891.031125508
103828.201561339
103860.832968326
103768.246914795
103912.845646643
103737.700206668
103934.477961431
103946.195615911
103838.196176822
103857.884696356
103766.90830267
103842.464597212
103871.888366073
103989.855422405
103821.184197656
103782.919162
103681.706455782
103875.004066087
103809.9663713
103894.120103163
103745.781197854
103787.179422875
103762.031441889
103724.959154053
103893.582229833
103689.846231876
103828.776390253
103763.90528904
104002.397111502
103688.211592614
103843.837399481
103712.318243671
103829.682936986
103689.564705961
104042.206368148
103818.772215013
103788.496370597
103845.76860146
103821.375913901
103846.627792546
103867.572587682
103901.238109068
103854.18078965
103755.531082728
103877.950370683
103873.932693438
103690.515305988
103746.232432745
103811.0564134
103888.817451779
103793.445516495
103983.199188904
103952.891838382
103969.538650554
103757.245063656
103859.221093678
103811.535022522
103964.415853406
103690.861018993
103835.519796959
103713.865932381
103874.446358645
103678.279536173
103970.03984006
103731.919192254
103717.436072333
103932.041209531
103797.749810458
103996.940859122
103915.801126634
103748.18399384
103884.102909822
103761.482977349
103817.754748009
103864.888735478
103805.867962841
103699.040801935
103638.969837421
103780.827323713
103870.026446858
103793.347905214
103779.529521707
103695.531570355
103854.341776731
103821.646757912
103844.357156569
103774.134695625
103811.023644245
103809.444234488
103799.503835156
103901.33385522
103812.61673599
103839.731515785
103834.595840491
103802.052925482
103965.863899785
103826.482953216
103866.476936988
103754.737966922
103907.510541811
103720.123321633
103870.613659226
103739.603142738
103794.004024865
103748.050534427
103876.211999633
103751.854908001
103688.194875634
103992.138793669
103827.786296035
103697.038968194
103888.893293239
103835.498139697
103768.746521734
103873.656160907
103866.867847362
103824.333460043
103903.014224369
103882.143902149
103705.974191111
103582.895284328
103910.144345596
103798.060961162
103871.105813269
103878.808913443
103813.776985726
103786.188120375
103787.714259734
103875.254672982
103892.100860311
103850.703875313
103804.410885032
103896.736011382
103954.015051692
103770.199142898
103671.417339733
103865.536156418
103586.793202921
103899.893778955
103873.634293736
103883.293177184
103809.466074175
103784.370160145
103660.474543615
103721.561834582
103873.982892995
103782.712858828
103731.37566254
103909.878475884
104009.95761787
103725.557779257
103972.614893036
103737.218574347
103901.609049618
103840.495784454
103848.51689806
103813.331445325
103818.591856761
103660.203957844
103770.636046808
103839.684262427
103720.320544648
103807.829926674
103847.750979452
103840.256214695
103785.639476963
103897.618731675
103716.152737162
103661.974414871
103863.684047044
103846.540011273
103776.10147402
103883.5871141
103618.359885361
103842.618292019
103755.394085906
103710.39996094
103813.446213786
103678.990018705
103719.835768849
103909.845103498
103823.567456467
103835.421919857
103798.036810168
103797.683230628
103804.860902926
103745.074574935
103727.087930559
103672.994461642
103813.781861721
103873.065693692
103863.433019984
103795.43710083
103904.016822443
103758.725463064
103953.313281592
103713.081550924
103796.119058195
103786.121000142
103963.702395435
103795.530469488
103553.113834574
103902.277733415
103749.848142411
103733.996410034
103867.49161038
103762.147220508
103882.642816945
103738.238844505
103708.362578873
103757.313185376
103728.739775659
103834.222127416
103794.741586538
103710.984110872
103782.425893651
103745.181212188
103822.692523751
103867.487758863
103876.240419764
103758.639246233
103672.495108651
103766.541941452
103916.661090023
103993.741781013
103781.492710471
103756.705718836
103710.262112132
103938.128935581
103638.791486301
103886.593210521
103851.158680396
103718.260924212
103870.478003312
103800.7938302
103869.478681791
103833.131888253
103818.396561573
103766.257957216
103807.034648362
103840.540759794
103782.328226425
103826.623280065
103779.73155742
103771.405735698
103813.327453191
103777.598784898
103738.257234355
103821.999549929
103672.478688471
103842.508548461
103916.602178745
103858.771175712
103952.93579024
103788.740449063
103719.539222691
103844.840778215
103792.193027778
103972.335102886
103916.987543229
103860.904344673
103723.240209501
103892.071200738
103874.673477192
103709.984592985
103703.081626454
103945.842326132
103886.163063211
103735.492859162
103826.622524511
103750.622751223
103777.705312169
103834.021398114
103737.474192225
103861.494230872
103599.172580718
103831.82889844
103850.512441898
103756.117218876
103889.244857697
103829.320217884
103673.081046135
103823.396536905
103682.627544968
103864.952285359
103872.491353512
103857.53763155
103912.416665834
103848.031306284
103770.10470185
103823.000154638
103885.68298508
103939.116756502
103628.855869876
103778.040366305
103995.328233389
103791.484566391
103736.097149925
103809.582689186
103898.200458794
103862.241268042
103755.405072465
103829.425184347
103730.882996913
103688.986887097
103966.072933281
103888.153057285
103718.90077547
103931.05413794
103704.19007414
103883.373442825
103927.434923302
103835.149305418
103726.962277968
103723.051533693
103870.829884282
103864.566420184
103807.559023719
103679.357730718
103783.187320573
103877.131805644
103776.97210153
103888.722105225
103795.587516347
103962.609216514
103871.577203232
103768.186990095
103750.643365071
103801.196239813
103867.067286399
103825.641900917
103804.373579829
103737.511520951
103923.148440255
103891.801134068
103843.082715035
103854.22016901
103940.939650293
103691.493535478
103909.147501455
103773.603154801
103632.592136861
103631.705330243
103794.030691743
103780.175453582
103784.495274215
103691.758886547
103949.080184871
103821.604258119
103827.406823892
103840.174892884
103943.015961671
103859.327078592
103737.801376931
103870.995632964
103642.879792746
103800.870094672
103930.866452611
103704.763966392
103821.360323102
103810.11343821
103827.959731619
103860.240110525
103819.109365551
103950.59280202
103750.108037038
103847.013043088
103792.003034269
103643.165121443
103875.278576319
103870.784216898
103741.88946929
103840.50265351
103928.521548865
103706.96253133
103863.379973225
103782.305137091
103785.528836237
103913.391083203
103898.400191899
103983.11090392
103857.844276847
103841.113150653
103819.836800904
103871.744915066
103940.049536264
103750.861109119
103798.905790643
103873.721741231
103960.679971289
103882.097902223
103884.844894888
103999.86688275
103814.179593084
103641.05090878
103800.95603678
103864.275082445
103767.709877595
103913.748265599
103923.510998773
103891.09920438
104064.46610137
103818.158268844
103696.151115974
103886.065315976
103931.000696765
103800.91939668
103804.553824642
103934.194974219
103828.264273151
103761.775613239
103880.306546513
103862.94228235
103744.839619369
103719.833703359
103761.303766672
103881.756919625
103728.0488616
103770.038051843
103715.093733358
103765.226917048
103707.089324043
103663.048271902
103915.35517109
103872.37082353
103777.729925351
103858.417159046
103895.006185583
103817.042982692
103833.040697863
103938.010734586
103836.378523119
103774.253156816
103821.411383619
103689.928049341
103791.073208524
103825.013996329
103890.296761681
103817.611212757
103803.914438344
103869.897381484
103835.453299093
103907.179635621
103926.972608373
103725.065156689
103897.872965368
103642.299310149
103896.37202339
103873.510536031
103869.989530488
103746.796630447
103753.367440839
103873.984940012
103791.138782435
103844.337745738
103901.194105612
103801.643405269
103794.741609609
103844.693817019
103691.920199423
103935.174515652
103753.165418976
103795.206124041
103808.102560221
103820.516491366
103824.76772705
103807.784888595
103877.449846196
103717.882814824
103926.068515121
103876.909280822
103812.385540181
103759.09522977
103703.186108518
103800.257276881
103815.152028307
103916.215994341
103640.032024524
103765.689386172
103926.384127239
103753.52422652
103817.679764843
103690.042217749
103815.123915197
103810.010901021
