103711.732929264
103811.55423696
103903.658440853
103728.971940561
103924.445970275
103803.38506038
103779.119659233
103740.338440266
103710.773044408
103796.424749608
103865.587913176
103782.412370712
103796.138965991
103955.550991305
103816.6721429
103797.916504015
103808.049927753
103854.932516451
103967.836085603
103762.090744797
103821.419728485
103838.134061787
103947.845561575
103915.41626318
103726.756228139
103913.032866073
103789.605950068
103827.590147886
103985.057404451
103770.252194188
103748.846571166
103934.224614747
103840.367768086
103880.437552661
103806.514618729
104004.525393477
103787.358125777
103791.789576902
103917.48384781
104000.016295336
103691.484351999
103787.674774762
103947.990809738
103941.817888129
103782.041676378
103762.821759314
103779.484002278
103820.71572886
103720.729795713
103901.536446635
103708.140447296
103828.18481381
103834.655214391
103767.144954228
103807.155682631
103780.219686822
103925.112198119
103851.14689303
103753.065752633
103749.243939862
103782.210577762
103899.827797173
103787.547558708
103765.235395738
103736.738823453
103881.186782582
103907.958575792
103923.766638091
103903.182682019
103809.030364816
103861.633609407
103920.00728341
103691.487377702
103831.483134429
103788.177048737
103798.428669828
103923.574589401
103791.317049907
103718.905180508
103779.187312764
103847.880633897
103724.955020914
103833.566930783
103947.998730222
103808.625351921
103896.402542528
103916.720614459
103877.927753336
103833.997250679
103745.441591817
103840.275487919
103979.260023383
103795.689322026
103744.321289974
103901.359287867
103818.9347939
103783.362807915
103841.179239974
103690.862901488
103730.286816826
103809.728540432
103835.257739139
103842.4432297
104005.811717674
103862.000805983
103807.638722945
103950.228754359
103824.147542124
103845.043471403
103823.952812537
103699.350218425
103830.658637527
103851.144814068
103950.646221115
103746.956865195
103833.007684065
103757.329462239
103928.823854185
104006.801935369
103733.172590533
103850.121414828
103736.261911552
103720.746881035
103996.848516956
103713.405678564
103925.701828742
103733.947866993
104060.695180361
103991.704992172
103740.712583836
103843.365590753
103929.411931564
103846.779195461
103766.635089647
103919.099114033
103816.246108138
103778.795513624
103748.136410693
103689.563960062
103896.925965884
103882.556572583
103768.642122769
103843.045662978
103951.695110423
103725.807513069
103924.850991041
103814.341448425
103861.11588453
103911.632302248
103940.719231644
103995.134533532
103717.982254088
103841.5255806
103927.984035312
103871.932439565
103885.306484436
103993.272310665
103739.369513923
103781.933563646
103859.231328283
103906.35832969
103928.398551807
103821.985954182
103926.462698085
103786.111359822
103947.902840476
103780.314905978
103777.91665837
103958.844839542
103776.793676123
103752.518657949
103986.581994481
103950.405656242
103773.63939927
103942.310045699
103792.670076398
103647.994569308
103953.726448279
103852.39015245
103735.823484997
103918.55880973
103816.810322608
103801.786783977
103909.655165139
103902.240737473
103831.231727429
103765.48220529
103752.918190605
103757.446828322
103927.002550547
103849.976801933
103935.996678496
103770.643802409
103692.30832071
103890.406554635
103759.003449397
103722.158392585
103755.918516042
103954.550566293
103973.329334482
103667.280485998
103737.372415917
103775.256016087
103815.764022906
103812.954906355
103802.295897664
103926.357842942
103922.884181852
103930.355623078
103752.037159083
103890.509746598
103758.725318991
103782.65155702
103711.817299213
103802.08298803
103907.813487184
103962.453932624
103695.532367278
103910.042888805
103873.643253549
103819.584146981
103830.476038942
103770.682259246
103980.729482418
103698.955378848
103768.110247246
103989.485280437
103803.161012369
103901.129532049
103754.869431337
103747.611286587
103783.365273645
103928.145476786
103913.029375847
103752.911682677
103761.920548214
103943.068039431
103960.694364629
103852.058309247
103753.123297323
103748.098669378
103726.866150818
103784.377710643
103794.675937663
103773.068266924
103823.689882663
104010.724684648
103730.466889148
103868.476018683
104054.390642192
103779.313322789
103741.944354756
103754.761287593
103701.506440809
103893.775208637
103767.69386056
103711.126309283
103725.924916238
103949.78187413
103901.637556034
103697.02890531
103718.706774037
103792.337740116
103877.846424321
103746.443342489
103916.920260419
103743.774666872
103746.518725871
103884.360460873
103754.66194193
103961.004121423
103790.941900082
103862.172110263
103919.54764349
103731.79256408
103775.233762691
103942.27638296
103921.957853308
103958.046472317
103888.175636478
103863.242310942
103931.733152066
103756.323414394
104005.229706505
103806.797915708
103764.992585882
103861.669607539
103897.613309199
103870.743951696
103779.615750991
103801.376528193
103803.833336445
103798.07853267
103837.023540935
103743.486019592
103786.648202714
103798.639144697
103924.121508464
103917.67262124
103711.799804107
103706.086943283
103715.599352097
103911.775099373
103797.35300846
103759.249347792
103774.62824887
103857.077575512
103781.600391061
103875.367633577
103801.90427715
103871.478466166
103731.612755169
103964.22798944
103698.631438969
103872.540186944
103952.86534927
103987.282290943
103937.618437408
103971.198460525
103864.067465842
103760.931483079
103784.417217942
103716.865580458
103679.761488697
103735.990023135
103760.431341496
103792.528686708
103893.47242375
103714.077369721
103955.071518245
103727.49256898
103837.260885628
103970.234448657
103746.3963389
103881.957453311
103967.992584672
103944.6457303
103922.783709022
103764.686449095
103761.197257863
103818.499724304
104006.355749295
103791.14558786
103862.34049733
103825.600212265
103815.092138526
103771.251979191
103785.089150669
103715.73978596
103707.515911844
103779.093513801
103879.770395531
103697.811519827
103921.451724883
103947.557043376
103889.486098277
103725.210617076
103780.700337423
103931.239306024
103886.414003079
103771.340037663
103783.089201916
103818.892850859
103672.889045186
103737.157737351
103775.780064587
103765.332395027
103700.484703158
103998.698701416
103905.744749254
103749.857847353
103963.236381222
103775.352842883
103826.192847994
103721.030893793
103772.79702988
103801.435895939
103766.529312789
103902.241420318
103931.871301001
103811.1948551
103783.062335277
103788.710468578
103828.916791592
103798.884605498
103944.906529123
103794.639564208
103819.944081216
103951.245643326
103753.020405941
103778.228236917
103827.548148376
103831.420351223
103896.963973151
103758.840154588
103932.683876664
103931.2533783
103761.937907024
103880.725741002
103834.178677508
103947.503009214
103803.249510319
103637.391171735
103989.283638121
103784.40412749
103949.810997662
104002.075757996
103873.11330878
103879.783995982
103744.412877744
103794.098430508
103970.997546378
103788.15411797
103903.869657837
103785.907905632
103926.076329437
103861.566426829
103845.617057334
103744.111703971
103848.143111813
103995.320615163
103816.564533547
103837.169451385
103833.028030527
103823.123168772
103981.18543078
104002.269260591
103652.016378442
104004.343807729
103741.764811553
103764.061058717
103861.138108402
103715.779551732
103942.976719454
103885.712365842
103782.172638917
103972.987750236
103819.982166982
103764.335985614
103853.812081311
103831.135685514
103805.576174229
103780.171765878
103764.849065595
103896.676189538
103986.02668686
103836.410278099
103964.955176988
103761.997557763
103947.966708214
103729.85649465
103997.188332059
103895.092555381
103856.299509715
103944.593754482
103965.985637479
103927.017942582
103825.985934552
103928.247199009
103743.093304146
103788.754817067
103810.868655382
103743.476497406
103858.73461515
103955.628863181
103883.049117248
103868.579064414
103862.357934116
103760.399706441
103734.034663177
103817.8914863
103845.503572017
103719.815567918
103800.072188617
103730.205722325
103837.811777124
103752.57987784
103880.927661961
103788.931942814
103753.953469848
103936.039866422
103814.446079952
103932.720967138
103761.165208099
103791.946221902
103785.019766552
103781.245134083
103857.979139465
103918.782792285
103788.613049758
103870.058353469
103907.51247323
103917.295991136
103909.66833353
103972.58819761
103783.367412064
103791.877148558
103908.267893959
103818.567558071
103860.425524602
103959.093327892
103744.758842331
103883.380002546
103979.68210543
103688.134260027
103742.657137497
103796.644171704
103785.918807286
103916.364257867
103710.579484589
104022.637972579
103814.0488756
103955.194941506
103758.765005132
103787.010468519
103677.403068578
103800.556773133
103813.128941496
103743.689098994
103962.303258289
103832.444227649
103766.79685407
103866.026025503
103823.88921658
103742.236055436
103857.023086421
103913.877524138
103961.335031102
103898.702411906
103802.601077893
103784.281941598
103724.629399568
104012.216004557
103733.545116311
103737.557462044
103938.51460711
103689.547257878
103838.999464787
103980.641792225
104023.659900501
103828.222735877
103977.25536041
103873.98095084
103796.055354017
103948.090292152
103949.891576886
103829.765475045
103749.514498836
103753.549290772
103749.587248118
103829.829106418
103972.156581405
103813.159409352
103763.294073298
103816.568947582
103981.401056532
103797.284162994
103986.315367713
103723.987913556
103779.304678119
103947.019406882
103728.388177085
103822.925133772
103829.27811619
103816.52659814
103796.017480542
103890.270289019
103900.630677023
103780.287181494
103966.263898777
103802.202865257
103871.590113596
103869.806048239
103736.190972721
103830.443063073
103786.147820092
103866.740317223
103760.303319799
103825.888118819
103880.99106985
103980.813026949
103954.765061869
103768.608620558
103751.633113934
103828.733305916
103723.956743463
103975.142563071
103733.681415429
103918.655339771
103880.666966094
103790.142971497
103761.629513355
103711.725970883
104004.594174238
103721.505417727
103798.59948573
103851.947384068
103797.597299911
103826.386076768
103882.126898953
103781.935751858
103796.8467742
103773.856052905
103672.851386728
103843.722841585
103781.468090783
103750.831811457
103708.154710763
103899.312857779
103891.743357251
104013.60254479
103775.931926789
103905.962712646
103911.816145361
103948.025797874
103972.69492562
103778.392247408
103703.218072733
103724.17799638
103976.04304632
103964.650203729
103734.175197388
103802.349428087
103801.580327465
103856.306510488
103741.623349864
103884.136511531
103942.363649171
103895.20687401
103869.360401701
103954.632447371
103727.340755662
103769.089714715
103881.654078471
103993.036158371
104013.371304968
103745.520122339
103796.437494343
103818.508579098
103807.011688842
104011.028506322
103849.841252728
103897.421770999
103923.272292479
103881.257436037
103860.2038743
103793.678348948
103767.733717889
103976.52482538
103833.717180054
103766.577125328
103823.945444822
103790.744812353
103754.762072975
103871.20002502
103783.138923394
103871.782170857
103934.382582714
103738.155492352
103787.245991149
103872.449676028
103748.746307435
103794.852168233
103783.893917587
103741.233121247
103805.120358286
103736.204172253
103860.21519856
103972.655448631
103722.761434383
103659.763048719
103881.457285008
103918.393049245
103890.028888554
103981.465103523
103967.53090102
103947.796974704
103927.884626153
103968.776008007
103976.676763647
103824.513558631
103944.096443566
103772.336276823
103869.328904378
103854.907189525
103929.423572654
103833.462189296
103841.402746091
103904.347890617
103817.689070989
103877.71624796
103779.087294657
104024.394219046
103837.888828267
103693.082697661
104003.991750212
103670.632119105
103927.284320066
103976.804444953
103775.139757506
103908.705375936
103743.64827645
103688.75900943
103977.99606491
103620.732103485
103951.167061418
103748.649223037
103866.045391363
103748.561731116
103944.209283467
103798.979969656
103948.812088801
103804.784603297
103747.817524549
103768.240870461
103687.67474102
103960.200667547
103742.986821226
103879.767043583
103933.928667518
103829.775552389
103960.437128813
103959.831919071
103917.11272634
103937.719347681
103826.40382584
103754.831787437
103974.698180065
103754.113030882
103741.918586576
103928.660868779
103789.389904858
103841.848391735
103829.358589251
103777.122546098
103837.07236654
103698.096154709
103904.224880116
103905.519872229
103718.675688489
103775.074653604
103896.73735682
103811.291738532
103825.651596936
103885.174435845
103884.985694231
103829.007749624
103756.709115033
103909.069521853
103942.964912671
103841.285429992
103743.826267191
103953.676693808
103938.926352727
103873.805447799
103799.874100914
103910.8548151
103755.453200371
103957.053982905
103856.328154941
103912.224641299
103847.521767611
103764.033442564
103777.701011107
103811.261001966
103765.909267338
103736.193739073
103823.586294632
103860.232857941
103909.879998208
103895.900738215
103901.593640935
103715.69717811
103741.751806461
103996.225438001
103808.761338227
103814.796412383
103921.00049484
103775.530675299
103762.40928171
103974.287658363
103723.647589768
103939.52530202
103725.376113319
103741.080070424
103816.548501579
103897.959282089
103917.362938549
103724.913372013
103784.221249629
103799.267863346
103906.856419378
103802.926464534
103732.974481797
103702.310047682
103781.377395034
103921.462987057
103968.793732279
103724.954458271
103751.556169658
103764.513117365
103800.651113885
103624.899072093
103819.044851088
103822.915843493
103741.970596967
103779.725503303
103788.76628642
103956.893096099
103773.466672059
103785.879062565
103771.99437897
103740.78337004
103761.328532859
103786.908846615
103882.796348512
103933.424120957
103766.089394015
103785.030588573
103939.261478391
103724.185131982
103869.376680172
103813.331031075
103809.090172875
103927.573285902
103778.961286901
103942.721172298
103842.53147227
103900.088668385
103781.060739495
103904.435546083
103721.728741034
103908.336606787
103855.39213896
103846.776835488
103858.078809711
103938.925667229
103974.096829257
103878.327810019
103732.723892255
103820.601001031
103819.777443011
103769.022099955
103727.116707989
103787.622338389
104004.01572698
103790.500174336
103793.145031206
103802.583707293
103740.686729086
103788.099811041
103713.231819237
103690.551833043
103801.6498552
103780.541272408
103673.477262823
103917.436912901
103769.743151696
103696.948812804
103743.907876855
103801.837168073
103911.059064915
103811.96733139
103827.162519569
103756.8764603
103670.411402363
103893.803132582
103822.508121492
103913.986118714
103794.171566642
103903.818270301
103960.282192818
103891.435178652
103841.627993017
103839.935113466
103966.027060247
103921.007668384
103798.424718213
103875.208582547
103829.187861548
103746.936607957
103907.350165941
103766.689877727
103757.455418958
103800.212981983
103713.818861696
103828.646645046
103786.895631665
103726.804454508
103956.887660056
103742.480921643
103955.946599302
103774.145708397
103890.136115321
103817.084224704
103858.682704802
103781.411611045
103731.930401856
103920.479257594
103740.911907739
103851.286551163
103618.370323517
103740.324218087
103831.242371753
103896.670237645
103866.143195427
103813.722466742
103956.206811223
103683.603122847
103910.720683116
103892.63143228
103870.585066131
103816.029867409
103881.186218156
103942.507549679
103851.378124172
103743.632599996
103930.962892609
103785.028974164
103750.576123578
103922.66817761
103951.940243681
103749.468994066
103781.086046327
103967.834722758
103898.100793136
103818.232827273
103809.020099228
103812.58242087
103720.741416058
103815.860662969
103670.283835589
103820.016891801
103940.195479459
103803.917936896
103855.170301746
103796.490446471
103916.355572218
103796.882277763
103787.448510358
103743.77764899
103778.760369023
103697.070783131
103964.550595552
103938.358313974
103856.981785061
103788.314738831
103881.604935476
103676.790233397
103778.166027741
103712.735708225
103874.600557947
103775.526418009
103733.53905104
103683.256745016
103925.417781793
103920.615706285
103877.58127113
103914.236526415
103865.422058636
103886.698860807
103929.317150245
103971.520817755
103808.476885675
103759.369091891
103795.39505703
103790.261254564
103766.249788877
103931.019496857
103723.591868063
103703.374849088
103802.027413654
103775.648866389
103897.879481234
103869.75027582
103896.631530597
103745.205845442
103770.219685573
103791.874893279
103825.957493181
103960.775612144
103911.841621838
103792.729721676
103802.401938663
103920.626469035
103775.276670023
103838.208163132
103809.144782847
103835.689382653
103826.909749382
103668.072603352
103772.036314122
103914.917440038
103820.210534429
103735.134584932
103908.469467381
103667.606066561
103818.026426872
103707.01128596
103749.946249763
