103985.994457502
104070.418418228
103906.285738289
104135.43175953
104111.88871029
104062.23794685
104299.659792436
104046.446191312
104077.812534126
103831.524374108
103966.148728853
104142.348991954
104350.573007422
104114.1325303
104118.861421486
103911.105480423
104043.103997126
103824.310226353
104097.234324136
103952.038436609
103948.990082715
103927.194921833
103999.174752143
103917.509073504
103961.781685633
104022.524823214
104021.629508115
104017.54472782
104011.864179015
104223.166498954
104217.005928457
104039.004557629
104329.82720716
103885.797442689
104128.043050953
103826.103430932
104105.602245514
103978.966909067
104072.468168929
104179.699968283
103891.263368039
104044.340992896
104025.113813315
103905.482099654
103954.973584511
104195.154701164
103941.799001035
103958.868804622
103945.841484558
104038.577430914
104195.732584479
104043.373504242
103973.141683392
104269.81491729
104233.615106571
103844.334840194
104019.291916258
103985.165418968
103996.414702658
104114.08960786
103995.241244338
104079.860158724
104030.291410137
103934.063241391
103972.755631486
103996.70250515
103935.392593411
103867.606363118
104026.867861852
103835.889319617
103960.209261866
104087.533889403
104085.671123677
104021.243946393
103979.214025488
103958.01534133
104152.937181469
103959.834110426
104057.474062948
103945.375862716
104119.060440934
104142.946855166
104066.583704839
103931.083499125
103948.667364772
104172.172551091
104116.537865904
104072.335335873
104273.242893679
103950.271645604
104032.861043488
104191.492245429
103878.045610306
104203.996507409
104076.995473831
104000.510579679
104255.701293053
103932.442862544
103947.383632185
104183.069695197
104025.488766038
103844.18500516
104109.485838606
104062.531807249
103775.167977368
104205.370012167
104009.747798009
104117.416940607
103908.911984133
104157.660749689
104114.698399947
104185.611910522
104315.09238644
104212.45999438
104124.939506751
104187.436067581
104072.558059973
103871.709950099
103862.734975832
104152.48475022
104175.512322169
103958.835929152
104082.400138841
104042.584482865
104051.876233424
104046.537511286
104167.021208112
104091.712694031
104034.809275664
104066.094471099
103870.908643661
104287.254508209
103957.995609417
103903.64528338
104203.547445394
103971.906533108
104019.674352364
103981.474152753
103989.189466706
104090.687364032
103889.758216534
104127.517347046
104082.54206521
103975.36496271
104140.104499966
103995.725687647
104173.006886986
103970.770927048
104074.79421584
103903.9654157
104039.819975541
103906.875475525
103852.541243866
104192.895860634
104011.344931325
104100.268223305
104014.392731364
104043.84530563
104103.651133289
103752.44644346
103995.890515135
103973.484677968
103876.706943681
103885.681801489
103925.527002964
103882.966824124
104032.600280242
103819.017419199
103973.617864125
103987.893807169
104050.240634619
103928.264809251
103987.396879603
103925.09490256
104095.773567787
104168.621506243
103816.042325489
104055.177303901
103898.959236849
104196.006978497
104056.561901951
104111.213159041
104004.636671186
103722.409927043
103938.419140103
103926.647548966
104158.214415887
103902.949379748
103775.445107709
104103.188710549
103857.630639314
104018.436541499
103904.449965365
104002.762235962
104050.723930943
104085.887295544
103895.141706513
103716.879433017
104043.77529128
104122.160560688
104023.802226386
104560.304294624
103904.484014585
104229.702613714
103822.365071151
104149.859479568
104076.063803088
104273.316594501
104087.044544739
103797.888184777
103966.19007878
103865.628143875
103799.895150504
104004.013116545
103932.248295933
103997.91319375
104005.733168502
103974.885065956
103867.495650021
104159.703116826
103854.983829918
103846.712774365
104079.768705671
103976.841240078
104087.606266334
103890.107096739
103878.016792516
104149.852320263
103952.894681596
104028.293083333
103888.404602565
104153.735936833
103794.538485765
104173.189315518
104180.291475779
104357.017361422
103973.41957529
104014.689693096
104204.388407541
103980.015878059
103945.17224872
103821.537175216
103919.110432487
104156.881817634
103873.220274664
103945.170630501
104150.827309925
104018.916201167
103975.178888022
103993.453655095
103856.131416074
103953.881692853
104054.486160776
103784.893354642
103707.984848386
104181.758397403
104071.240683521
103999.162095304
104032.555266886
103842.876167479
104047.960589964
103954.261482044
103850.156804979
103795.857569976
104181.879724087
103965.369598398
104122.813305695
103796.256260397
103929.353191424
103849.733230837
104168.693389662
103938.21267815
103926.193783449
103891.48512396
104189.017737818
103933.02559033
104179.194784517
104098.610055768
104030.127465363
104181.866616809
104126.350630138
104318.712642399
104059.879905258
103888.665681209
104125.533141396
104055.597606811
104109.599432411
103777.72318357
103977.931003715
104093.914919451
104069.577607658
103925.427510963
104105.010135964
104243.554868179
104379.831005576
103834.447057317
104209.541866546
104020.140574235
103947.357860403
103861.435914885
103957.796692408
104358.248811034
103894.804547054
104105.968785862
103960.804586951
103999.742151556
103962.287708871
104190.291637704
103812.059964042
104140.17158916
104229.660854189
103948.24811623
103660.748757839
104257.166559348
103926.037455784
103908.7172799
104149.529727885
104011.172346733
104002.796618753
103872.898625918
104075.850129169
103933.790861208
103934.005858047
103865.480920152
103927.720761279
103989.874902702
104251.189941063
103965.706939162
104280.131367652
103960.282141973
104255.375003463
103895.500532276
104257.49310477
103863.804910549
104295.876912915
104195.888495164
103952.793555864
103876.335371432
104077.04056931
104098.554346361
104376.413714256
103906.174872336
104313.846442303
103965.869783573
104198.522772997
104008.168406858
103946.334682867
104141.402852586
104147.038328013
103889.48260784
104131.717594318
103920.684260944
104179.717826473
103967.649747879
104104.961781066
104455.650668512
104045.860744431
103968.252659735
104071.286120888
104053.707571723
104110.275141412
103950.534484498
103834.358567045
103974.825421543
103926.851426501
104038.594992249
104387.1465043
103971.355163772
103995.322492467
103875.13237548
103916.116750703
104222.693203499
103984.488503586
104171.096139696
104068.085763124
104206.148460575
104141.491785776
104174.941881232
103903.880170688
103955.911481721
103942.365621548
104108.010603977
104009.272259692
103757.379214307
104057.75293136
104098.734049519
103988.804803176
104153.846943389
104065.745807122
103930.952047696
104124.920043895
104030.372633008
104066.228033118
104216.571479188
104027.788860438
104022.753195337
104402.85000242
103947.936752116
104269.192794497
104147.555271096
104201.387179323
104209.37997153
103907.813441183
104106.335997293
104102.265256842
103926.729786845
103902.467018604
104048.947498736
103983.609520598
103828.131108236
103897.578543362
104113.531559383
104306.082441986
104052.704124879
103738.854601482
104009.546135247
104081.86280049
104089.11072472
103902.019061119
104071.910344211
104070.93868413
104093.104455782
103646.003284628
103903.734332316
104128.837094577
104040.121042792
103989.829867871
104210.417083712
104079.648493687
103945.826885145
104075.280425641
103998.669475944
104117.804848742
103991.428953755
104071.793798087
104237.013009956
104078.570556184
103833.627288091
103908.968721712
103986.160697621
104283.551987212
104078.235933615
103818.444893036
103958.10012774
104092.151251836
104098.635605302
104122.285353463
104189.793646438
103884.64604857
103800.167234309
104005.169028022
104087.867300199
104032.424396797
104010.006575907
104209.430221704
104026.419457296
104170.174265943
104022.063180894
104028.125802988
104217.061597578
103964.74128311
103929.38528296
103950.769671692
104080.635367435
103969.849562175
103878.536648024
104167.862575187
104128.650150623
104088.418226541
104267.274685579
104073.678121072
104079.720319865
104060.418500079
103943.637438282
103969.629247169
104091.928550304
103841.37854618
104065.223159173
103935.63249606
103962.651665194
104050.648052954
103833.174370662
104048.682169896
104103.904963581
103915.175848101
104035.931594272
104023.728138813
103982.576918183
104323.349301167
104047.578204068
103878.333515035
104062.047828256
104018.267626641
104141.887901634
103879.422367502
104223.959230442
103900.815222604
104251.653750624
104153.877479508
104128.807274958
104209.516188716
104133.223709407
104187.286053542
104034.505237862
104262.665155677
104006.302992244
103848.273312913
104197.526455977
104027.315663544
103965.373906882
103762.111597586
103890.25901283
103976.114089632
104158.966161789
104012.364083108
103846.401272852
103872.874706459
104157.779147212
104210.390145791
104076.800637749
104213.332514377
104009.607093031
103832.542306438
104099.060433884
103817.43187242
104025.653985431
103846.029841948
104298.710254291
104030.361430687
103953.793900622
104029.99530234
104056.668259728
104028.27507296
104097.231281532
103982.745749514
103940.494606412
104068.013743688
103977.402668811
103874.356354997
104039.625393648
103982.754062897
103953.49016619
103968.28411802
103949.326366484
103817.597588821
103706.615834574
104041.844145825
104057.051975508
104261.850508783
104010.965966846
103912.015866868
104188.300897806
104105.067989828
104141.581361587
103793.861986993
103966.065549814
103977.197423741
103964.516058363
104086.661366097
104199.125352222
104117.786307606
103987.458250187
104098.683357952
103947.427907015
104026.168247013
103884.450276168
104049.554149916
103935.128647599
103846.352968368
103973.397857382
104115.33473335
104120.50126485
104373.374761847
104041.70237823
104282.775169775
103906.555047272
104194.494733176
104153.110921359
104041.300007553
103940.585766986
103992.232597934
103943.797868115
104126.874106997
104160.331403395
104285.797605773
104233.751491207
104134.668744522
104010.44521017
103759.115794477
103968.641562163
104225.399410722
104184.153117421
103955.284039265
104111.589761603
103904.541169635
103869.665141155
104022.276593036
104028.77015708
103932.709856156
104008.24906279
103881.34216706
103974.390070811
104147.04524057
104282.473338271
103890.653189289
104111.816171474
104119.418016417
104161.552003698
104240.026808873
104175.888499798
103944.097063678
103966.967221305
104180.749755878
104091.379912122
104038.009354813
103821.518003585
104243.174557737
104116.469149254
103970.222827245
104034.25656053
104186.962275379
103895.608569488
104028.075947058
103915.004772647
103999.768816053
104253.258008342
104193.612532855
104091.95601489
103890.172040953
103943.324523639
103979.458984669
103955.976670481
104165.627446701
104046.474785632
103940.963579693
104259.258505783
104044.798473722
103900.825577696
104129.193202028
104134.693751697
104011.335014147
104041.602784873
103964.600962802
104308.932740804
104225.714536507
104145.038453661
103972.823047556
104048.775290612
104011.980116088
103929.520913861
104195.05470474
103960.788988483
104122.845397757
103989.301693025
103856.864808522
103927.465296242
104112.514843246
104184.559027542
104074.804871341
104156.383289002
103955.650128413
104146.940039039
104061.488185117
104141.356647157
103717.044100586
104078.083500546
103979.205403545
103996.219570804
104194.283418009
103833.94739594
104284.601012746
104364.616504537
104192.11090551
104232.373112184
104193.109054072
104018.447886055
103914.025658945
104118.030008477
104175.395340838
104039.626603409
104124.692722879
104114.148490003
104212.784950795
103906.802041896
104104.283031677
104325.564277078
103890.748838495
104039.273153648
103837.953342372
103844.350067415
104039.139835262
103958.175969169
104229.677064069
104171.64992807
103983.889648595
103832.830353984
103926.746278852
104038.265347757
104127.449007361
103882.418942856
103904.370877234
104002.039371799
103971.710582386
103849.730865776
103863.502375857
103948.228975519
104117.020197199
103966.559413584
104005.715309998
103996.654388621
103869.64389168
103923.64040179
103879.789716254
104081.291310589
104151.65696463
104104.542893699
103776.922818872
104032.84701971
104041.430033908
104054.023955393
104036.29521322
104019.36484415
104013.473684527
103943.609422348
104270.239896849
104341.190335481
103993.193145464
104203.647518173
103971.714123949
103966.988591164
104040.824438685
104156.766238989
103952.322647304
103810.507414872
103853.931161804
104161.58129863
104183.943329604
104098.770306968
104161.285133668
104023.693315491
103975.657302811
103997.45117294
103975.257061491
104454.852756837
103945.533001934
103902.768665107
104130.58160344
104008.52923973
104068.884324907
104155.284607755
103931.83309376
103757.265925471
104207.848636898
104248.238221076
104012.465000678
104180.758378796
104004.921635287
104038.957688896
104108.465128829
103904.364408918
103857.250419541
103879.193367217
103948.968378159
103965.417935921
103975.867702146
104028.402309703
103931.46364058
104344.255734291
103973.569082615
103785.412738443
103819.305125376
103992.779331621
103976.118702136
104211.893364793
104442.717814958
104169.939514055
103953.896034447
103943.037686402
104003.198780075
104052.676477854
104301.323838358
104200.202880738
103969.698233006
103840.079822745
104122.731974488
104054.868387201
104101.692610662
104146.194613005
104168.436828507
103758.555435296
103951.323490996
103864.345603607
104092.485731448
104166.824389497
103981.520861988
103940.307540477
103976.211231414
104121.400288553
103965.271658647
104102.656888798
103914.320121819
104202.428512719
104199.84366775
104212.645543223
103875.045001518
104119.142587044
104241.223328363
103971.869294696
104017.314550512
103826.976011411
103997.914774736
103958.080026437
103985.913662348
103928.074273805
104027.116935065
103992.650672483
103662.863926786
103997.62697522
103952.197410379
104104.808368841
104001.316317834
104119.904647445
103789.077417536
104060.213837189
103802.237357564
103910.644482468
104008.357949909
104146.39682992
104065.872763974
104043.764646774
104192.013040282
104024.805901649
104211.901642997
104091.199779197
103913.53808517
104087.098426733
104059.487276144
104039.967914457
104165.587495187
104334.995699849
104153.208209254
104008.874543608
103931.026771681
103981.356076349
103980.277968656
104027.568843616
104171.21284689
103826.921779276
103829.541609139
104110.957407896
104130.056988004
104096.099906067
104051.369183268
103954.604728953
103867.197515722
104247.246728618
104156.471740564
103980.145265555
104010.977456533
104178.793992978
103909.218097791
104058.78168486
104080.073427581
104074.821809561
103936.305536156
104318.817528111
104148.115977253
103884.263135356
104038.525228654
104044.452536932
103920.028840399
103953.95642113
103770.41573806
103761.444660012
103989.413624279
104074.343642747
104044.417138954
103988.73054655
104106.415103643
103806.102504223
104228.576832876
104107.315977622
103961.58185946
103754.94649167
104040.886314787
103975.153505195
103935.931605059
103977.331062438
104072.621426736
104216.844586177
104294.656497061
103970.0753624
104108.151250522
103898.409756411
103975.893869651
103897.8129539
103866.200855437
104198.430571107
103982.299440538
104034.837907192
103901.549269937
104081.632546465
103970.261712531
103915.84180986
103984.037541677
104350.668585922
104123.811421033
104125.945200858
104019.582824249
103970.504407696
104069.635687462
104120.265105427
103992.590392353
103900.066729416
103964.248459596
104134.930245281
104212.64856901
103874.834777333
103859.271066988
103853.048631437
104036.667074509
104409.116426753
103859.292541562
103949.426508131
103993.424801593
104048.87590903
103854.81013158
104149.371481306
104097.451932233
104020.629282119
104243.218410074
103971.13738846
104186.352011141
103960.422949066
104083.055689381
104067.388809715
103911.106833257
104116.938773944
104229.681007335
103962.859852724
103922.800588148
104027.884109964
103938.909707109
104112.181489604
104047.748876694
104192.444550494
103900.639527754
104195.905818012
104268.318400413
103847.302235748
104219.193756097
104064.641711749
104018.262133124
104157.247416892
103973.959649131
104211.658830537
104075.235201592
104077.020416423
103872.616734666
104022.637205997
104072.231432178
104039.51986628
104198.567134573
104120.629108851
104183.836500644
104034.634848553
103938.595168101
104139.532381175
103985.891159987
103954.813795339
104052.942741672
104151.073957354
104337.012574803
104148.427595314
103873.382180515
103871.365828572
104373.388557454
103956.287954966
103861.154996805
104099.260102578
104031.959162124
104072.918273408
104032.081911159
104188.915543181
103871.229715415
103934.205329414
104143.182299868
104040.495139832
104076.326190756
104362.718493695
104071.269673222
104033.497409629
104010.983625473
104226.153561622
103968.81558378
104048.810448013
104051.66287491
104139.591062686
104013.617179001
103775.40837398
