103712.88618742
103782.889988437
103791.899396145
103765.692373895
103773.817740592
103813.748943371
103761.826567902
103778.301941142
103846.397440332
103942.203488392
103727.796669911
103761.319414465
103743.047959379
103990.154836728
103736.014013273
103872.205065195
103843.877931562
103814.789821874
103802.861792837
103755.234541976
103730.839327355
103729.221396801
103940.365247441
103933.483315094
103686.876080777
103918.399766112
103794.920980092
103760.17375763
103726.640052967
104030.774178958
103900.162180092
103999.722711383
103974.661577331
103854.47265806
104020.244288058
103892.524525758
103811.837105067
103814.33782534
103775.013860464
103977.22758379
103741.849395334
103807.722278676
103858.635089278
103692.489470326
103752.701151649
103973.501668791
103960.699645903
103761.322049924
103742.36090052
103963.285575533
103782.260608455
103683.911147844
103700.245046158
103824.866645243
103789.540583463
104004.381051612
103917.652813581
103935.037445544
103743.660216229
103782.579013458
103729.731079263
103726.184062583
103786.965144812
103801.581478845
103721.080188267
104031.041654246
103977.786289881
103752.942232755
103732.596074819
103924.318156604
103959.143862222
103831.711463061
103928.536611242
103836.382938327
103864.498181631
103885.230717897
103801.991183876
103751.507969724
103786.164679484
103704.160749872
103764.98021525
103981.512249631
103946.280634788
103764.65537914
103889.391837693
103764.70213454
103945.227946409
103940.652454243
103770.807852849
103752.996195109
103803.709806574
103791.666731231
103983.691024709
103823.205040435
103810.637195897
103787.205487783
103805.897698184
103928.243093339
103806.350120701
103949.535485417
103823.66628601
103831.109576391
103744.81227266
103810.660067611
103784.654867882
103932.721430085
103725.985688245
103783.820485862
103803.80291487
103760.239105986
103773.904234952
103770.674872563
103731.368659882
103930.907434738
103953.432020354
103760.690406763
103770.421132509
103810.109617127
103782.699131065
103760.447132142
103862.38466222
103861.915526665
103820.684377756
103916.35231625
103870.117139571
103739.607433805
103761.426579247
103972.498943761
103720.460122408
103835.405878307
103837.578544234
103738.388428935
103944.510911544
103950.495019538
103743.154425215
103987.154894473
103761.021536751
103880.105181924
103892.251200436
103835.515162866
103771.494891468
103736.425651014
103698.213495307
103740.155654364
103971.787767694
103728.217699712
103983.826731184
103779.829643989
103727.606204024
103953.949953812
103753.417873657
103760.821299963
103929.691271804
103986.555285144
103730.747780755
103794.719160822
103775.969576952
103776.025525862
103778.30108866
103771.752730835
103963.186065883
103822.145534676
103745.623657173
103843.680243584
103955.044023256
103810.542204982
103931.91061174
103908.412770464
103872.638755809
103697.331732917
103953.839698516
103765.566098059
103852.621058981
103937.932574011
103965.501422575
103719.291252739
103795.969632628
103733.510925828
103946.926788908
103794.80965241
103758.333578887
103732.995930576
103704.098786483
103977.758433448
103798.183714774
103696.780007904
103814.247092748
103934.804382484
103760.052006424
103916.24097294
103852.757598706
103734.142968292
103713.159055313
103832.666603896
103854.933912901
103811.156666702
103958.621403819
103745.530105401
104004.349990736
103811.931091558
103759.210091999
103909.121382753
103725.484966727
103971.607940119
103800.196342907
103815.602252551
103751.796603785
103825.605859072
103754.361560096
103986.752737356
103917.12272493
103763.375110135
103757.283172131
103945.11547347
103849.496838552
103905.818728042
103813.796582249
103792.811564271
103807.561070705
103945.738231495
103751.805668433
103693.520096288
103783.617463046
103756.012094297
103825.691605741
103729.074499332
103776.205284111
103744.750214495
103997.423653213
103844.689008858
103839.713267557
103828.76265569
103757.37415429
103797.226042493
103885.167016737
103812.926723355
103807.834736278
103747.720941256
103696.604033056
103787.531008329
103758.703255657
103805.458804301
103766.266785243
103789.191162279
103769.348862665
103894.656577869
103755.936434683
103905.568627396
103746.184475353
103744.660021537
103784.460626577
103940.37545881
103932.777264962
103743.113496115
103771.054296176
103780.261597248
103919.081334181
103889.96192819
103755.451310654
103901.615176621
103855.831196442
103879.318200737
103724.476813278
103746.330704542
103851.480031222
103755.3329849
103818.357502198
103768.634310257
103809.032037638
103855.928501514
103927.836520166
103758.61125147
103780.561875365
103855.869385009
103730.105491372
103960.450875824
103821.980926081
103850.370196364
103842.218168966
103925.203039757
103687.603216634
103739.922615707
103831.917816291
103714.206067697
103801.999186894
103734.268674542
103707.334868586
103781.90126129
103817.624043571
103768.826764517
103753.333516423
103821.075241143
103691.996426401
103927.996100613
103877.461026399
103811.170394303
103749.375283931
103786.01867336
103776.187252423
103897.635867956
103748.930370537
103912.761510401
103821.652178272
103864.321834202
103958.204447765
103970.430754764
103771.615335323
103750.615147605
103796.807137168
103922.861457558
103789.864939161
103811.355112303
103757.195184315
103796.067793302
103748.741598551
103790.133076247
103881.974202577
103903.924187992
103770.795369851
103767.429409747
103763.049683168
103852.734166022
103940.692862428
103772.178338121
103785.187659917
103755.259573795
103915.151768666
103896.554294493
103745.125256962
103755.32697201
103923.448728269
103777.268345449
103710.109950819
103842.587823416
103769.361844889
103946.282413282
103802.461314292
103761.265408539
103737.495716805
103737.008666277
103772.19878058
103923.535865439
103810.447988185
103773.90356169
103882.326047463
103721.113855768
103987.144438916
103914.409507372
103776.62704955
103922.079686054
103761.705962289
103769.698588888
103955.394192077
103809.340455042
103928.53996526
103934.834777639
103785.794184239
103974.759583728
103746.504735876
103821.541391844
104029.09296657
103809.557096862
103865.694977091
103854.629316585
103801.825420855
103957.535431925
103961.806256739
103778.44333135
103767.255519639
103763.583261909
103807.447080372
103952.019852512
103839.007260705
103765.249475654
103855.602710231
103806.27188482
103757.533927014
103844.627785088
103927.914752139
103908.475379331
103767.813679493
103695.488169843
103925.27311295
103731.457333604
103782.077985095
103842.289555875
103839.541617651
103968.815669172
103822.99861971
103997.015435453
103771.837317016
103970.394995756
103775.55756004
103728.073165633
103708.515498469
103737.008853338
103958.084663545
103741.320043108
103951.88221612
103795.116900003
103868.270714512
103745.07780988
103952.393520038
103882.005156901
103739.926320533
103799.55819185
103781.941509107
103929.493994998
103773.72884605
103826.92800436
103795.47627893
103743.393478855
103709.551986468
103848.282478747
103840.309250546
103952.535101182
103748.547501279
103776.403399273
103904.611261244
103897.38767159
103748.653265846
103814.17628139
103771.020930224
103969.522455272
103979.04728827
103815.370145292
103780.579240783
103819.252564267
103768.942317309
103677.975103263
104017.030575471
103757.958422473
103807.615802394
103952.899104349
103861.319304488
103720.461224112
103785.003424971
103773.235587404
103904.011205353
103837.628466963
103764.152345583
103844.874506051
103728.001262347
103905.01127868
103805.271153261
103710.864343153
103844.29393755
103811.252663828
103847.465506268
103819.084478467
103838.914105332
103790.671799079
103916.590933211
103778.030661241
103722.978229971
103764.421118836
103905.093294259
103769.526129844
103982.158623
103811.100632302
103774.798273677
103902.484398451
103768.690142869
103972.856320478
104020.43317188
103762.464586328
103826.12405633
103918.333117886
103820.099882186
103703.7332785
103738.896715279
103771.885802825
103766.424840861
103783.526928929
103792.150958782
103758.721362197
103786.087332626
103916.234909286
103839.606408964
103773.076488891
103746.114001686
103958.700398215
103786.915073922
103854.796040129
103972.27826987
103820.486698425
103990.496386144
103736.105413904
103752.349728382
103782.064750346
103763.056641418
103786.726270553
103833.169185764
103822.123424758
103752.943115891
103826.096407184
103840.868162211
103971.641067634
103990.615442518
103754.905292477
103777.50350905
103683.746371694
103788.081241699
103801.542194899
103762.993638642
103853.870227326
103768.778220094
103795.90533418
103799.542976597
103951.10911034
103855.569591995
103761.133589272
103916.118184923
103797.24024233
103830.341017335
103742.233861674
103751.075648024
103759.528500824
103943.696952925
103937.531149681
103736.070293482
103760.886509176
103989.876486022
103783.860797055
103808.914488613
103964.473993449
103718.064126433
103824.518195389
103931.181866659
103788.37133152
103708.477127467
103781.716397466
103957.102011045
103792.882261843
103857.926666385
103963.521470881
103779.233614248
103873.682567177
103787.196030714
103715.42236085
103950.458184373
103909.812200036
103754.436829567
103754.203079128
103712.845988487
103786.235822657
103874.950095125
103749.610586903
103727.204319104
103766.235709287
103696.498383268
103799.129245677
103783.964569582
103858.117522386
103946.388419667
103705.555587853
103764.771053469
103829.063922738
103717.124619551
103763.154035432
103991.838741749
103741.769320999
103788.691980734
103930.470956961
103814.300134346
103962.970641048
103873.28583928
103747.682308857
103766.186423937
103976.536311469
103825.077906184
103782.543691026
103896.110628357
103825.177337242
103945.888730816
103951.34718661
103786.562811978
103929.241937354
103998.535240809
103735.719020916
103752.132945759
103758.797315411
103825.207429663
103792.096023507
103833.533479829
103700.167672985
103770.696577901
103746.297098865
103953.130817636
103926.911592372
103842.783519769
103682.606718481
103864.304758678
103785.162532826
103804.016894712
103957.039320576
103782.973567486
103955.536014635
103948.100372232
103716.329938437
103716.407633941
103852.663194385
103942.048857042
103872.127054005
103870.226530521
103765.479669942
103805.452668119
103757.710236316
103944.519482293
103750.425602385
103989.494368561
103811.537430321
103913.405424255
103782.989776256
103967.487481459
103837.584068216
103729.080066018
103733.088567888
103756.933867883
103744.878146129
103945.438292323
103814.08015082
103976.312951718
103759.803445904
103980.388758755
103873.26342155
103826.784464969
103940.226479586
103790.047693077
103936.780833476
103777.523281434
103797.518041331
103790.715124734
103791.098265988
103739.582131884
103751.006358875
103887.777140103
103955.538485286
104037.527183
103702.999523181
103966.673016972
103907.207352011
103855.556864439
103719.248741456
104023.196928152
103743.832038621
103866.009145612
103738.374034322
103806.030428746
103974.059347214
103779.414488024
103774.099737874
103787.475770229
103775.812727669
103749.12779412
103764.140532104
103728.051882414
103791.597822106
103809.489233151
103975.242332812
103976.558544383
103864.867675628
103824.810531756
103748.770665743
103769.081593462
103794.606244335
103793.741618423
103797.289480394
103945.791956388
103811.238778919
103820.437808993
103904.772919579
103831.66519994
104024.495211483
103775.306543289
103928.148957564
103835.637658048
103774.673130774
103756.153443465
103791.389502399
103900.239040167
104014.330171556
103754.668020888
104008.636785654
103696.797341587
103907.905761343
103761.131734569
103761.028253905
103859.841801924
103705.237247637
103782.385098674
103816.688114331
103778.246004824
103717.956464496
103806.072585925
103936.703272818
103777.245111955
103763.703874309
103948.184738487
103936.647736073
103923.811143296
103909.980248248
103784.213887531
103763.190695016
103983.947267744
103786.536878453
103777.752888568
103969.832645912
104059.354739686
103773.136402122
103825.529408124
103762.218672513
103817.23779186
103813.919977174
103928.706419224
103789.480246737
104044.449635228
103774.394401023
103768.669032186
103845.063467369
103796.637059496
103823.070057722
103803.795103979
103857.758224171
103810.478757106
103898.328929051
103794.096748122
103837.49773156
103890.093531258
103870.687333133
103878.016597803
103796.463909829
103793.706887342
103839.040142734
103841.940976851
103788.036245471
103858.407107785
104010.324334265
103778.216300789
103948.011639724
103917.20734962
104062.279480231
103923.183313419
103930.729023606
103796.248055089
103773.887498054
103760.711062682
103970.448535433
103747.002597179
103812.63364098
104002.038915987
103900.558912943
103902.274701903
103747.921426546
103817.975280034
103720.691824869
103789.371358797
103989.137189626
103815.217680889
103758.964474161
103951.985661077
103806.54082399
103839.012359628
103822.181991881
103750.790687523
103794.572019348
103747.729765557
103803.972260256
103816.506141223
103921.417281744
103919.506228431
103772.693836362
103804.433460353
103795.912259295
103741.710458535
103816.994242346
103778.108871034
103766.441633837
103929.412294407
103752.24551508
103801.906992209
103763.752964085
103927.6076397
103828.518122558
103956.661581185
103714.41832887
103874.334956413
103701.634603976
103951.459332456
103708.870063487
103920.196711634
103750.946531972
103742.267532573
103855.115231499
103723.087735155
103665.627305038
103758.267229181
103793.270115177
103847.133345943
103787.186412785
103798.414143474
103865.299611535
103742.760372898
103960.314836715
103942.031695282
103805.665096548
103819.855396088
103812.992406042
103819.912424007
103841.790550027
103726.173385795
103987.328824516
103765.15495201
103906.225196156
103942.561676897
103804.465728038
103976.412355222
103701.762402754
103857.64320863
103804.336310722
103813.638517612
103867.098463102
103734.872636552
103827.730298894
104023.402406658
103770.808715036
103788.106977393
103768.023411922
103776.30838584
103852.48915857
103736.27994494
103891.142400178
103813.854511694
103750.973241211
103651.386353654
103937.024076738
103947.254250866
103809.421052438
103938.845158692
103691.197737336
103755.179229547
103732.458337231
103944.618353752
103917.027519494
103769.790601415
103970.984342417
103861.524778138
103982.598656601
103721.557742921
103761.892129383
103833.586213317
103755.982111833
103711.384401478
103753.741925881
103747.347342289
103891.881333551
103734.425328147
103887.253499281
103981.129484974
103742.256953127
103829.893236317
103937.761473218
103815.859591268
103806.197209537
103708.784110376
103808.610998901
103944.595215303
103807.862985349
103987.546848492
103752.13417203
103736.831627863
103783.161897315
103903.12058304
103740.11748949
103802.353413711
103828.968977714
103981.709615537
103848.715073442
103989.282908945
103771.223118187
103770.101324163
103745.851007513
103830.93899955
103795.266321259
103894.084618222
103775.129283645
103906.565633091
103805.888121021
103770.509716017
103983.826557866
103939.165840302
103854.273883179
103745.667373827
103871.817874809
103976.56137682
103763.954378469
103986.107708498
103961.840289155
103714.933867453
103922.042378793
103951.749591872
103758.834298476
103708.192231778
103810.924328739
103718.546179743
103740.601325956
103811.775770629
103725.168735945
103777.628643984
103826.329561487
103800.212138423
103742.42559306
103972.509316297
103927.251024037
103966.815274735
103970.386379895
103752.600052014
103870.765242255
103781.25505655
103786.915055728
103920.787496035
104020.33687385
103967.302957626
103749.118707242
103789.925823613
103733.504300365
103827.875438797
103796.415272846
103774.441504292
103783.553290475
103754.258935407
103855.08310411
103716.856442278
103889.02361134
103739.986062585
103778.69425679
103760.53860321
103793.324900069
103863.797218068
103939.946420366
103941.098235055
103923.997269283
103982.589903721
104012.791020689
103679.11871
103948.959020596
103758.720645947
103861.897014056
103785.893177907
103906.805483278
103929.764985481
103954.818087592
103886.599843591
103712.31974764
104008.924225823
103789.146696223
103773.05283504
103814.015058783
103846.315096661
103713.800342244
103966.693108548
103925.769833433
103775.029782359
103979.750197274
103962.992067661
103811.968492615
103724.989818432
103781.459182992
103935.670388023
103897.430859019
103826.585374172
103809.428445738
103750.162351058
103793.276748562
103944.381195094
103790.207949531
103908.33430181
103981.792520712
103758.600193337
103724.671205517
103911.822270372
103782.807613024
103754.023516668
103810.734266766
103741.69776093
103746.083584424
103823.127330594
103769.049374523
103786.643307715
103811.407288761
103785.808150189
103729.247707988
103996.039482494
103730.704702093
103920.53584269
103654.789891714
103911.217707349
103741.707518404
103732.001009652
103797.939538335
