104305.15137091
104519.139693684
104592.518297149
104816.749969011
104340.292179824
104474.84525418
104502.416177275
104456.193198939
104449.835991471
104431.88483751
104262.340115141
104551.866976254
104529.029897021
104413.794181061
104528.949146403
104801.774493801
104386.700625221
104515.438575091
104364.639732149
104639.598101417
104268.549234186
104281.013813461
104387.212369368
104810.550748679
104540.92631098
104622.372901419
104327.459429946
104547.788600621
104391.16190947
104562.011596695
104630.225620035
104529.398805501
104647.875680143
104548.343782292
104271.586582581
104342.161925412
104446.912245177
104130.97181026
104281.134989983
104560.147314345
104436.415729498
104505.430723045
104377.918374139
104409.732087428
104308.234919358
104340.3767235
104183.132658135
104186.541518846
104602.674880658
104387.139611477
104613.700971401
104242.377738008
104716.920455182
104379.395736132
104476.886546532
104453.101020185
104453.820950851
104195.702001207
104535.732046731
104091.534647656
104231.893563734
104322.899728909
104601.495633996
104691.260359446
104486.917392845
104167.457520155
104351.917664737
104627.913090817
104714.723409133
104705.670216673
104528.337388897
104127.701307247
104406.143640931
104324.26084778
104399.554691981
104478.09422478
104366.358401076
104412.08019996
104397.905470104
104574.142226338
104431.781445863
104342.05539401
104494.948810326
104823.971202502
104332.821756665
104325.448134322
104495.52365985
104390.794235506
104346.281024059
104607.071281896
104336.321864368
104196.351767716
104498.621877775
104546.09818178
104766.378412645
104571.458382945
104388.204277575
104301.976722953
104401.861430046
104281.223178378
104404.992311999
104733.149356856
104561.304059664
104432.945537394
104075.76992998
104501.27662989
104491.403240911
104350.886996434
104468.906216722
104562.43340881
104723.491532257
104443.597523781
104550.735284137
104336.520680326
104418.641356535
104516.283720413
104648.476044502
104310.663060506
104655.90368965
104795.090909482
104580.11110664
104706.334495604
104322.743505387
104671.032699627
104415.03160488
104491.234261066
104549.534361832
104442.291178957
104343.451131551
104548.150635119
104561.947817423
104470.000671251
104605.820075527
104264.359656338
104308.794329945
104365.862595519
104442.045652203
104573.177912772
104523.757317259
104580.240692081
104527.766910418
104326.935320621
104660.364010557
104550.561510203
104312.477080441
104528.640655577
104428.296037868
104719.539313997
104622.059731166
104268.048196528
104687.626725167
104423.717128781
104367.182215282
104482.24966863
104580.628099404
104428.811424612
104315.92472402
104920.430792793
104558.896538498
104660.087950491
104536.992133196
104449.348070724
104499.111314968
104481.899147154
104485.581073311
104667.28444763
104557.646644086
104382.520398897
104594.078006953
104618.73498047
104876.859329622
104604.108151629
104569.209634052
104799.603331958
104152.881225434
104366.983533893
104217.809053946
104333.512947706
104277.114675615
104654.169201897
104825.879195016
104503.799504466
104507.417711631
104342.868825671
104584.101319719
104581.362315371
104527.40250966
104147.655213626
104457.705522333
104592.530537631
104254.571567721
104397.107601124
104522.76477356
104360.028776361
104386.633726825
104394.808411035
104446.433961099
104296.460859869
104518.928925155
104462.250071339
104332.466515018
104570.792606904
104514.327734212
104905.85037268
104530.116812087
104646.873805647
104594.65372261
104514.363672615
104589.307835004
104276.409848103
104646.662741612
104764.93232785
104516.906257599
104350.072908865
104309.343239782
104448.152159194
104522.178203824
104671.018361066
104519.632674276
104439.233324798
104608.150951964
104551.505352632
104479.448737183
104456.895761149
104585.837293863
104665.221526624
104402.153765812
104750.883863322
104695.024450514
104477.998282659
104402.200799651
104222.003806502
104378.630518971
104795.369614513
104479.537301342
104484.143358175
104026.646357694
104599.053191479
104385.888254618
104553.5596873
104642.06947964
104712.027931937
104485.728261944
104578.818512046
104448.336984855
104519.032232807
104436.611053774
104390.558992772
104906.30458126
104424.357755906
104453.276658182
104296.88007959
104430.781153195
104533.435089168
104500.337487467
104267.304470309
104543.556125302
104405.675502979
104210.813206757
104431.823803249
104617.551781124
104436.619049696
104383.401068435
104739.260776989
104465.522294207
104219.603179715
104308.216656097
104791.139993924
104247.038902343
104720.161171898
104519.691202203
104998.455332997
104425.518857172
104405.32360489
104375.997612078
104647.473742961
104400.855348239
104346.98162999
104552.645522153
104397.305434248
104517.634667366
104339.88449658
104609.539773634
104311.308866091
104338.794056185
104570.931293655
104624.888274648
104534.573918928
104765.097711509
104473.894472921
104211.14792383
104434.706143048
104553.722769609
104486.484469838
104120.65489034
104411.38030377
104248.439334115
104305.164236662
104687.421666005
104644.107972988
104405.593456682
104699.757717881
104502.741445177
104463.551579235
104351.173778004
104375.939288468
104798.050945705
104515.157446014
104673.559516574
104138.848812326
104270.8005708
104468.305469245
104534.429076287
104487.978512336
104221.288697037
104746.172190829
104157.982193549
104381.957326825
104389.056801337
104317.01279736
104679.50986434
104604.136691201
104214.143356751
104363.986014628
104789.869077006
104352.651426923
104624.613987926
104724.070649792
104372.881432093
104370.808298449
104561.843999387
104304.620749731
104440.210811775
104429.943944954
104541.132408408
104279.617448185
104215.703308372
104725.482380892
104704.29686506
104554.722837409
104501.639442168
104403.049236126
104597.472421317
104505.534122309
104289.009344444
104388.57633447
104676.520584187
104532.53244909
104547.974069382
104393.450990805
104361.302909239
104322.190081228
104628.936264681
104783.132481586
104205.44775812
104414.994336469
104769.490438764
104315.421136266
104367.283127949
104385.281880319
104438.806543166
104721.228300794
104251.942831622
104480.885966712
104184.366459466
104336.9418435
104215.308903047
104454.829815577
104297.781501881
104317.260680223
104907.34378682
104140.508774704
104528.531300396
104857.701909451
104340.735029431
104650.861176667
104470.747371113
104572.283810694
104342.471805989
104609.154027766
104624.05309135
104305.42883835
104250.021116266
104541.776164193
104554.663345142
104771.09981809
104203.554334324
104268.106618588
104711.75577152
104646.027591673
104686.087665245
104459.056104387
104334.638669449
104769.610819174
104362.064790822
104403.84158363
104377.2180324
104469.948968639
104368.655535702
104420.164168954
104460.217848095
104279.127140425
104540.593372515
104260.165600774
104612.879394448
104534.134137853
104522.48691547
104477.67549076
104622.542215675
104561.926339502
104436.078519158
104196.718910625
104306.829453504
104433.18904527
104509.259425122
104505.126380403
104646.566095679
104173.960070703
104709.681575408
104748.101262952
104578.404756021
104799.508036311
104276.94321093
104684.872966371
104423.941405047
104186.871752862
104635.430078753
104613.259730858
104519.198830284
104474.642924476
104610.251856682
104184.966102188
104669.56461971
104360.507232176
104721.837121103
104484.31323625
104657.270697084
104550.878520141
104406.558402707
104662.571698148
104602.763516057
104461.364055861
104393.445106688
104498.150716792
104489.116391272
104529.270014658
104259.187216349
104182.817088853
104265.150712382
104355.070995945
104481.768201068
104564.642955496
104378.039572703
104858.01721571
104367.342730924
104460.813544424
104712.965469097
104807.724388997
104339.86117356
104410.825945215
104407.877812508
104320.931990484
104359.319863101
104632.164703589
104534.487118124
104677.643709296
104410.133231963
104413.925554501
104199.294042641
104716.261299561
104340.491081459
104467.644464727
104629.454535454
104519.865452378
104478.331247623
104550.326568341
104118.963347294
104505.792922069
104434.387307529
104295.254665266
104490.653751679
104282.544801731
104667.339135359
104550.809729125
104393.735840312
104320.854291578
104678.736965878
104775.843984268
104717.62044522
104425.29464363
104546.914213316
104124.216529559
104364.485774455
104359.260470507
104856.483786249
104354.370420899
104397.692047199
104752.650060683
104318.378093246
104377.97417647
104429.654480793
104889.497543727
104370.587827285
104590.680119345
104578.627400563
104591.066127858
104531.47984471
104542.321319473
104736.576770491
104464.845845287
104311.64657063
104376.766632163
104201.497298334
104187.298629397
104408.137969933
104533.205139996
104356.749254666
104520.05557795
104624.860111795
104536.147674921
104160.694109394
104501.230752253
104645.166692285
104199.003364499
104542.033703492
104432.100018111
104142.293700448
104267.804102027
104737.181710348
104202.403849193
104334.342712662
104382.349886721
104271.853630179
104258.190598831
104265.688875124
104863.243935843
104661.265031771
104568.916598081
104525.879926775
104394.083953128
104527.848262882
104628.40411675
104141.68522839
104288.221384657
104679.74153797
104563.915870159
104665.272355544
104340.632324941
104781.128584794
104140.622991925
104654.522241716
104418.573066352
104615.004841163
104551.910910363
104371.774293514
104259.500827965
104441.024809926
104327.203476774
104417.996281403
104357.717132503
104512.546432935
104470.431592121
104469.360820957
104318.698525686
104619.332842623
104450.064029415
104452.789411422
104432.89193541
105019.833590067
104360.118444863
104633.838593877
104578.735538172
104536.29527344
104424.821984066
104503.47631237
104732.005245304
104602.827855336
104127.715352472
104486.208797834
104553.333545035
104586.110737958
104504.629312298
104401.037580968
104563.570525399
104702.385234074
104226.971452284
104752.467995529
104460.342435021
104330.116251536
104429.733189874
104470.184510524
104334.393497995
104177.396401326
104574.404671733
104388.41250228
104669.699679411
104617.178639012
104653.331622542
104167.018742298
104721.304515001
104501.402775553
104464.65103878
104608.524054177
104658.343853958
104460.93588468
104545.768785828
104468.862897077
104315.411398414
104444.810729567
104661.414691666
104326.934204288
104282.908333538
104445.302788051
104311.582188129
104351.401510118
104273.241303832
104323.778409641
104212.007367368
104725.749872759
104423.612378492
104735.346560655
104117.715258736
104229.519299943
104447.879870281
104506.262155453
104242.636928017
104305.24526572
104378.284508687
104518.746397492
104508.733573798
104522.645947214
104450.60836299
104399.10565884
104120.315806244
104192.850938823
104610.252907778
104468.786514892
104233.929721591
104121.009496156
104456.940627795
104650.687401631
104420.814763996
104508.750841314
104643.5415621
104540.190048233
104524.445351514
104538.552879134
104537.275550544
104557.084839771
104705.833912646
104549.315357744
104649.230268531
104265.645014945
104655.679014462
104317.476318229
104678.255868808
104479.897388772
104520.533776034
104676.217011692
104560.583997265
104620.979040241
104705.733973762
104312.232786731
104177.610034746
104905.898754525
104597.05727433
104675.690531986
104679.422544891
104557.543810747
104655.242081134
104586.287191357
104200.806847288
104480.722997581
104387.436741367
104390.011122225
104013.036656161
104326.783822814
104317.967690384
104951.203208992
104409.544250416
104491.507359411
104506.748101285
104605.657658102
104082.282103874
104334.171225943
104493.953949201
104383.579819406
104525.483414884
104565.8722176
104689.310371085
104360.938471907
104779.611662763
104455.743486794
104119.644356214
104535.13621174
104517.540344905
104403.284851057
104374.215070074
104476.719377176
104198.79133527
104346.733638371
104451.721651019
104466.796697741
104353.354015155
104267.221399803
104626.815613179
104512.23800177
104572.751220076
104260.206488316
104185.402047816
104360.024628359
104370.333446381
104266.661874619
104110.211458423
104552.130235844
104684.730860581
104443.290362784
104767.234614049
104478.907357734
104427.563200264
104527.852488057
104626.74629937
104584.635352092
104311.42739937
104739.596267057
104847.404731352
104411.120069189
104325.146213099
104142.810143305
104550.419432019
104335.45799503
104521.741290438
104142.421615402
104608.102689388
104534.143221839
104363.760332148
104495.432016805
104757.436951586
104433.666700187
104383.442015139
104388.895429127
104500.885954516
104275.778270588
104714.756555541
104245.241547549
104557.56977447
104581.311961535
104150.109477589
104744.434999095
104421.297194414
104850.273574963
104237.908035524
104748.839293086
104606.367458215
104654.803567447
104179.079642891
104424.446601516
104371.202375182
104248.960119901
104588.028845018
104631.319963631
104173.749714256
104508.088568621
104809.269014684
104502.224892318
104373.192844467
104286.86870248
104311.954110088
104609.986229961
104457.251059785
104609.155356222
104332.292889755
104538.880905158
104555.206149981
104448.78677238
104737.512082775
104455.982977582
104657.856698247
104518.016260271
104248.239233047
104669.308367256
104506.724438495
104289.361314959
104750.644064449
104633.613225006
104371.857211669
104442.647950641
104905.836091198
104450.989064745
104389.172598651
104471.867714654
104615.04707211
104784.334059365
104695.625561354
104359.860459836
104218.723936143
104423.595727268
104639.118259606
104579.541270125
104359.300182072
104325.185899941
104451.101195566
104393.32994578
104429.695530421
104439.597726869
104459.037713058
104546.326560378
104291.961381417
104397.300749392
104561.8197962
104708.884969132
104732.458110512
104628.49559935
104715.34067522
104359.769192094
104340.960263237
104643.424980666
104417.021649515
104457.685131344
104533.336399919
104705.567673032
104747.657017055
104361.768981196
104265.056148959
104449.971151953
104657.87415983
104673.982328381
104446.421949558
104782.603517666
104501.108741202
104425.195700462
104486.771010502
104401.881563494
104342.141860448
104565.4623762
104491.917384127
104639.491278904
104466.014968762
104459.939036476
104599.352464506
104519.489642179
104792.432986156
104575.742964584
104084.475364777
104549.816568058
104648.383588011
104475.563141155
104277.127804562
104628.001721276
104760.584347729
104675.420625637
104736.305970882
104394.66610107
104691.096506747
104592.474275114
104462.824624751
104616.046091518
104290.187401713
104758.459733771
104529.379055499
104681.792258322
104467.783956688
104574.031559404
104562.318635464
104489.750511638
104504.105414508
104469.303784053
104392.277033563
104646.756438047
104475.198615477
104634.419176804
104702.725042766
104736.627040035
104428.860300866
104549.109783515
104286.507540782
104501.839782148
104458.16795669
104586.536990468
104656.622244456
104415.637789034
104546.906589194
104502.434394823
104657.993813771
104665.294631961
104554.183420903
104298.94931549
104541.94061235
104746.982142111
104443.090340963
104138.610797555
104615.797044051
104538.456734586
104159.957580865
104494.054554731
104467.952471872
104487.649817372
104386.394971117
104319.485383795
104370.95435361
104545.12732863
104420.180092905
104407.424391235
104261.699810728
104365.961211135
104524.684474854
104675.093917771
104607.384063793
104582.394361744
104488.355840293
104604.998970481
104561.81125416
104490.16253566
104492.309594757
104725.577226357
104721.124423635
104273.233767268
104830.057357636
104640.239604758
104507.386054107
104296.877740003
104219.628371144
104404.70747034
104662.583033641
104508.945773982
104547.783451696
104708.845222398
104825.11483784
104390.104535435
104227.928620412
104770.802069066
104438.407267494
104374.484759063
104652.638612413
104714.886666559
104252.615447316
104613.806372795
104517.591178914
104258.26832092
104405.055791827
104469.426829921
104448.46059313
104592.205582857
104571.349810771
104569.542838669
104376.349906896
104611.947433992
104319.279399265
104583.608782208
104372.841351325
104295.154553329
104538.718362264
104322.146273679
104241.51710068
104580.773009258
104409.268020638
104515.599885292
104447.844078577
104687.45633769
104597.465517376
104474.740545254
104413.185517436
104511.968673974
104447.130607554
104771.812626084
104963.53626798
104273.286398901
104107.181958428
104697.386613321
104625.80220546
104483.807668145
104560.842608412
104614.352300596
104608.029774806
104791.204294391
104375.138921909
104371.16155075
104611.759525715
104398.329223339
104227.278838979
104379.73693532
104574.043127396
104335.758620575
104767.085966614
104302.981612532
104524.712577955
104410.63184986
104574.785374747
104588.075173266
104353.383930495
104553.392793716
104417.075663916
104242.059759687
104313.11923747
104756.327069617
104354.153686444
104432.515396559
104433.233044143
104246.95653825
104711.943996963
