103794.521236047
103925.633766706
103727.866672838
103742.434570055
103651.142864104
103843.204935934
103926.047562481
103867.430481721
103852.879440759
103804.617669497
103813.668103153
103784.654855743
103798.789194151
103800.188832749
103919.791716809
103835.701422867
103886.538720827
103720.055285897
103577.072073231
103809.138982772
103727.88004936
103563.451827363
103685.601506987
103805.20415659
103761.897982625
103872.902511831
103919.681501891
103889.301560064
103809.451943585
103771.119015384
103760.298701679
103876.090781005
103648.878663244
103759.066027026
103746.266961897
103883.630989068
103760.020306619
103800.842603018
103804.032066211
103926.887071842
103936.922183281
103889.02259344
103916.692739335
103820.846687212
103692.029884854
103780.013624412
103732.042228882
103875.157112708
103868.24089394
103782.929673638
103718.592450445
103769.620451141
103771.848271349
103810.689896459
103796.06079775
103766.599513467
103877.683600725
103941.669290181
103727.589537483
103765.911481362
103854.442508521
103852.452842101
103833.479562983
103688.861730676
103818.598283781
103919.595685815
103893.501772948
103934.107374443
103842.710658131
103821.95310435
103835.736511187
103978.226437179
103758.763728022
103649.812526856
103800.141053669
103888.269081789
103858.098462752
103822.872492954
103943.443572672
103913.55184797
103792.580856513
103840.051804352
103771.87681419
103987.62940115
103759.287160269
103724.22407546
103859.221896042
103819.388604657
103859.250850799
103816.833683082
103696.915578576
103596.376953165
103846.825474499
103912.492001093
103994.05514706
103931.841804331
103767.995234157
103891.916064126
103889.671688634
103737.669432606
103921.822891495
103800.123333814
103975.038354742
103851.490203152
103732.70433814
103891.916476963
103876.471509613
103839.575334422
103818.04831714
103812.28039673
103729.477256136
103850.134482145
103874.540854179
103949.645499229
103647.697272149
103760.389382473
103762.013303112
103839.274302352
103873.567677492
103722.910944302
103922.263803537
103709.118600827
103886.487599033
103879.893036272
103823.847425598
103934.233243003
103957.709456653
103797.693008327
103813.084778047
103742.833309622
103776.906071009
103880.631570722
103663.562720727
103873.661626652
103805.109464076
103833.218316196
103706.860602843
103910.958855289
103929.787835089
103949.837471311
103742.921409627
103766.609134925
103837.992125338
103761.199570395
103826.270324346
103616.14206198
103666.689100204
103762.871019296
103889.279523094
103841.132895489
103869.049843533
103855.809684733
103925.616545625
103956.453459363
103863.660088674
103940.141414034
103732.164974423
103830.364129543
103960.582668735
103952.604368744
103883.398754511
103680.958085552
103853.714869682
103719.951903315
103951.962236914
103820.482846252
103827.558750495
103773.726882344
103886.8778384
103956.422732296
103923.273128793
103788.531901782
103826.450953781
103867.839339536
103846.741785788
103950.286776697
103989.476374968
104001.705395159
103855.601503252
103813.453372013
103879.248208287
103908.89600987
103780.472241839
103792.415636698
103733.075588823
103804.3757447
103909.999234844
103928.226879913
103698.167614906
103803.614007419
103930.259075521
103650.191612457
103981.331939735
103831.826175441
103898.539087649
103922.807481455
103868.816880045
103874.839074038
103742.78617698
103992.256967703
103847.918885727
103797.530809072
103925.280075006
103905.709234214
103877.235378301
103759.528466178
103630.723338057
103893.85696662
103833.462043648
103657.345674617
103879.920879372
103760.957066159
103816.63666383
103926.389378002
103788.67879179
103927.347621514
103740.328249527
103745.742515139
103869.086645319
103736.731450427
103904.929833182
103688.602273455
103841.539440646
103850.811374336
103845.867447276
103881.284986522
103854.988949316
103803.475574493
103722.540772769
103975.961103745
103651.397790104
103888.311013529
103966.075501681
103833.958061484
103822.813264244
103939.254820981
103909.646125026
103866.568513732
103841.450339667
103902.276905445
103710.982214472
103791.122362972
103834.977635875
103776.198057414
103905.591261858
103926.808391979
103873.188606488
103636.168975701
103792.700187993
103868.620018042
103906.716573539
103974.594521093
103809.49017821
103712.995338462
103987.031210248
103792.496470085
103842.305146994
103949.549046287
103855.48696739
103951.611300598
103902.452860115
103980.674606079
103805.494419476
103906.379671441
103831.510485529
103851.529738442
103715.452119072
103961.964667599
103737.917144696
103765.87436936
103847.771531787
103864.325587086
103725.787692016
103832.785598937
103986.93940116
103862.64838103
103856.890107249
104043.821953277
103785.156949556
103897.197616702
103949.926204289
103835.584110409
103871.093625792
103815.617111626
103967.491332222
103799.127594921
103887.155268666
103979.460909716
103873.78626427
103813.932866121
103866.777706368
103764.171388626
103855.703375273
103901.38157263
103976.850950884
103785.529752981
103756.108519578
104017.391642096
103921.095806542
103848.968197987
103778.57640021
103927.463839268
103844.571649593
103964.441132578
103753.812045169
103807.461995404
103763.963020181
103754.790597874
103811.58239319
103865.646592338
103962.118569635
103765.046445241
103814.309304802
103920.229267912
103834.207338943
103837.579685779
103909.042355144
103725.696316856
103832.084940866
103782.753630694
103836.309538275
103857.89399447
103882.965007578
103850.495834621
103907.375361968
103808.422644639
103803.509341249
103775.302019162
103958.755765882
103928.200261254
103921.091036543
103835.269674112
103799.425921361
103756.716417882
103721.567020146
104040.256811873
103875.245421157
103847.546409148
103779.621856367
103850.9990043
103881.901479597
103928.964705931
103792.996982902
103775.495594035
103722.216343983
103796.742661732
103833.308763789
103893.517061142
103771.248358104
103959.870255597
103807.04082111
104093.609244606
103917.76393235
103959.274573099
103920.21341455
103917.497547647
103866.648652465
103768.891507892
103822.825819972
103863.775517433
103843.105075909
103706.010151542
103766.481166159
103778.779219476
103824.360297656
103768.222124254
103916.315087428
103803.13301762
103773.335852076
103934.08507182
103965.616811226
103901.129792491
103736.206466806
103812.526614163
103948.123383991
103856.395707699
103964.618603576
103945.58545341
103777.818778737
103774.548404225
104032.298070951
103810.937317065
103845.872012028
103897.888362404
103807.534488382
103761.948691543
103671.427531733
103742.520735608
103763.560433176
103864.100412372
103916.758285615
103764.614172525
103841.642405524
103826.189962131
103941.128534107
103892.524499285
103820.928232721
103840.956180492
103855.814896689
103827.889789043
103692.098085092
103903.25259404
103682.610981818
103767.361876043
103957.790314654
103819.666599296
103733.266161297
103800.238268544
103887.07966305
103755.295333919
103826.838703001
103878.508859441
103695.987951101
103723.08165969
103822.714400895
103924.434723151
103837.201047646
103925.578104645
103849.322972409
103909.37502891
103940.501213393
103895.127487948
103880.630720813
104018.226846108
103813.525138338
103890.357340119
103855.54394969
103976.744442894
103853.229678669
103908.354742813
103986.660452559
103708.714565798
103768.634856353
103815.897017171
103891.750996018
103808.13653803
103977.627208101
103711.649517868
103843.638494767
103899.131772356
103824.273820635
103803.812768169
103852.519235658
103720.683077068
104000.152825033
103888.741998686
103782.944864522
103948.574406224
103812.793942164
103630.463270574
103846.949491126
103900.903348595
103799.223071042
103800.342111143
103788.899979848
103740.387522554
103749.587219116
103834.289907216
103810.620723569
103883.778577457
103866.069094501
103889.420595391
103719.622853563
103778.540819852
103816.10164079
103864.099312369
103665.776197954
103888.751380443
103861.96938697
103796.74540233
103816.001781449
104002.771788484
103818.607318604
103775.046598402
103762.187959808
103892.162926872
103842.296231188
103667.830035404
103715.240334382
103916.424692128
103855.369691844
103874.542540479
103622.100260269
103897.685605908
103823.321607294
103840.997900432
103945.964203779
103777.799495537
103674.273633162
103881.715086086
103824.043270111
103775.038435378
103811.587748206
103748.174752848
103759.677947585
103843.991757041
103938.217711743
103905.947469863
103770.307098539
103739.44957645
103619.066769181
104044.223434883
103948.550541699
103942.019807155
103795.26423092
103678.255642238
103839.132135814
103767.563629626
103812.153136499
103786.304708004
103804.960282425
103931.778496017
103698.76424745
103747.620006787
103873.353113027
103818.155836979
103850.089574269
103874.409240508
103937.294045626
103772.20564411
103828.943779869
103859.287695043
103922.759504898
103832.932099008
103857.958660858
103918.665246291
103832.868309374
103878.649190832
103793.377211436
103674.592730927
103917.038182853
103778.73933509
103864.027386019
103844.307496327
103857.580802112
103714.009745412
103761.379861764
103852.633051773
103997.51541559
103853.52686319
103681.005558332
103676.814579635
103785.974668916
103663.017743728
103775.337167837
103819.83235919
103922.204918277
103840.23287285
103951.695152486
103958.75653499
103824.180672294
103872.906524163
103921.883351106
103814.839218179
103705.654082277
103749.404041516
103714.415209765
103758.275972701
103855.119133551
103840.982892555
103938.527882554
103923.413515651
103895.353143777
103712.318611796
103630.18291707
103776.636324176
103805.439039104
103705.540377761
103799.268733761
103688.457119241
103818.770197041
103935.309798339
103814.332379727
103836.99736681
103732.945979528
103911.376518982
103818.866651774
103892.228024653
103822.682823964
103683.661550248
103850.299981129
103806.944738311
103965.347649491
103843.603252136
103876.63100665
103829.672696636
103754.523732068
103671.869451982
103890.658156015
103813.729949374
103585.614120007
103856.953705418
103789.761878306
103767.092440799
103789.038123273
103868.833327059
103834.964260546
103892.639856202
103864.345736081
103764.117567622
103996.742087875
103978.177214441
103991.937793218
103895.352511561
103816.192121486
103788.094566493
103799.145046348
103815.21879486
103653.181228662
103798.268019088
103854.845043991
103855.556051328
103739.23348635
104004.591858395
103849.586963932
103945.558642191
103836.459536534
103874.621885519
104027.401915468
103590.667590885
103875.446988294
103822.85165467
103724.673517945
103794.319549167
103927.948196714
103798.128735519
103860.155648204
103991.754302698
103835.829735866
103816.316222768
103770.815150298
103777.062166866
103897.23047365
103699.213912958
103834.909764173
103774.132115826
103856.359548614
103740.945521639
103832.239840237
103850.835165906
103793.321026918
103665.153917145
103843.908761556
103802.97792609
103727.122942179
103824.515432342
103799.705455406
103840.171942286
103925.38330947
103867.291717623
103891.088516128
103837.040536624
103918.977412967
103971.521767925
103899.819392458
103832.043311547
103823.576146024
103766.887598518
103835.381415347
103621.506872839
103978.613679391
103942.051800133
103854.08628675
103953.206244399
103816.93585809
103937.695929606
103840.835686189
103720.81479603
103681.501778317
103832.318274084
103840.585900654
103838.344515319
103632.706129514
103776.187460925
103943.67512416
103917.004097285
103915.917854947
103783.455529986
103768.713920266
103824.368430941
103595.135869732
103676.170589444
103749.680132783
103799.621508649
103863.69763869
103831.00094458
103825.973315992
103856.54898202
103699.209351394
103898.420290937
103910.90360234
103952.557354774
103818.163385837
103746.150702098
103745.681317003
103778.326663846
103855.031556043
103804.663310005
103572.274522286
103897.015436145
103856.018886676
103876.116112876
103809.123236986
103657.083255537
103773.239687293
103921.104268444
103905.400281977
103807.470593622
103947.091349086
103908.985708748
103567.955713821
103731.309358001
103804.155958118
104002.948768088
103838.052906722
103849.332178973
103731.541938876
103972.597463845
103804.967572197
103697.673950884
103747.965341468
103814.120804849
103770.61026766
103609.829833348
103968.132052778
103858.787750489
103911.770676536
103803.556089505
103747.737854633
103984.604331787
103862.752610623
103749.692390805
103719.487979384
103912.563723013
103699.030315314
103726.613034926
103703.036349637
103718.009547543
103827.359689258
103807.137076139
103867.623746939
103926.450138967
103980.889656717
103926.346251675
103968.045405581
103830.138761369
103933.375568993
103803.1213313
103839.594144629
103938.352569135
103844.170557928
103729.423760768
103800.647368057
103842.801637256
103802.023316813
103930.36581452
103834.332188076
103826.272905643
103663.30297768
103837.108778263
103842.542240762
103857.430775967
103901.804575844
103716.3348624
103731.092777133
103806.019609012
103851.709566006
103869.437601647
103912.231755182
103869.273669353
103885.937163051
103933.158642403
103797.268379017
103840.389176434
103926.034103467
103713.214039341
103888.757942923
103778.889172095
103682.741710145
103843.746011166
103758.088217454
103724.687203127
103874.559665232
103645.311514383
103788.657660386
103906.697159365
103883.616174747
103663.464997171
103910.646059531
103734.909548797
103900.738742195
103720.519086404
103887.275036008
103859.557616589
103973.612279106
103885.201344846
103746.723424465
103953.537014815
103942.134033405
103872.262408198
103902.440359577
103720.604364445
103896.178376123
103930.342950655
103928.327131677
103949.789612691
103797.248365753
103739.229729449
103885.222688137
103751.914971872
103835.922166048
103845.812877945
103730.42636918
103937.797222025
103679.112302798
103870.092054615
103928.036890935
103792.259001645
103870.81488357
103865.563156522
103793.861673231
103773.690679901
103733.276917118
103786.569367148
103872.522177126
103732.899243971
103912.072126299
103698.276030242
103831.522707424
103986.642495939
103919.94560135
103858.683462125
103775.940484643
103968.662417487
103921.850003607
103815.641687456
103956.889641144
103831.161980412
103876.24156354
103911.330796633
103655.629743011
103904.759383057
103889.641392587
103888.71017267
103828.338852262
103875.504094145
103724.938614256
103924.239126605
103776.050612503
103738.201921833
104020.563276012
103899.766690775
103686.329202905
103814.328671264
103972.734442706
103910.125326764
103727.272974677
104054.774743796
103873.951402199
103846.50738477
103572.914185862
103779.129465658
103925.282485489
103797.493449621
103799.932858656
103849.767296362
103852.595111671
103791.725904852
103801.871772122
104034.940730301
103888.519985885
103733.276156821
103900.227275325
103902.895009372
103853.309618182
103761.879826015
103978.751337048
103752.186169894
103802.1331749
103737.43047403
103723.948436401
103972.503300642
103683.901353047
103974.705273402
103763.13304806
103894.892950297
103775.843586805
103850.502248358
103726.460589134
103716.793280609
103866.309887463
103709.699397435
103802.871943821
104037.823820429
103912.042946474
103882.060365972
103840.831443209
103767.642047398
103953.838525368
103799.940456972
103963.601439682
103683.791425794
103821.189702927
103915.77262434
103837.264504431
103855.49308997
103946.339260048
103848.961640071
103736.045987734
103729.465698428
103945.511166209
103839.688477936
103881.469578471
103776.073257493
103796.349696117
103841.171233631
103653.354651862
103911.12154312
103804.271985836
103809.462873244
103864.028042208
103896.369584023
103847.021099216
103838.979359232
103823.638281829
103772.364029575
103822.067081947
103819.843063856
103771.946388001
103789.23761608
103883.92852152
103706.679509026
103851.245166459
103799.378842266
103920.491231299
103811.665560875
103768.819428517
103820.664903984
103894.115801827
103781.132850278
103805.72699271
103767.00854225
103703.531044872
103650.961965487
103887.825521232
103676.973239279
103918.669822392
103626.618430431
103966.006768204
103845.5303142
103884.585903268
103944.926585672
103788.093990737
103913.123532277
103645.260124696
103750.686860099
103704.481346928
103775.601190783
103854.69730638
103895.871367007
103700.76933308
103858.398363897
103747.635506885
103861.01613592
103811.328351455
103783.267832221
103989.01437313
103883.476232405
103746.769040227
103792.911767986
103758.044539452
103836.912059063
103906.182050827
103781.537253715
103899.110801226
103881.148944028
103813.165118373
103677.703308053
103909.906583406
103773.032473401
103789.233376712
103692.377526927
103873.696523422
103816.737672345
103809.030424437
103874.181294776
103777.306215591
103886.691109913
103872.08844361
103946.041477698
103806.209467653
103789.424066496
103745.137918729
103832.282229123
103927.406066262
103768.848870039
103812.636897252
103881.787085986
103821.658147419
103809.443472675
