103943.531588435
103885.535017915
103804.625682407
103725.21684938
103887.390500698
103888.550874304
103861.749831987
103885.163936186
103890.240350913
103844.089287534
103956.618149862
103753.080702066
103872.483741453
103962.706164235
103862.465010152
103891.135530087
103906.166621692
103779.942335283
103774.170178617
103903.087784912
103880.904877431
103954.941051583
103798.624597455
103846.461496146
103907.714979556
103901.208087677
103895.40484477
103869.805918019
103947.954354715
103784.548320989
103866.224688093
103918.365374318
103856.646183258
103970.811174965
103888.896371557
103869.090631685
103912.832377822
103789.285171055
103904.559050912
103825.553204446
103792.002446874
103774.136483293
103885.787619483
103885.647474538
103954.578184827
103831.423751394
103890.48046033
103938.449773731
103899.914243736
104006.303172357
103912.919142291
103886.564921667
103889.484320081
103902.191881683
103929.135688733
103794.700522533
103910.415860427
103904.453100324
103919.960473683
103834.084966555
103951.762139571
103916.861466704
103953.897352311
103895.530778394
103991.180025151
103887.253320662
103867.249859405
103904.55266444
103864.853800953
103919.460392954
103803.394876528
103771.499091515
103863.455309779
103882.562853483
103835.05352175
103834.093500182
103915.771975523
103935.045325867
103947.302804586
103852.458692719
103909.978192652
103861.659568488
103931.30131723
103896.457048243
103906.514999244
103835.442106763
103807.152142341
103975.507640203
103859.307076623
103838.733806843
103806.474388836
103837.184533887
103864.06127184
103778.28799749
103734.118988333
103864.498250053
103825.106343754
103891.259087876
103904.037696054
103910.012118149
103865.908976755
104029.498322154
103680.028125644
103845.80505179
103924.880495621
103945.063270734
103867.153405499
103823.415198602
103846.969387693
103894.196720713
103909.087046159
103871.893108508
103878.901650392
103944.91108902
103941.282678371
103916.724857668
103932.272330857
103857.221867367
103878.443883795
103880.013013324
103797.938471688
103851.946281401
103832.07779153
103834.094116626
103795.286192337
103826.785863858
103894.782560088
103877.070907121
103780.096642911
103813.066646825
103906.148097889
103791.113463163
103903.571885259
103950.18672405
103859.685183829
103929.732057219
103977.352314403
103839.516201467
103697.832006709
103968.426048072
103828.83662469
103864.475930483
103942.051148645
103842.52104209
103921.933883343
103837.941977065
103933.821151493
103904.299225889
103871.821610486
103820.747060483
103902.857242167
103918.504144955
103991.881276181
103910.787408711
103890.206106332
103914.463640997
103925.83978572
103889.161519723
103803.229238137
103865.422773467
103911.771981247
103887.57841626
103793.693445705
103815.957394982
103917.857903599
103835.255512914
103898.005718466
103908.276755521
103912.912648827
103898.110355731
103818.053835311
103957.89547006
103914.905056904
103873.617075806
103988.26390124
103856.572367304
103993.520173827
103934.712476442
103901.247674379
103798.858964122
103805.769142299
103931.976279255
103814.477240654
103858.241638366
103853.545552417
103857.705399638
103891.646390809
103928.592347304
103772.129846466
103975.568732413
103777.34971023
103898.624595662
103938.657288681
103986.849514873
103836.483545435
103827.788275526
103752.752975543
103826.439529124
103871.849582016
103951.46124131
103847.794765725
103768.426988458
103853.478744315
103841.50381965
103879.37171554
103946.61913792
103891.13721607
103818.585230446
103785.580210725
103865.751532501
103824.721444578
103953.357516852
103921.406184309
103891.71994192
103971.028359035
103857.461573552
103912.002308545
103834.461201176
103877.639670725
103912.327717997
103773.160384783
103902.07747809
103796.100598173
103844.272374119
103895.156744787
103936.15067582
103862.250169006
103882.613564364
103944.808437174
103925.054672396
103984.838266229
103865.854642023
103863.910735388
103941.241427952
103887.698170918
103814.589615718
103893.146897066
103963.979885737
103961.008401994
103950.027919425
103891.476928586
103666.176845845
103849.856431238
103894.392555976
103752.124827004
103880.561374657
103799.293324406
103878.263334227
103872.18060336
103894.200166402
103952.208257017
103801.627166765
103877.465050033
103905.617225366
103831.13255166
103884.885409953
103847.272957563
103713.03283985
103909.462607802
103864.875379541
103942.442046374
103926.349174697
103915.899884478
103784.257754853
103808.792444002
103855.65793649
103874.060689344
104025.123833681
103931.750562789
103854.668865988
103804.310554714
103943.511438216
103789.469295044
103904.254867795
103884.048050933
103960.831200398
103947.674301308
103867.118898109
103963.219661801
103836.037596463
103998.188215495
103865.829499907
103848.759866127
103941.85842368
103818.158771914
103869.240227871
103911.607090195
103905.898938934
103870.973630629
103722.122670829
103835.079337112
103867.481818356
103971.154529965
103872.321711864
103830.807329604
103923.75054511
103904.33964473
103949.576698172
103907.231844699
103877.474033183
103851.333341903
103834.017815259
103943.634563419
103935.930595604
103953.652451062
103936.646804436
103937.391479689
103938.391424582
103919.36671913
103889.784626927
103866.679559233
103933.986247453
103934.713558315
103764.656694068
103837.193907827
103894.179429133
103930.949259855
103871.789104822
103972.726582126
103876.21644995
103896.744534428
103823.44984921
103972.066460433
103833.862982222
103822.111065866
103862.808511707
103863.517661404
104015.251371301
103895.920758919
103791.283600546
103880.638830703
103838.940876042
103892.626641054
103865.339772851
103840.566544526
103874.632818552
103940.3020382
103958.936191675
103898.849639059
103783.03208155
103955.96527771
103979.949747473
103895.436642457
103875.185189137
103825.393558686
103902.057298559
103842.367108054
104010.21084289
103929.050948167
103955.760121557
103925.523437741
103788.212449914
103819.550533704
103816.988679565
103893.922826607
103855.380384388
103870.811818062
103901.73411239
103847.656415966
103802.337954432
103914.358546723
103911.619490031
103952.650327368
103841.100280575
103847.086421892
103853.277567171
103933.750927989
103857.365902425
103868.774819761
103801.723019483
103878.943918095
103760.880296045
103868.942340047
103856.04298551
103992.099760579
103861.12348034
103934.848251913
103887.324955249
103740.156029778
103783.570096485
103978.631657773
103848.409009766
103828.394761717
103969.950143118
103906.466068097
103941.61645899
103873.076174363
104002.445450537
103908.160862069
103809.025402359
103751.862136848
103943.116776298
103912.250171683
103885.550787753
103818.275569306
103951.489023484
103877.909803354
103984.308831934
103865.919442722
103873.577764801
103984.518239294
103920.521185394
103869.179587703
103886.934465454
103950.523388672
103926.697617361
103792.216318269
103919.704726466
103952.543796514
103673.595756274
103905.781628907
103889.58591204
103903.059249449
103929.878996465
103842.122531433
103847.878191914
103846.757210638
103950.658584771
103911.365943797
103872.585595488
103852.97102759
103901.5565248
103979.199389155
103841.385533916
103858.368030731
103858.755158679
103869.827871026
103913.09904091
103803.755452541
103771.471127157
103706.206285549
103985.442665534
104026.711076021
103866.500016574
103931.876143892
103751.955637966
103923.189018211
103852.12072883
103879.225214474
103916.65414876
103925.988882954
103929.147433085
103965.804498225
103780.842742116
103875.231453862
103790.39819227
103863.824000161
103836.051402008
103843.591536036
103781.034378907
103769.744653161
103840.454261145
103910.1797829
103851.487393848
103866.666741278
103954.117787602
103893.849988694
103976.012314007
103786.762905541
103798.257549965
103864.176874903
103806.682946875
103917.4817874
103966.887776149
103765.437338275
103869.35740789
103821.281657214
103823.142640626
103914.644602245
103840.918637802
103808.451255222
103874.447755103
103919.241334942
103865.854909523
103909.63849462
103919.886860501
103802.08488618
103874.936199779
103872.630302767
103897.734409508
103844.379220672
103668.526935479
103934.483131456
103962.692488209
103754.292813865
103881.383151833
103876.494765286
103878.186725411
103906.791020891
103878.459216915
103868.105517077
103847.941296272
103820.794994275
103917.369644922
103956.278491735
103985.919769503
103881.647874515
103911.542162358
103873.0090934
103921.576364482
103727.826771125
103933.579670285
103803.119919802
103930.252124816
103895.287804384
103817.200601378
103898.575563711
103848.657724904
103967.360588982
103893.107631883
103823.199971369
103795.167472728
103918.61968927
103878.417011232
103970.246339697
103973.26851724
103887.296429565
103875.124799581
103891.002072957
103889.233351883
103834.640509447
103892.579929877
103779.22480983
103828.141049567
103985.438687882
103937.438104275
103885.62170472
103801.072877978
103948.493890603
103751.405849021
103922.464162478
103870.991416695
103895.85036252
103828.205002531
103749.944755238
103867.643671951
103888.382706602
103960.343184176
103810.159347593
103917.264109269
103864.351799997
103886.0647878
103935.05395101
103839.438505951
103925.07296623
103939.711768904
103911.859277342
103683.171793401
103951.157671929
103858.996779858
103927.939790176
103915.499256857
103863.927957578
103905.872121152
103882.460887485
103801.073820651
103882.065521893
103905.51790662
103935.107694256
103812.729400604
103890.21354494
103766.406894621
103981.506913852
103903.786605979
103841.730962631
103911.962053407
103774.841350534
103882.15492807
103862.772873963
103887.792956864
103954.669795119
103924.100367463
103871.25804964
103778.241367888
103959.937790037
103853.893731634
103839.041319765
103950.209252341
103884.835402431
103820.469113386
103758.532812889
103899.045525698
103898.494706721
103824.479121356
103921.439972168
103957.187117195
103984.395832853
103882.209217762
103879.697233746
103833.748056725
103995.595463421
103917.070238888
103926.773928936
103789.136543704
103923.477407754
103859.220260823
103793.049428021
103957.194849906
103790.035639904
103820.940235551
103847.047557714
103986.187787851
103950.685518613
103825.753231997
103972.501769426
103816.444071322
103842.576034081
103913.594391154
103797.404500355
103905.013104026
103884.644784233
103982.105772314
103823.827165489
103911.650573235
103908.147466127
103835.780005379
103852.662546255
103849.156851677
103829.766000614
103896.436689902
103818.630520553
103899.180509243
103832.672721282
103798.659628494
103830.32227809
103854.607049403
103865.642906096
103824.971170376
103872.426959444
103921.745568472
103805.853175795
103863.980753951
103799.188008863
103800.218116507
103857.967238948
103905.94065238
103929.107149715
103829.886224056
103944.480473328
103822.643419121
103894.968414738
103956.203995048
103903.249355918
103890.721172457
103937.486511459
103851.303209356
103956.685970797
103786.051622548
103930.376811477
103850.940902332
103876.081269863
103913.96020718
103918.842394164
103863.309222532
103754.064515251
103963.193588051
103835.397093789
103888.632620735
103901.44173434
103894.487650227
103921.987843622
103816.075497877
103937.499822312
103789.188540877
104026.317765823
103765.206516519
103899.940650462
103964.618440502
103819.086826913
103835.053484269
103897.583446443
103718.166073741
103823.267307812
103848.207813374
103739.887306376
103789.317340546
103814.577490588
103896.94676507
103804.233972971
103769.517249001
103914.38649056
103910.092688348
103783.891917966
103835.992117226
103902.536109763
103873.090162554
103849.378013333
103940.90872452
103906.752963435
103843.641548427
103775.906644789
103918.343578944
103910.50066839
103828.265932647
103824.45039098
103875.112180294
103850.192061817
103792.990505883
103850.67911154
103908.608415621
103833.326794947
103924.3178929
103880.188444414
103900.519400242
103878.514510744
103868.553902425
103881.376638791
103840.977909949
103999.430252133
103846.309150266
103742.163378891
103885.39575124
103845.713736772
103797.649674339
103816.364467305
103847.715273578
103831.329531853
103919.134384233
103865.889004785
103738.377987418
103792.87066228
103806.53126146
103815.435165894
103943.957733715
103803.67732173
103874.516452509
103885.752022908
103866.636180871
103931.964973701
103888.523059984
103946.600678333
103767.024347644
103892.494035075
103740.997847122
103795.7134939
103844.720389564
103940.878757488
103819.772711358
103863.498448385
103863.4557501
103971.636939279
103869.153919091
103855.293896021
103822.069988938
103831.547118488
103770.947950469
103923.235079318
103940.47834968
103912.171209146
103870.126470739
103849.560699069
103828.043516455
103868.398708701
103892.740106019
103967.571771963
104014.312579038
103908.548571797
103964.848287729
103961.543889281
103890.538533
103841.117920154
103766.440300358
103943.88704259
103875.22759569
103890.172970942
103883.519718621
103869.600155176
103897.983608158
103889.032231505
103842.29305549
103816.80307309
103934.044580094
103897.682816134
103947.715068463
103818.217714981
103908.692526367
103776.240271311
103789.935648357
103920.623853366
103944.191297161
103911.398464658
103861.314893259
103817.348574087
103898.677829954
103834.245005811
103871.612619837
103903.926579183
103843.973300103
103768.16721772
103937.719122013
103895.100353865
103868.478446647
103950.06639326
103850.902683291
103795.130197735
103866.039717962
103840.354321031
103873.498775099
103955.694871718
103835.879357206
103942.56629951
103881.21977152
104093.108406005
103870.532326475
103970.278230522
103876.14199818
103887.241419464
103880.790748414
103918.200168296
103895.676733163
103969.172811154
103907.958429991
103925.825861874
103871.071314085
103923.71020208
103869.863047224
103844.440743856
103993.782165438
103679.487606994
103992.101755453
103963.315958583
103887.143049685
103933.331393635
103883.840561111
103980.905360159
103857.025924153
103890.037461712
103852.139827576
103780.658532614
103946.036819233
103933.786721958
103979.872121702
103901.700757911
103896.057676815
103903.825179352
103889.366311665
103943.288036828
103868.577509397
103912.42375974
103976.633473467
103856.196613475
103905.264106974
103915.828336534
104013.315900693
103804.126375002
103905.747755763
103845.103348458
104027.590894779
103957.245245161
103931.009718404
103873.255946354
103835.302288948
103925.362538057
103849.032377498
103935.989893217
103894.426906591
103760.875737283
103862.88815426
103814.458165948
103935.043064231
103846.877147134
103854.750208894
103893.325481781
103851.160262323
103871.7599726
103860.660928708
103894.976986447
103867.375371621
103850.257949181
103919.795128591
103810.727823256
103972.865146741
103878.877840166
103975.943012847
103857.322288858
104055.618793603
103893.428361121
103944.974161106
103927.567473901
103796.047023093
103951.102191278
103823.525138076
103752.112199151
103856.994961062
103736.314269628
103836.67279701
103965.299990094
103952.114846321
103886.101885317
103940.70571572
103798.49940846
103953.183563896
103889.435286743
103797.726085708
103918.463392594
103947.238583063
103992.225811249
103877.706427052
103885.414123182
103854.885638732
103978.354713688
103693.920869736
103874.824546266
103860.481741032
103944.324575518
103924.767901234
103947.037446549
103902.180898742
103923.655553162
103810.901787974
103877.423879024
103808.648097279
103924.65994765
103830.739560501
103926.599025961
103810.424208314
103851.393462118
103851.158771372
103907.136735513
103955.956634868
103892.040303159
103866.44443729
103730.570060899
104004.634593276
103862.712636025
103889.873003253
103865.708120535
103872.550360593
103902.987742676
103871.617613874
103962.394739961
103910.286055085
103881.884520074
103810.577256425
103885.10847234
103916.505395226
103863.829379029
103863.565593377
103969.996313952
103787.778973486
103872.746539178
103871.215007051
103879.923675577
103884.267434225
103861.674915108
103842.88685109
103998.65912554
103953.900364086
103828.554334928
103929.717284328
103901.325826334
103745.937880404
103754.051731812
103793.708533035
103798.593337719
103927.275970376
103862.363875424
103850.029896978
103861.913125082
103852.037232838
103892.64978599
103797.043834504
103949.710267629
103899.746212526
103926.295972394
103801.922641519
103885.940347572
103861.410451089
103883.780136099
103972.499511686
103847.634638256
103832.917321715
103764.342981515
103760.845245645
103828.96344621
103893.817246837
103812.290617665
103832.964715844
103934.90545561
103888.249236559
103888.205209228
103846.692349364
103889.980438866
103791.838713151
103847.55343864
103928.158786618
103824.777873187
103815.563257244
103783.062316968
103904.038805715
103853.017216341
103830.572654147
104007.161916519
103974.597711209
103857.921608824
103902.319138838
103872.333920404
103798.997385474
103833.865592724
103939.180250876
