103846.131192995
103802.550738211
103837.751651328
103820.803964335
103870.989228917
103814.023584004
103858.475484702
103844.889738033
103818.357856058
103806.949548211
103822.241816113
103839.02595593
103804.691900769
103806.571499089
103809.52774419
103867.144094433
103824.987845598
103827.58296055
103823.794013369
103852.518273205
103818.201503262
103832.65318963
103822.490703711
103850.331644338
103878.829790617
103853.300946551
103816.591913829
103853.416265495
103812.926980654
103804.653948109
103844.436366013
103822.087212609
103871.893132344
103825.536955643
103863.840523021
103773.704614925
103796.905571296
103822.066762158
103789.513683361
103841.476926682
103823.078594186
103823.215430402
103820.355552312
103796.816242173
103854.444002645
103821.80536782
103825.616480693
103838.877966212
103822.724286064
103823.520401394
103831.317981918
103816.648352512
103820.50269699
103799.505261518
103827.173210962
103808.985829477
103866.869936689
103840.426471007
103773.862127512
103837.461136704
103839.187734838
103782.7696194
103849.896029608
103797.372582527
103822.509370072
103835.409593939
103790.677474422
103841.190125614
103798.195671373
103783.882524638
103830.307155848
103856.973262819
103882.583821709
103828.669905314
103860.606826463
103801.124002679
103827.799925171
103807.089062795
103816.538931723
103788.978933491
103818.007470754
103832.235706873
103812.778574301
103822.204855003
103862.0203243
103817.021132672
103794.669443891
103843.406690199
103851.133113355
103848.479911112
103833.880933378
103803.484227516
103849.88955903
103866.366662986
103794.114330243
103804.765947774
103816.56480033
103829.200688412
103823.431843551
103816.603231841
103785.235331606
103842.72806273
103778.990814894
103844.488946534
103838.761615975
103827.928721768
103801.849002844
103854.288745972
103843.297864091
103875.841855744
103822.521555715
103802.071222735
103817.850430685
103806.529580333
103817.053817789
103826.27080214
103826.177133522
103838.487786025
103866.515704287
103854.553077684
103860.296233478
103833.265117169
103826.984846984
103825.461628083
103843.796850745
103813.659333121
103859.767281669
103836.438601338
103815.042213895
103814.976325369
103822.447218415
103849.356174141
103804.267547226
103814.565894877
103813.930099338
103816.869963095
103823.806076518
103794.911871738
103842.594863516
103847.487193079
103817.22472036
103834.945408416
103866.02512149
103862.849222201
103823.142321766
103823.945006762
103856.014738778
103812.077217674
103808.643480547
103839.503460692
103816.00978852
103822.965062318
103828.878362877
103795.785515121
103839.636526851
103840.41577787
103833.31030561
103791.7689942
103864.053164492
103826.00767169
103848.757768859
103833.426947259
103844.540750207
103820.982643061
103853.546634228
103849.462900462
103877.354547132
103790.659446739
103839.161689159
103815.109276035
103804.875670969
103827.96942098
103806.152980832
103839.135297554
103812.120505442
103805.433228712
103778.667721608
103818.953541055
103871.54829208
103851.727904851
103807.881346975
103786.346879566
103846.924519054
103807.794535164
103806.309960663
103772.245094211
103799.342897614
103783.566524457
103866.429525108
103835.328097945
103847.629725913
103849.641695742
103820.553713742
103847.68543093
103835.319859393
103839.957047701
103806.473126583
103825.054126328
103809.178895522
103799.793366557
103809.795094964
103828.890332694
103801.997921228
103806.614883389
103845.645863379
103796.189612659
103846.019133602
103860.582059424
103842.598355336
103858.027882578
103870.74860941
103827.718578673
103840.734005925
103830.010012581
103839.867454103
103836.785874307
103802.950829136
103855.251140333
103834.478949542
103848.18977389
103815.42271997
103857.75470271
103826.128563264
103831.798833788
103815.765297925
103813.827805811
103811.772569817
103784.96628267
103773.370179949
103841.17725778
103835.125861705
103826.558108115
103835.693462859
103817.147333321
103877.223085449
103852.968388744
103854.843052586
103804.435701174
103797.326857189
103848.074727416
103864.014671382
103835.261108993
103831.362877235
103838.987134952
103867.181840131
103834.452891613
103839.884837915
103831.363471405
103806.559179099
103839.49647648
103837.143695164
103808.811406933
103793.027699361
103828.146457751
103818.816807012
103799.028488313
103833.878912368
103832.734683369
103825.64024546
103809.439770647
103814.420899106
103843.153024964
103830.307010742
103843.193178204
103804.901624454
103832.538475895
103804.21022945
103826.934640183
103803.589105392
103829.752592627
103815.422622862
103765.196879322
103827.850395953
103859.056437731
103838.979480676
103873.149204373
103875.208250705
103821.939133018
103837.318979752
103841.136768017
103813.489869313
103824.25230493
103854.284723365
103833.924420659
103767.310553802
103837.624141964
103827.403382418
103845.583804178
103822.490486633
103788.322408402
103846.854088628
103805.54785897
103798.175720603
103790.301411448
103797.851831619
103858.484106147
103814.073914667
103759.113517308
103819.961901994
103835.254029376
103835.94289318
103788.637779751
103827.244326884
103830.438379172
103844.257330726
103809.704825564
103851.428904948
103846.461706418
103838.786601862
103831.362730509
103831.62923357
103849.663258507
103862.342774663
103862.861836664
103764.956520663
103819.076447793
103825.555969196
103817.001203183
103822.718530416
103806.41069711
103822.805798693
103835.727275225
103855.313828267
103830.429351626
103830.888346605
103796.512774604
103855.354539717
103845.759846099
103824.745711735
103776.842088855
103814.621158193
103784.133956868
103814.272555938
103817.479302529
103811.508356475
103878.793649137
103819.609274958
103834.045776385
103820.619729011
103847.048693531
103798.03571109
103852.421090979
103815.285813844
103848.363789264
103796.565005576
103845.763774446
103820.435683348
103837.971743852
103799.798929538
103792.406002202
103854.144892458
103806.073733533
103774.280140681
103837.17502108
103869.348758093
103806.592158066
103809.30367599
103879.903512278
103794.043856223
103813.790099711
103824.323692587
103812.445606476
103857.835349948
103824.960459772
103797.942937387
103806.029012777
103821.320184419
103815.228665768
103795.145998589
103808.408362878
103840.724925962
103813.073608572
103860.269076192
103849.796902211
103852.93229378
103853.895612067
103834.918055819
103823.24513239
103806.182873693
103849.024020425
103847.723331617
103794.9944416
103808.454046281
103807.921576475
103806.986754957
103865.916772488
103825.284244794
103834.326159684
103830.690427874
103844.097878201
103815.969865555
103814.031614347
103808.175910321
103780.82436597
103830.844897694
103812.623645186
103802.562001543
103828.583972598
103839.706818873
103830.094038872
103808.945181783
103836.243765856
103802.742931187
103824.562527568
103817.372090768
103812.863753019
103856.283704217
103839.610518826
103838.675873279
103797.496061975
103824.279815712
103846.858090307
103865.660203397
103802.096576606
103849.149904522
103818.344464191
103842.029861435
103837.694819164
103841.251388544
103814.052122517
103781.323935667
103838.475503475
103828.737273041
103820.416250642
103800.880248295
103830.795240176
103826.442671885
103837.673135184
103831.400333306
103835.895359903
103835.195343761
103852.980919944
103836.530992847
103815.00452149
103848.963345823
103804.362743375
103853.123059445
103845.709697708
103796.45604659
103814.453894399
103804.089408819
103841.825945923
103825.494887687
103821.545576759
103857.039974188
103811.101960844
103856.595622499
103813.226668797
103772.500469663
103831.014862946
103840.198006935
103834.280040732
103840.99402385
103893.215617521
103838.690720903
103819.206663712
103834.627619518
103824.252843947
103836.481119331
103835.52520454
103795.943755885
103831.997822956
103835.772977373
103830.72689982
103793.740604787
103836.936451692
103805.885184243
103817.926868889
103811.015762145
103850.883714051
103845.090444362
103847.708354606
103877.883245635
103859.849048708
103780.871625664
103839.470555772
103820.465789451
103823.49338051
103776.277444684
103811.400521964
103813.351087461
103825.986208041
103830.53826559
103788.755997843
103801.142612461
103864.481423136
103858.061050584
103820.51015782
103819.998978967
103817.482118785
103868.580661092
103864.193010978
103818.629559005
103823.751705249
103824.151207263
103827.919484379
103785.716691937
103843.773723105
103813.06011976
103787.430859373
103808.325270729
103796.841791907
103791.417798938
103826.873396383
103812.14731082
103823.17053644
103850.616351055
103830.110117119
103815.264124142
103796.371840621
103867.775982611
103818.552549657
103833.916805619
103823.430196937
103827.377373136
103813.917545336
103788.775211105
103836.229682185
103818.702104481
103836.936180686
103825.196916727
103816.57171242
103855.143073668
103832.365275563
103859.38375726
103869.785363297
103838.136989822
103829.246832342
103829.622118302
103837.617741149
103830.514745407
103856.394316812
103852.193943611
103820.244428518
103853.40916254
103843.533773514
103848.75348337
103814.509350386
103811.623258232
103840.297523157
103858.102674073
103791.080177924
103802.898869258
103771.500340459
103782.073068064
103830.694848906
103830.539806102
103812.37748726
103817.655694337
103818.920310534
103840.94460265
103818.191838828
103871.262307014
103834.200863166
103798.826637289
103824.144515927
103804.757112715
103844.00221144
103813.482437433
103853.821109619
103823.88669323
103859.156360015
103789.995805217
103822.478190176
103806.772851443
103870.746282994
103843.127759723
103815.255427379
103857.151682703
103803.280438303
103857.235418938
103809.735996355
103828.269320824
103798.148049312
103818.673341305
103829.49711891
103819.358390669
103831.862872279
103784.464438571
103830.981070429
103826.572954213
103829.975108672
103832.362681266
103858.954420131
103816.205560282
103820.710686445
103872.768912775
103819.366339771
103829.55391142
103816.671327624
103816.18669513
103814.15219033
103815.251619285
103819.417414823
103803.906637717
103862.690399102
103840.472931039
103815.46423024
103826.837510434
103826.950276958
103844.001863079
103806.737696804
103825.443502585
103813.141731243
103802.216330324
103806.092102894
103823.905502802
103816.612384822
103844.196930142
103806.031667442
103838.044791157
103846.729168085
103786.310477587
103838.165809597
103818.658961714
103811.824081447
103820.291980561
103814.55061012
103855.712837312
103808.719604627
103835.39133084
103840.94854139
103868.331309444
103851.545136194
103861.779559192
103773.838228965
103839.177214166
103810.454256259
103843.740536392
103828.068894224
103822.402417329
103818.820405248
103865.233509426
103833.580564378
103841.425136473
103798.662124557
103819.203963152
103811.537253978
103818.077687507
103825.412669873
103827.92561524
103818.03266163
103853.300619273
103809.904022063
103835.541515509
103795.291458614
103857.171014027
103856.661078996
103837.596676119
103827.846511022
103838.169973014
103853.689970615
103822.099150693
103823.369876708
103815.36939901
103834.060869952
103871.997849647
103811.880196542
103807.821935279
103811.703113752
103824.774538581
103805.454407825
103844.381834511
103848.097185121
103871.8929163
103838.115132844
103800.972263404
103798.447445616
103831.477899043
103816.567282105
103815.329457278
103819.096233455
103820.488863729
103853.384523289
103814.840094368
103841.465255577
103821.292620966
103830.619423069
103785.049003921
103841.292733789
103811.573001956
103863.868727715
103838.515154997
103839.901756436
103817.127113301
103803.730460186
103789.344828047
103832.196578861
103834.728262441
103836.293033044
103805.710883968
103804.609869756
103845.504940493
103818.485392827
103862.769475543
103799.467232868
103822.832369375
103814.108486611
103836.333142294
103808.401159546
103842.118144729
103793.61797857
103816.114740191
103846.310254038
103806.702598735
103802.930369133
103829.672125705
103839.324943883
103793.94053508
103782.647566876
103836.973788708
103817.612578296
103824.237213157
103784.417590227
103818.380110635
103788.771582879
103830.649517822
103826.980303274
103864.628014445
103791.736713392
103780.308699067
103832.521733492
103820.783303866
103813.910219145
103813.598619854
103803.427095826
103823.944501928
103837.318170382
103837.170385185
103810.710245362
103843.64601627
103807.196995477
103828.31536775
103853.999586841
103854.793557331
103818.896977305
103841.466825269
103834.426694908
103805.027752219
103828.873105402
103862.456545086
103848.383527818
103848.818892685
103814.105820248
103841.076299537
103812.335237338
103796.207693187
103837.789314781
103803.63157986
103829.443771724
103807.006263277
103830.123271592
103832.594585671
103798.473274486
103841.095153271
103827.847147356
103816.629115706
103837.283786567
103823.027852004
103829.88430745
103821.642192016
103799.809397355
103825.288288507
103836.652320055
103825.565651249
103845.81403735
103805.903223406
103804.066319041
103855.506294762
103808.692890892
103828.173522659
103841.053281216
103855.648569012
103844.498629675
103827.311392386
103837.652073642
103843.044793782
103830.663716654
103780.469520477
103829.695509052
103836.436877811
103867.88760109
103840.83683978
103822.171203266
103818.426906728
103828.393946875
103809.064687979
103851.222910286
103829.258893308
103779.659066722
103816.740136731
103855.161787315
103841.737100985
103789.418506294
103841.495105487
103825.994316594
103821.238466674
103854.681781733
103831.760195054
103824.473788373
103844.007696015
103804.925487095
103820.48336901
103814.256591028
103853.824643155
103831.377869858
103815.233292205
103843.594829369
103824.64435608
103840.270740546
103856.225286993
103846.818460342
103847.267586893
103849.289376362
103854.564970417
103811.136977888
103818.888842149
103855.169502831
103836.581753474
103818.942109721
103811.232122263
103808.752663326
103812.453715219
103834.677691108
103848.760024402
103789.136635525
103821.680978051
103815.154962889
103834.656758371
103816.482196602
103812.706826656
103818.816732945
103871.528487048
103830.487422162
103821.628821855
103858.546482469
103865.069753779
103825.38160969
103852.754382795
103838.710852744
103852.109772771
103816.711655236
103832.976032484
103861.346761054
103817.797741323
103808.709709604
103825.395508773
103807.911419119
103844.011292388
103762.890450766
103833.605745451
103802.074553346
103834.069628731
103811.973734927
103830.811184195
103830.447264294
103828.425873029
103854.953517676
103822.023965804
103843.734355203
103821.45084715
103844.207447417
103837.162887418
103839.421088772
103824.243355405
103800.515702066
103797.583272435
103841.763175783
103845.533217129
103832.500235902
103829.108135707
103830.75870138
103839.424524755
103806.045673415
103834.666929198
103833.872623097
103828.561406889
103861.561289878
103800.447755122
103810.388358271
103825.477823982
103807.27620177
103796.892235562
103820.803951562
103818.673356203
103803.433423885
103811.833654743
103819.496294833
103821.624461752
103824.645537342
103801.918207941
103789.26930735
103812.203844087
103834.682421067
103795.981180945
103843.844134272
103772.971520003
103848.254941907
103854.824543832
103853.540926686
103844.702600575
103796.924092658
103830.712308896
103798.728205866
103802.458943512
103826.293773243
103824.225931428
103774.850932804
103837.064352784
103795.570396071
103867.977400187
103807.045605709
103798.190934926
103819.027586734
103814.101194714
103844.114490088
103864.906815834
103825.952310412
103789.369997733
103805.707144406
103804.041905402
103838.078254502
103839.124652699
103821.907729631
103840.35465572
103831.488704152
103839.242000838
103838.115081583
103837.68834686
103804.271297318
103807.652885272
103826.732173903
103828.794400452
103843.826605094
103834.442128385
103840.823301281
103837.381959283
103838.880547383
103824.546928607
103794.962938787
103866.92587034
103823.090599647
103872.79631708
103804.528317814
103852.219028477
103805.655895817
103824.926427607
103830.750627037
103811.697591439
103828.85777968
103818.871660751
103855.699401516
103843.958417943
103848.800745333
103832.568446385
103837.23912064
103808.935859674
103776.186052137
103863.791715076
103812.581063288
103877.618863862
103802.135346892
103820.97484407
103833.015752924
103859.232698165
103838.984569127
103816.675986384
103809.571062901
103786.636718364
103833.592844312
103825.877769062
103836.087754224
103808.658769743
103847.585139768
103852.736069607
103843.052784282
103797.428003839
103860.165870798
103825.34727622
103798.868819816
103820.313767616
103825.207261319
103823.031655203
103850.371690408
103833.57189244
103798.856638621
103817.273863612
103804.364628922
103843.688047416
103870.546691615
103801.959759297
103818.178831407
103831.281802451
103843.068289258
103840.439167542
103791.621577476
103826.302595161
103850.648501219
103802.423448688
103804.869069456
