103772.702974465
103777.858992642
103806.366913878
103814.819428102
103737.262618841
103841.849814101
103829.641838213
103852.945184039
103802.273613763
103835.167944627
103789.539563128
103841.259043669
103811.598657065
103739.246539877
103847.897639557
103824.573357798
103833.164223044
103755.233801012
103826.464841697
103796.66147316
103832.195012045
103854.705899483
103869.097266468
103804.851055105
103786.2093584
103832.910383768
103841.37750557
103811.501541546
103813.140097433
103716.987753802
103811.506223081
103808.113447198
103839.998524476
103770.785967551
103879.762621618
103836.148746836
103801.362419039
103832.148199083
103836.22462345
103788.510932662
103809.500935071
103807.432831945
103767.985162431
103858.462813385
103745.390058889
103793.604728443
103835.832665872
103823.990760287
103847.804105687
103809.912698345
103786.17352729
103830.629499378
103818.777930864
103781.258467333
103821.891115069
103768.034811425
103810.699209367
103837.415516705
103796.920868191
103732.399276496
103823.514194015
103766.525817988
103821.251115693
103849.597018721
103776.012909799
103767.400765735
103793.445000014
103825.050664106
103813.304935055
103767.764095644
103780.796622608
103785.616791234
103827.090008582
103774.508298808
103786.550328903
103761.484467807
103798.673321787
103869.559869155
103836.437703011
103848.383687628
103795.806121633
103768.460125126
103837.090725391
103847.754713389
103802.035023506
103798.894619261
103817.379279894
103784.454944135
103856.911462293
103830.32826463
103812.576665984
103823.328787631
103788.070946042
103815.415692535
103816.337371808
103805.226301684
103829.536350675
103759.092008158
103859.549016991
103791.182706645
103835.298619829
103840.162100778
103840.9394538
103881.414082702
103770.415452466
103822.374619642
103787.040181157
103746.613279076
103848.662022245
103733.459626966
103856.7243338
103799.991760201
103788.820112487
103827.248232274
103793.090705779
103865.939858363
103811.250861497
103848.035860778
103851.882074103
103819.198976757
103810.948774679
103823.99453176
103810.586867407
103813.20460382
103792.249209192
103817.618250804
103796.051883325
103826.04497344
103771.539490229
103758.852893926
103766.25849476
103812.373966529
103818.379368133
103822.057414756
103787.584094046
103777.471711281
103841.321223039
103774.25934325
103851.099899396
103789.409843789
103796.921672495
103815.415743163
103838.977185957
103851.173437634
103830.414173481
103865.367451857
103844.833301644
103814.398805419
103785.052643352
103774.007885782
103798.490098957
103867.697579621
103789.836334667
103816.548072794
103867.42640669
103784.405494184
103872.006997826
103782.639862802
103777.051565348
103852.869334155
103828.483619704
103852.12854173
103812.534118949
103829.543034082
103849.982172531
103820.891619876
103816.074431022
103836.168238472
103810.013052609
103757.444264319
103737.106257898
103790.820071078
103781.663491158
103832.0267741
103785.26739855
103759.127965971
103815.836003601
103801.313671415
103787.307295156
103831.227224415
103813.777533238
103839.569332926
103819.658946795
103827.867089935
103772.566045696
103773.502515581
103809.777575466
103891.33571704
103834.809482744
103818.405508408
103858.560927569
103805.770726896
103785.723157441
103788.053055402
103843.857271709
103803.618670402
103783.842119743
103863.835742132
103822.136117824
103803.898698749
103771.504572612
103816.849532911
103795.50635102
103827.589289874
103819.183322921
103796.789821534
103805.170201712
103723.467872136
103766.072209147
103762.091950476
103758.216853218
103833.933716856
103846.701673292
103746.512712176
103814.469967074
103851.324825935
103745.952096089
103850.312561398
103876.128485751
103790.151603386
103794.064714037
103792.624356211
103797.521376404
103855.591877485
103786.341296767
103816.338548521
103801.392805923
103814.107216931
103822.793981933
103807.793625288
103816.382983362
103772.671459475
103804.722435846
103851.479333893
103762.715239859
103794.98620129
103871.445816418
103805.920669034
103811.704945402
103794.453454807
103788.506683842
103808.916925477
103868.061847546
103841.028669504
103798.411751476
103812.344192061
103818.066774387
103778.76607324
103815.330469511
103841.529921883
103791.720723925
103780.193467327
103801.751533348
103863.502822661
103827.512856549
103842.837567481
103794.957695134
103829.173009863
103788.959079134
103845.714699114
103781.92637692
103780.679728386
103731.80287214
103829.902363527
103786.223584894
103801.681860433
103848.301175047
103811.847921816
103823.046329692
103775.424932106
103870.895670993
103789.148326758
103861.914826094
103822.709894584
103811.058426726
103807.79893265
103815.99484043
103754.153396677
103805.468306975
103829.068753892
103874.009282806
103840.19629151
103801.133454226
103818.665984166
103767.201346003
103781.615605466
103823.752989257
103783.656553703
103801.804984355
103888.220827549
103836.666214872
103844.51353707
103827.63480404
103841.940425797
103821.742430366
103766.834411707
103801.901957963
103786.052446449
103820.401153049
103814.876558101
103746.743696971
103809.201740482
103762.104824018
103827.154583895
103782.772790185
103838.183388357
103804.97388007
103790.182357657
103773.689882448
103875.992595189
103810.625490165
103780.257956656
103758.512037712
103817.578678431
103821.753611267
103871.606141442
103759.980400774
103805.47645456
103789.831809999
103783.094974423
103792.547504224
103845.692478671
103853.510595393
103791.70446539
103811.734050493
103860.329860336
103801.599533464
103802.075967423
103837.691397227
103828.680652016
103810.547427977
103877.283152182
103808.350507581
103807.752228023
103835.301641269
103832.009638637
103783.378386227
103788.470334336
103810.563926306
103815.242475417
103842.958916101
103881.982512575
103834.027452165
103813.165768777
103757.574844652
103810.492619512
103796.263950263
103810.461919305
103852.96904294
103860.008131992
103839.536867038
103741.930440141
103780.597779322
103769.839194415
103826.119379491
103801.371720187
103848.393837952
103826.337016716
103798.683031451
103842.657523124
103840.623827178
103766.122266814
103790.453706389
103785.516720788
103741.266715931
103783.783137969
103841.500826977
103800.956598514
103868.813367312
103721.686199132
103819.045290416
103847.40465083
103867.897349316
103793.955262489
103847.906141867
103817.188386404
103793.71873716
103788.26007857
103833.415794769
103815.297162787
103835.976269262
103850.237796785
103781.884082451
103828.900286588
103776.339020227
103827.997389687
103740.228911381
103803.203796931
103853.447315728
103866.337424953
103782.948945082
103818.024550856
103789.343782935
103786.024459017
103791.560580624
103833.947294081
103767.176920313
103803.539066862
103868.849374398
103869.178881087
103808.108522473
103855.790713399
103781.247230756
103847.571121252
103812.774724634
103823.017230895
103828.336708799
103811.034372745
103825.283390493
103816.407977598
103768.896844057
103811.374456251
103738.978462456
103752.609020056
103799.583125367
103743.522903553
103840.632039936
103821.70651195
103810.552297729
103746.551122671
103864.528360796
103862.247295636
103832.494462881
103842.615941159
103768.190403209
103762.805220833
103799.206078917
103725.127682159
103786.479878295
103823.60596667
103839.680842574
103780.241126259
103784.78498266
103824.847091924
103805.829788098
103852.838831689
103789.530749908
103774.328965372
103795.62425505
103752.783569994
103753.584256179
103818.155354397
103795.690199439
103721.873271594
103814.11777329
103826.961744505
103812.051977069
103787.311615113
103729.002807151
103844.394463058
103839.918035996
103800.332823341
103870.041645477
103822.999627166
103883.286095849
103801.971942576
103827.647806007
103802.978224747
103871.073670473
103863.097730299
103789.127848821
103796.466905357
103836.526363965
103793.303297037
103836.575510693
103803.461108245
103821.548107729
103776.977103059
103853.379827772
103804.214562196
103837.060307832
103803.683402483
103746.583817753
103863.139648492
103763.330241319
103826.676800898
103794.026425341
103832.509373617
103789.236161525
103849.844184736
103800.834711057
103812.685944781
103836.631382096
103767.286512167
103834.955088536
103766.696067485
103759.095181871
103825.634833574
103835.001596804
103804.334427832
103827.013302518
103825.206265841
103780.128150177
103778.963939187
103862.106604959
103787.261894833
103833.536632202
103826.532139593
103866.205041445
103840.864403501
103819.339005447
103803.347737114
103839.702653309
103773.226168226
103751.130105081
103792.957137941
103757.345481646
103807.711946662
103738.264214474
103784.190785389
103836.898879015
103821.691209824
103834.474201824
103849.385086053
103818.209939332
103825.588652767
103810.077687553
103758.47490062
103806.854747981
103833.396761684
103728.438386078
103792.884943157
103810.251762678
103776.487839514
103781.852753101
103768.474738737
103853.050626254
103814.366383223
103855.855795868
103817.282095759
103820.410380723
103792.852664464
103869.423003723
103793.480126691
103831.708527363
103869.769742208
103768.60489383
103862.190249625
103832.472125133
103809.314442326
103825.495361421
103844.295123952
103832.731031882
103810.312638531
103831.313186
103784.32547025
103873.136297872
103805.246664229
103846.931187191
103765.486251037
103799.463118104
103789.152549302
103819.313390961
103779.694292958
103803.819667837
103827.687611285
103779.729321184
103801.915464033
103789.462613427
103798.890320725
103805.964311015
103819.973457393
103759.485129025
103772.69945463
103745.886137395
103800.358393059
103764.396386611
103810.345174203
103834.921969165
103812.503275101
103785.09679598
103820.945579071
103836.862574856
103784.32080699
103781.061124889
103794.95009463
103838.882592901
103802.817874555
103809.718105652
103829.905679823
103819.342855179
103802.071781492
103814.0767496
103832.927206616
103814.021110342
103828.926834344
103860.500746159
103774.49395294
103790.894575345
103798.065518252
103842.080234509
103898.371210953
103851.744903132
103829.977199018
103802.588998711
103828.778291865
103812.634562184
103776.762500445
103821.880933656
103859.673810792
103793.659006587
103787.57096406
103828.43963983
103775.149727648
103800.240828246
103800.313156291
103769.615217812
103781.308638083
103831.378758592
103807.619034572
103792.289837457
103747.210265456
103834.139751565
103821.887475025
103817.798776508
103799.410268717
103725.16552716
103794.699542222
103822.691247723
103835.19747632
103796.094435709
103743.252422982
103808.219580172
103779.591295324
103859.758492682
103818.053714856
103823.389555486
103739.589102381
103799.727860055
103800.242129492
103784.043393183
103852.049833852
103818.946918012
103804.739664323
103879.003791221
103782.883386526
103810.309289309
103806.487204924
103887.262446399
103798.696844484
103873.219309362
103807.952210621
103885.508288377
103769.532261846
103799.486226298
103768.183135508
103776.407150964
103824.593031656
103824.567889576
103879.044196044
103807.11756192
103781.156008526
103821.337357492
103861.988671758
103732.159518791
103755.67228455
103841.874322887
103835.391908682
103785.859634674
103736.418887741
103808.96645378
103805.62024147
103818.672953018
103777.455798488
103822.044244297
103775.637760865
103787.62730029
103853.117523993
103834.217281314
103795.488030924
103819.532277176
103805.45751469
103832.384641367
103816.130620849
103834.232665057
103823.249672787
103804.804955726
103854.328966151
103800.39076836
103772.293993996
103807.353817463
103828.602172336
103877.031298598
103803.290828879
103775.061720058
103792.322997691
103804.851131681
103807.242477569
103787.088011927
103847.529605532
103781.352152513
103910.49140015
103779.595694325
103880.976633467
103782.599609652
103842.642699387
103821.13818846
103828.881125708
103804.385352962
103771.777650395
103791.337584331
103833.81601401
103841.723360099
103822.901086564
103760.364382519
103858.334508033
103811.32784237
103775.724713455
103839.14731838
103803.176566011
103806.322205488
103836.425755041
103855.591581016
103840.133355404
103820.162050335
103828.005341776
103803.296338229
103813.919652792
103814.978147164
103847.641397358
103893.022081872
103805.844735392
103812.745109807
103777.73048315
103816.430867115
103812.70253279
103773.015085663
103833.03525902
103827.358732466
103790.457277195
103779.466021684
103791.005164713
103807.621262698
103808.004611082
103749.819264779
103805.803684597
103827.982593434
103778.380515127
103852.658642068
103820.704859283
103837.946160831
103774.683419771
103858.054046294
103793.82264959
103755.94088094
103823.791428179
103896.929582318
103797.275201537
103750.003265033
103829.422346944
103866.173090221
103775.814546047
103788.79450749
103798.739571736
103828.839584028
103745.676676951
103856.681321579
103822.843592561
103766.392432728
103782.927443792
103871.17798961
103819.410899972
103801.720633633
103808.911691804
103878.087063126
103819.102298785
103751.814525172
103847.343463427
103808.562065222
103756.046740294
103779.511678307
103862.571015079
103825.05676994
103815.502734319
103816.80897422
103803.763676244
103790.527142255
103807.919506822
103804.228268906
103822.959222708
103843.065275671
103847.567436807
103726.608934629
103832.913106717
103773.218496612
103813.410844658
103769.266205955
103807.435173214
103839.175280358
103790.683419837
103803.223542531
103809.069595905
103795.545684572
103794.623128219
103805.678266797
103771.40618105
103820.888984553
103830.318518016
103759.417181437
103791.557983979
103825.113052346
103840.723359335
103840.287000165
103743.863290712
103814.670836192
103766.320379542
103786.780058941
103769.804384572
103781.346175268
103797.508298903
103810.978864863
103799.48458527
103757.935618775
103824.575030093
103779.752009744
103829.1632044
103854.098508314
103822.016111912
103817.019278062
103818.793632701
103806.785782752
103834.785676961
103824.395594985
103786.835169309
103839.385241216
103872.732515284
103734.683053244
103769.868882341
103792.433466707
103826.548781038
103812.148230222
103764.993040118
103775.423798754
103825.086069846
103826.655455339
103793.695906443
103805.465934953
103792.056106675
103832.203412492
103824.906088773
103801.047648075
103820.565558418
103807.136845222
103829.392947789
103850.213799102
103802.960087269
103778.459456431
103821.243175275
103811.338002556
103841.552776674
103852.233564702
103808.669382251
103793.039566485
103778.319553277
103733.707944596
103783.437658046
103816.611034472
103829.362118592
103804.823799044
103854.242791313
103757.89012896
103850.699762857
103826.17258271
103861.806258313
103837.841854155
103834.955399079
103839.820835268
103788.91538366
103772.48577726
103718.727227852
103831.02953369
103812.441478352
103839.135815314
103838.543682523
103793.999151345
103807.947765813
103798.858953179
103770.5925755
103795.900329983
103818.161195245
103764.44902655
103825.844161094
103817.432288656
103810.427113231
103861.961883507
103799.122299837
103817.225692214
103792.248334402
103830.043617257
103812.444239022
103808.951888213
103798.158816247
103813.47518805
103804.705429746
103789.89856578
103821.596929262
103873.600051938
103835.004100712
103823.250590325
103807.729451775
103826.03894799
103763.150119055
103819.085221636
103759.971827146
103877.417527699
103818.993982714
103800.057458625
103814.333724984
103802.534721875
103827.484611668
103780.370396491
103767.557253804
103817.03227473
103745.581978174
103778.26383366
103816.842134791
103797.490398662
103800.943153851
103880.816049829
103831.636624965
103817.561768499
103793.317480744
103787.929224818
103826.603239515
103788.107695003
103811.426223869
103778.038605162
103825.757845899
103771.287464666
103811.220450573
103794.855365039
103821.641785874
103770.568981906
103829.346972579
103854.433705593
103854.982720395
103756.984853769
103814.952423413
103793.990831525
103762.782063824
103794.065488608
103835.123500029
103759.255764901
103806.233877987
103805.807274776
103839.536288273
103789.730993297
103859.458155239
103887.299236894
103797.455269903
103766.859008899
103783.628246683
103780.778642307
103830.911588833
103764.073996366
103781.929836963
103775.809302781
103767.216974417
103759.854499723
103812.757700755
103819.882838807
103821.2823411
103810.001803542
103848.189701507
103851.645856802
103799.350953049
103754.48948897
103761.392358791
103801.583109393
103754.327853119
103786.245981128
103818.754125461
103806.142938505
103742.217879156
103793.29007726
103817.11900609
103834.445944937
103803.005805727
103853.495663947
103820.27176827
103787.302030026
103811.844145185
103767.52463912
103805.283892655
103831.607812106
103805.967923607
103811.761927264
103796.198019769
103814.60858842
103821.292194845
103819.370288978
103781.929297768
103796.375919851
103822.23260754
103822.761767259
103778.004403329
103769.492718084
103828.011108032
103828.462180755
103782.402609597
