103871.081665762
103853.089874126
103823.443262106
103925.966333611
103842.452155488
103984.203642009
103742.747255865
103738.565458185
103788.569169572
103897.519546911
103854.34814816
103835.060439306
103775.734343363
103946.684083008
103748.958522504
103826.541040795
103830.362965993
103876.174499818
103811.911939273
103859.773020798
103895.527243999
103900.952555139
103910.094118325
103961.814537818
103901.08270494
103804.248447275
103953.661475498
103868.95561796
103910.331916666
103799.860126388
103885.1992504
103884.485275244
103998.304431024
103928.43781552
103853.341683735
103970.118853642
103846.925018897
103842.178657715
103983.771852656
103808.7985267
103781.224858975
103813.507130683
103759.762498605
103805.982187609
103968.580741335
103900.851186838
104120.279908239
103767.954824024
103835.71717617
103953.186275226
103829.143679856
103828.064175916
103805.951817604
103888.898586682
103793.157479459
103942.470951794
103914.239771267
103889.395003049
103889.579566926
103849.55010189
103897.168641722
103850.418354482
103907.662917105
103939.440614263
103918.203847474
103961.500441892
103893.832193226
103982.961226297
103930.519860756
103743.825078565
103830.201724878
103786.93301508
103969.092463452
103785.284454513
103624.418444246
103839.082006234
104054.891051997
103852.047546089
103902.498180212
103763.230150012
103813.268999941
103857.199308827
103806.092152525
103820.368811361
103807.665336252
103795.11095138
103777.381810538
103810.407230228
103828.942061226
103879.111696815
103841.015444681
103764.149601777
104007.10313784
103784.441340372
103975.095790671
103875.487707184
103877.834808684
103773.099757807
103838.243323129
103873.780631773
103854.182120337
103910.779104395
103779.775741517
103871.258968373
103784.431919224
103790.885391952
103720.554603254
103746.920462158
103847.288336502
103816.649414887
103722.980083122
103816.235107069
103876.536089551
103820.811244994
103831.803106208
103866.881297167
103661.435633834
103813.008175775
103967.142763704
103830.578997753
103881.904214022
103803.909884487
103846.773098451
103668.748606155
103896.406606556
103853.343124588
103919.536774371
103871.517273747
103809.313634526
103883.826016946
103919.204118317
103960.780909779
103824.367386289
103906.470903419
103827.625512317
104059.657059637
103703.450740177
103948.16014471
103992.818803386
103885.650930414
103819.105099722
103928.409646152
103879.059147313
103839.825915517
103816.003067568
103751.731554033
103876.803130235
103830.425577108
103842.092258565
103940.296091032
103819.091312585
103957.483661003
104015.343389856
103872.717614736
103809.379771596
103884.391138251
103785.655155097
103794.139651746
103933.181767477
103887.370356815
103963.441763144
103823.888330749
103761.915199471
103746.099806689
103794.451653113
103739.14801419
103869.710202631
103771.946129946
103802.75749926
103896.43204408
103964.959281246
103776.688292977
103670.581199814
103801.196313137
103805.863952032
103721.415862045
103851.728162805
103685.699592963
103949.752060967
103929.516977135
103808.303865975
103809.656164082
103894.49558593
103759.444471354
103915.795998596
103785.335936276
103785.929139924
103813.209118011
103795.293710512
103843.580114604
103884.46850243
103882.684676207
103847.729166578
103874.114052481
103755.339797294
103977.956456716
103858.522020377
103835.719205148
103856.683816223
103821.910059225
103748.834776127
103770.80983578
104003.348009399
103964.333144527
103976.949133828
103737.492333043
103877.291225991
103854.787114106
103723.813102365
103891.276699332
103786.994552119
103807.528450596
103765.030640381
103839.864230043
103858.702789006
103782.412035719
103676.584457507
103876.96586847
103936.416391183
103868.368712259
103898.543252804
103872.819408149
103876.094842878
103830.091888297
103966.724394771
103867.820471145
104007.729260651
103750.996199125
103747.169492583
103870.358682862
103845.441090782
103797.718958664
103802.115319134
103806.603249265
103930.190732835
103939.997982061
103761.423504829
103737.125398316
103947.212381073
103879.83810213
103864.419176938
103864.711644948
103723.05594923
103770.048330166
103782.927632672
103921.267950086
103906.529921044
103910.2809507
103887.120772032
103712.543524355
103733.787664785
103892.103851632
103936.107111573
103928.91058232
103775.845094921
103936.470325263
103674.195988864
103929.890683951
104010.844562685
103967.898622113
103828.30586344
103977.130516595
103825.671392341
103707.734629395
103813.550515748
103796.191881817
103865.939084469
103834.069513481
103873.184744238
103892.944028137
103870.217661717
103923.849406322
103805.055349827
103856.253434203
103954.322374638
103886.229887389
103941.867765552
103878.493708225
103746.502474003
103935.499372285
103811.493559463
103937.474247537
103911.072069406
103873.073689121
103953.733552839
103962.009058903
103752.331891392
103906.187615807
103869.160590237
103927.45820223
103860.222939453
103919.268744965
103917.285174733
103747.943659262
103857.014914958
104037.361442609
103830.159546709
103851.790354483
103729.211202452
103788.061843638
103844.69986803
103941.121467009
103770.391948228
103904.085465414
103927.649373386
103852.214613515
103932.235781202
103708.81801018
103940.956055253
103792.873214767
103864.155884368
103676.457039162
103912.603667151
103952.624801997
103899.552696072
103941.274605328
103901.300036309
103802.612996421
103922.472554583
103793.143643833
103806.429761602
103862.118075054
104004.616309296
103964.253188772
103766.789255095
103845.633145471
103672.512955597
103858.628508919
103843.54563135
103882.594121661
103909.304899423
103857.924319254
103853.244312374
103802.210262195
103946.874337823
103686.72177878
103799.257002561
103850.427908293
103726.810504605
103876.269636119
103891.812859822
103747.515671095
103854.971819214
103808.899958351
103926.852338325
103762.934398187
103962.109227699
103945.690403569
104019.936452111
103772.755539735
103724.970484468
103738.114508716
103924.674283571
103851.822401165
103805.87341011
103728.927460578
103792.746761081
103807.664871687
103910.446064017
103777.806059758
103703.70413181
103864.172065064
103876.059475139
103986.088444407
103868.806152422
103700.689503493
103587.818567624
103913.133108558
103930.227385741
103873.63127582
103875.211909213
103839.277753927
103826.227759104
103925.579236974
103724.148081279
103922.856241969
103956.882056804
103804.450862014
103779.400753948
103916.092175772
103753.250214411
103787.600874189
103792.577936343
103816.251224884
103878.952530262
103911.228489476
103920.548635258
103875.047938905
103852.002050008
103918.938674727
103965.36307913
103911.407784441
103890.902056595
103829.608848097
103933.302499075
103801.871798641
103853.297183448
103876.136186709
103759.964328214
103847.247732044
103896.883763018
103773.540818462
103954.919961827
103840.438451339
103802.734974626
103853.650893368
103849.852936589
103862.936100519
104114.317784433
103747.537677189
103926.708607279
103790.767302371
103817.862625673
103848.744357894
103850.830889811
104067.145349695
103771.182784738
103761.502378707
103872.809863148
103842.842451568
103900.305158224
103831.160406786
103900.839512729
103927.245137891
103712.496333619
103926.983075825
103956.221960904
103791.849397196
103867.905688044
103954.353388383
103807.596553319
103939.780670012
103746.210844485
103711.879648974
103698.038512169
103842.70881575
103900.631650261
103694.253751616
103779.434162592
103856.893539308
103801.586259519
103894.665167906
103840.400878585
103923.728775677
103842.522272095
103932.43204493
103896.636755433
103847.453879011
103948.601173504
103912.451282413
103798.255188982
103743.193236054
103764.635846753
103781.411941621
103874.469723334
103838.433182383
103878.891274027
103812.132357269
103907.986788099
103845.734662087
103793.179661987
103763.571637832
103799.790332168
103857.864265308
103958.176254543
103871.885751144
103923.72679745
103930.520302826
103839.090841278
103834.030500523
103779.242941447
103874.89750761
103865.608202713
103821.638858941
103773.759479375
103936.272104247
103974.302260437
103848.717009506
103858.068748581
103865.966394824
103888.241331143
103812.479923911
103858.314963971
103899.740163899
103878.772998027
103847.255828091
103910.279784326
103875.629918222
104062.970389677
103783.313157671
103847.693225357
103921.783133988
103870.042012714
103875.153947285
103861.460082779
103689.701078262
103886.249077976
103862.447815557
103900.350893222
103909.282370311
103869.253790236
103956.361127544
103670.951585134
103913.479126578
103789.630461021
103823.403595003
103752.114497847
103935.284233985
103869.396022551
103737.417841698
103871.672892613
103696.7627196
103742.155130814
103706.984248793
103878.007050919
103838.141046517
103816.405974597
103975.814694538
103892.140337022
103773.697417155
103878.691218201
103707.464143014
103759.558095101
103815.54252598
103847.973588383
103976.946571668
103951.620476416
103817.271951954
103865.29735938
103912.019727796
103883.535264688
103868.828538059
103769.672631879
103885.075833463
103812.789672222
103819.042774908
103831.167363043
103718.285554706
103997.558643218
103883.915412804
103969.191700624
103905.68457959
103731.774948547
103864.13052045
103918.83106423
103876.399310796
103975.677469983
103837.489538816
103941.693378704
103959.393739816
103781.635429887
104025.867186006
103814.810033386
103787.59893454
103818.103433038
103783.781485865
103898.039367912
103977.592728097
103847.528516836
103967.938693003
103780.480290666
103868.13842866
103889.853196178
103918.710497082
103803.358918254
103780.729911214
103807.647281136
103764.297734604
103851.191293151
103822.302658011
103775.050539802
103946.922580537
103897.43480249
103849.068579459
103917.624836495
103771.457973932
103808.066199103
103834.132272868
103923.282752427
103887.160899253
103888.793092678
103945.308445632
103791.299415759
103642.211375756
103771.629202847
103867.643172967
103836.662034821
103854.548024551
103847.053613462
103980.647725155
103779.290944513
103819.808114975
103886.701705404
103820.754611557
103763.418630773
103958.101618667
103788.774361876
103768.032608407
103758.149033111
103964.034539667
103783.262046408
103920.762314432
103834.561374975
103897.34533194
103767.224131773
103881.635016658
103848.172994561
103951.227487247
103840.843846655
103896.965845784
103767.389994413
103862.606076814
103903.864326057
103690.437974898
103716.771589789
103810.581245053
103856.210864859
103853.744550234
103737.230387733
103768.868462073
103947.109359847
103823.467126216
103935.573885634
103897.566666661
103811.418211015
104014.084252052
103835.149927281
103765.896907213
103830.810900137
103898.447812854
103770.771207035
103867.635622096
103941.840303461
103792.462090128
103993.768389257
103891.966223576
103920.289253993
103749.701463671
103670.542797152
103759.956291311
103826.911752349
103946.059392949
103881.237374846
103943.335534713
103907.666527017
103887.77287282
103760.190559299
103855.292219573
103871.720698655
103829.010206887
103863.441235027
103703.922226454
103772.72858186
103873.892003997
103896.169940931
103754.965028103
103840.447891378
103806.188980651
103946.025647845
103847.222699326
103843.682469884
103917.562983743
103811.758645871
103831.196512772
103893.831981677
103864.234136933
103835.100955669
103939.588005027
103838.668668826
103848.126027942
103753.849119012
103826.630871339
103889.142331892
103967.845857735
103916.13776831
103760.402187788
103903.248637852
103842.474925749
103929.345879333
103887.265457185
103915.468121401
103814.961489267
103757.181459642
103756.713081413
103809.33057314
103821.873155077
103853.028435298
103892.685180892
103670.056527087
103812.005408586
103909.679712061
103843.10990618
103906.97534803
103934.086510814
104020.04417772
103820.616483904
103910.651671064
103653.318881042
103930.650762982
103906.687552332
103772.859969275
103933.65867918
103820.046949737
103833.6375554
103841.027205152
103948.392556304
103887.670090797
104045.666182429
103903.332875592
103867.545695706
103661.464831047
103835.673449485
103967.069353226
103799.190377112
103849.220583222
103850.898212814
103971.087630413
103877.912373175
103912.922089416
103981.473389835
103818.101434113
103888.768469973
103933.617530392
103753.86717129
104012.905439163
103787.507744274
103912.389072456
103833.389352632
103906.032826392
103957.25284702
103746.323557496
103770.935305737
103755.079008546
103777.941992844
103797.87235714
103797.071711543
103692.392995413
103971.252229405
103956.38021191
103691.480867006
103926.146010594
103915.16232109
103703.057251596
103833.069234572
103756.626589511
103872.559280434
103780.592576494
103834.141857341
103861.630898612
103792.842250019
103928.429407588
103791.053964117
103666.001426232
103842.241940374
103916.634064135
103891.692834592
103874.695743531
103846.545021318
103826.362907833
104000.586525199
103953.370372992
103834.122416828
103875.175707475
103779.114428978
103944.750738651
103783.38475079
103921.615561312
103903.622958422
103758.146953956
103850.559811229
103816.063197892
103715.977648135
103918.430965262
103689.88574551
103876.266411137
103885.594273573
103958.116189545
103786.21513827
103923.04104258
103818.486309604
103907.685672603
103886.486842963
103799.458390631
103872.872545171
103902.57411172
103975.333663292
103920.208717108
103949.1866644
103846.159638436
103882.638103565
103980.896812037
103849.368693252
103839.300775947
103835.973589967
103927.86574106
103872.608378326
103833.57374405
103896.958636339
103849.184779993
103961.855714268
103827.072529437
103881.520590883
103907.039401542
103786.258669545
103890.692656449
103716.378952122
103917.85815394
103763.185951381
103901.056638738
103761.06189337
103909.074438795
103695.446091702
103891.537135134
103883.169726957
104035.680543787
103843.394332166
103979.307634611
103905.751195645
103897.785751257
103995.195648384
103866.785551241
103750.875553703
103899.078729089
103938.374658861
103899.538306959
103940.078169423
103909.651325227
103770.844209649
103878.534063114
103963.755107152
103660.348903274
103911.110778399
103873.510186732
103901.85080303
103652.448168756
103893.999672913
103878.491167531
103728.862891903
103743.942205801
103920.324024394
103782.212612278
103897.526341148
103746.071163106
103864.933309157
103911.682980515
103953.652900588
103773.338422562
103737.873914886
103864.33705994
103958.040339534
103864.096832232
103781.376466547
103880.263477647
103809.431343996
103882.095763024
103767.15328249
103779.589077745
103713.438328634
103879.124798372
104020.49620222
103943.580555605
103988.034481966
103868.694840288
103818.325865187
103826.23736879
103985.785052249
103945.687763319
103838.006593524
103904.258907621
103774.438194793
103858.062360936
103739.403901891
103883.863943855
103887.743867765
103867.777461849
103868.135252408
103924.435912886
103941.149051682
103801.133218149
103906.153542357
103930.399100473
103877.351069095
103739.303052324
103829.853398418
103807.283991472
103838.547272768
103747.872228683
103923.06472488
103927.547770947
103968.53983894
103940.640411643
103916.850757173
104047.998949975
103773.564581327
103706.81591302
103898.020127454
103794.766212244
103769.745242016
103880.845364683
103849.916468917
103846.088192403
103930.898310871
103878.550861616
103914.499860131
103869.158368515
103774.415407982
103859.456015923
103760.83223866
103860.8031778
103738.954718865
103788.993743206
103899.496070218
103799.262908268
103859.979265845
103840.012725613
103753.878920051
103828.154226875
103810.28229392
103842.232342188
103875.479226872
103752.710919333
103767.772659456
103886.3504369
103843.276404877
103939.071517909
103824.254951844
103672.611423239
103945.166646266
103895.45878049
103878.525270399
103944.204070271
103971.64589112
103994.336360137
103747.537150359
103895.396148402
104017.56605826
103613.697324303
103878.536777071
103762.738033397
103934.08244374
103871.738559778
103925.572300114
103846.275875619
103861.933647871
103914.048935292
103873.419826359
103883.024644812
103909.28970142
103846.414922632
103781.326804864
103758.539577109
103800.168750059
103952.220788531
103891.139686066
103897.391558314
103786.78325713
103879.50535911
103950.443597167
103984.10717496
103808.693344496
103779.678394225
103997.915448004
103881.783773624
103807.015793041
103802.40025412
104001.785112458
103813.37569285
103841.78500776
103777.41990766
103858.569334266
103896.518291082
103845.699492879
103860.78749118
103873.589417324
103771.04912475
103932.986455524
103921.246182345
103950.198350014
103929.682470126
103704.893174756
103839.246148133
103860.519618947
103985.364306142
103880.111315961
103812.921657029
103783.45878594
103849.793486605
103833.94400521
103857.102398097
103982.513755699
103868.136356787
103777.003207691
103937.794132435
103865.178555485
103813.491819338
103898.950263116
103639.674863869
103861.287579674
104044.503072385
103787.801976436
