103971.630614117
103850.773762331
103813.052495277
103849.972768947
103832.787047277
103865.996352449
103807.634116973
103956.603802568
103770.154102043
103825.472474678
103808.178157019
103902.520110003
103928.745787149
103868.172800139
103671.116531086
103827.720186195
103902.701282462
103890.918971212
103819.950693655
103803.301364487
103762.540156612
103859.462905831
103766.966765967
103905.689341107
103788.591638505
103862.489000435
103735.949941612
103793.190739098
103882.350365579
103971.944357923
103828.413132338
103891.202929742
103973.237579515
103855.50866935
103922.972312786
103832.742418724
103876.427158092
103884.531751856
103958.645729661
103845.549446473
103905.516695085
103918.347172093
103840.530939391
103763.927609188
103821.841265054
103873.206400937
103890.577379652
103901.929971618
103850.783574872
103867.386635095
103919.587359969
103821.11007707
103934.898708496
103885.98220593
103809.374036565
103725.523908471
103851.25000242
103766.766211558
103735.712366905
103774.768036121
103889.005090357
103915.579390904
103789.648150612
103722.976002888
103807.895731409
103796.666127948
103869.498300975
103905.832388472
103965.730838134
103812.454564694
103777.945673525
103816.002531099
103834.697590963
103683.852517634
103810.046438452
103840.830265395
103986.89300487
103738.306256658
103784.424386298
103872.470989026
103975.117464283
103781.145024334
104009.260980755
103908.542132848
103818.034213816
103971.779059992
103749.645331274
103808.473685121
103986.378007506
103750.308864406
103940.925616587
103841.540794275
103773.656108109
103758.919049955
103793.626012702
103734.206446642
103871.93628486
103837.808247433
103839.185504439
103728.666119081
103752.718505211
103975.879149976
103902.182878348
103774.695290859
103899.085968015
103864.590930044
103794.321599865
103809.852085714
103832.82558668
103860.056801163
103859.153684691
103819.349590174
103883.860525914
103875.436349343
103977.920956855
103845.544342075
103808.406277042
103801.810867464
103869.018268279
103941.791149254
103882.508092912
103743.491579755
103859.603018829
103897.828318988
103824.336194972
103786.521973421
103975.224730282
103719.194686866
103677.598170292
103847.76984317
103923.556072065
103903.576411213
103779.961485289
103787.934712899
103795.677717988
103854.008416222
103870.216160837
103786.370982419
103961.747528298
103853.829091376
103794.858005467
103938.09071694
103972.515321225
103988.97252346
103861.53452718
103784.111024671
103891.131351611
103801.834900545
103891.657328971
103767.637613357
103841.349244729
103887.906007443
103718.981116107
103948.839009343
103875.365261491
103862.594967291
103874.107211557
103870.535437661
103819.628977564
103873.506224892
103745.036260455
103887.085114122
103940.659969265
103954.981915782
103698.851666122
103943.240977406
103810.063351787
103806.932378232
103824.653860027
103832.200401819
103885.700808084
103806.459219784
103987.389600621
103896.640093449
103789.257244586
103874.586850169
103693.417362466
103774.818817109
103919.035822707
104022.247948178
103880.902579746
103739.555977467
103867.935184687
103810.472690071
103836.412414343
103884.886627502
103631.706066007
103773.721945024
103724.064654085
103944.195014987
103788.386005441
103917.234251693
103824.883348173
104040.487903827
103642.473018251
103871.074458235
103718.862354435
103764.054440257
104025.250740286
103878.998160506
103933.377675642
103984.373645742
103679.872212904
103785.709847922
103848.078450648
103843.43377026
103706.136957808
103786.738136679
103832.291483054
103732.508105345
103815.733413099
103931.593858473
103708.978473094
103930.498658028
103848.940462113
103804.738557594
103721.580204745
103695.391844567
103780.90305504
103816.161763757
103942.93924208
103885.762803084
103679.906676192
103879.2544825
103855.303810155
103927.706295068
103921.954674964
103875.202656894
104042.50887491
103775.282536325
103869.241769502
103871.704603468
103852.49709868
103844.978611739
103759.16159117
103763.483247793
103865.138736019
103910.313232703
103882.446418026
104004.330493103
103657.799341955
103842.516245986
103834.645581328
103865.42574008
103806.288237449
103765.210521176
103915.907204876
103810.058543038
103927.030964058
103624.864243698
103863.905181885
103786.00325885
103908.659510527
103764.46911148
103905.435194256
103829.80574068
103854.265583253
103832.605839172
103883.362659381
103665.178048106
103818.399479875
103672.266846602
103759.054033599
103864.997604386
103842.135797059
103814.252117633
103720.103005166
103835.602147785
103832.796802937
103657.865020555
103869.627231414
103862.789992984
103903.667873274
103657.952932838
103913.194072951
103931.415152614
103789.801062116
103755.337585102
103920.818223654
103908.701881808
103903.284537627
103855.745712328
103893.177752792
104004.252216126
103839.640959909
103969.045572788
103845.829564854
103764.78927984
103905.668266821
103928.694888106
103919.43173838
103807.399322797
103825.18711059
103873.505863417
103798.729260385
103894.57043298
103732.988843684
103962.167305098
103795.8312619
103776.783085582
104002.283076807
103844.903863553
103740.833302605
103842.803747147
103776.897306558
103869.337920546
103773.991576115
103629.733890437
103774.868568626
103749.202282825
103960.726311585
103732.844615853
103881.416527434
103823.596804559
103881.45972004
103914.970565542
103665.128647043
103840.406461814
103742.50850097
103942.830915789
103761.530992031
103914.627531754
103879.873776599
103887.339333207
103875.005030626
103894.588677166
103851.019363587
103776.923589981
103809.167887737
103846.930267959
103888.468306733
103937.476022917
103823.792511118
103831.8085118
103699.942382966
103823.073449019
103879.139391229
103810.763689599
103814.071491823
103924.452208415
103862.856516182
103872.424114425
103783.224017746
103810.464893534
103820.098049386
103905.056311686
104055.060066747
103943.376682521
103810.402257095
103937.403670551
103795.282293926
103834.523651907
103898.733930416
103972.895351176
103862.632396469
103864.716527472
103998.541152771
103681.523244843
103984.883725989
103793.801408207
103786.278773478
103687.618948933
103906.970520238
103828.456892492
103800.319859484
103895.150040293
103773.033611973
103709.169695167
103862.754220499
103946.150403537
103771.858706756
103921.606198847
103701.49645604
103920.198693351
103807.673110082
103949.676875426
103753.540538769
103785.719384956
103892.967871835
103821.012147965
103945.245396012
104069.736651364
103713.336247762
103787.274325406
103818.999941408
103917.334726842
103791.104400781
103821.573023238
103774.570928644
103989.521478205
103802.575103635
103787.933478812
103959.848952782
103721.518757489
103893.728349718
103703.675522302
103992.560899381
103839.219875485
103774.352210057
103910.95664864
103911.666001482
103859.137713165
103857.146027693
103819.457265346
103655.776072012
103723.740389039
103633.349745762
103940.309883885
103848.60100883
103743.214331884
103901.267286689
104045.041025298
103770.729930298
103848.756898055
103780.132450981
103881.079292849
103834.74447758
103705.700345428
103847.161105589
103838.611770952
103763.31414941
103876.106945473
103839.409605328
103894.635971475
103689.730166056
104005.767999303
103779.2553259
103914.194008513
103913.369759415
103950.371382955
103891.781647432
103833.618250229
103955.481540288
103688.478924644
103891.17232811
103790.615571927
103865.581880671
103799.956564196
103931.788188762
103871.650667454
103948.199138097
103794.949389814
103767.725528099
103899.697517619
103843.037742651
103764.940675438
103936.185300792
103790.035976442
103881.150791775
103768.699033236
103809.141384687
103932.504255094
103914.607010548
103763.714771914
103811.442971363
103825.026358443
103868.114337914
103985.673076934
103954.264349587
103813.653817968
103929.919000482
103985.33255526
103850.66761829
103928.882676221
103967.361518477
103909.907379182
103807.062573998
103982.734824874
103840.688964053
103792.080865544
103836.374993684
103867.735592155
103865.528079567
103922.996075753
103882.881378281
103925.85930792
103758.844998144
103860.450938344
103778.331090404
103837.220349339
103921.622652087
103846.301209382
103900.657981913
103835.797162347
103831.935363919
103920.062841359
103754.458736527
103758.983601391
103853.13340462
103862.293797961
103877.285456945
103946.829234889
103926.873346278
103976.672714005
103627.533131551
103951.201951357
103750.94186528
103751.069551927
103858.104466386
103763.443673184
103959.377860157
103843.037936451
103875.488599045
103862.20458132
103989.346525764
103800.434559028
103943.937376688
103857.205068101
103673.451213132
103881.001694488
103907.078923105
103900.764790094
103760.19589207
103712.741195562
103731.073367333
103856.003602194
103751.985202643
103868.042101292
103877.061021532
103854.476318354
103813.163711267
103760.116799369
103840.605937278
103929.492540333
103947.866914649
103869.242885752
103783.403804171
103999.905328124
103825.310368708
103803.154931451
103804.261057825
103743.934781737
103977.633710278
103688.274036237
103919.571724573
103911.447896474
103770.781260191
103801.861333971
103823.450147335
103835.726594947
103978.810869855
103774.01762774
103763.035534062
103845.164844464
103903.412593375
103830.604942294
103759.034691733
103835.129716236
103834.413861023
103826.927688253
103745.813467586
103914.305168881
103865.471488583
103918.353693417
103832.350781698
103898.384570307
103934.300215836
103876.042882605
103765.112718996
103768.614044339
103928.681174384
103739.564640735
103762.504606882
103929.803840972
103878.215568142
103960.24536415
104001.275516161
103853.111297338
103890.05296391
103759.99880442
103830.062813861
103993.460154418
103879.11433764
103822.286370614
103796.555153894
103786.8013528
103809.658367578
103842.862307525
103908.381680284
103853.112333922
103948.670001988
103908.217297396
103820.41378502
103918.628347862
103858.231293268
103892.140161397
103716.935025359
103687.99380588
103950.270482591
104034.111747668
103793.234345462
103692.095781753
103765.073232931
103920.943221399
103740.743815017
103802.044059754
103829.443756849
103869.507748564
103929.11486612
103742.15158153
103871.817037918
103960.143625355
103927.727132004
103798.369875645
103902.502790659
103784.137180176
103812.636552796
103847.370739483
103926.387501987
103761.038168331
103846.003679619
103869.869274446
103766.206691157
103933.550781327
103778.751133175
103979.733025416
103733.070736725
103889.225697975
103821.569324106
103757.752572372
103835.417016614
103963.707846
103806.521899847
103798.996577479
103669.031097707
103786.374391945
103763.568216114
103880.441381695
103906.705045513
103839.858144104
103911.475549352
103777.561054836
103902.058453122
103629.165413508
103910.911463198
103841.965302209
103897.279600019
103858.668628906
103841.425444393
103736.780015596
103873.419811198
103924.100632571
103794.82062851
103902.075675251
103978.858285783
103955.040212519
103944.199282602
103944.40280961
103952.86857748
103916.829529252
103880.225245173
103983.168098269
103807.615492383
103803.282760501
103696.425599441
103913.84460088
103965.725553127
103864.472753687
103895.930123244
103694.58223656
103971.042235269
103902.632279655
103803.883303842
103818.985379467
103873.071728994
103845.74068446
103895.427700315
103826.486882671
103954.809129906
103773.283913191
103722.820269218
103736.269507065
103820.998462266
103873.392969869
103863.263919098
103808.785058265
103848.92996916
103716.815065154
103904.098856181
103850.546834882
103762.249793111
103803.07388438
103907.992796924
103903.189009505
103785.888261456
103871.002484648
103811.792052566
103918.958137546
103922.051616694
103855.302332448
103899.064127505
103905.828617948
103894.507073253
103840.131215347
103967.872818653
103711.406623366
103951.236924405
103957.036304193
103726.598963183
103948.090760039
103861.90330167
103859.814061278
103949.679140415
103786.199665002
103911.266389865
103862.391908489
103693.922980852
103894.279866678
103907.291213388
103869.4631255
103772.936992252
103823.431365355
103877.688652372
103858.532498224
103782.800432592
103955.612350313
103922.03550127
103933.882624904
103883.848329116
103889.028607558
103731.250081267
103960.669928262
103947.663072507
103861.145623245
103805.502150453
103844.956969049
103842.572158769
103767.588954702
103728.265333662
103887.693508396
103894.106146624
103804.948104484
103863.078020003
103902.142456861
103936.369107175
104006.264541424
103791.456087661
103951.079772463
103833.093549347
103721.012373262
103865.944046025
103886.518269166
103885.980562231
103799.438698631
103749.510338632
103731.049134928
103612.543042142
103862.314808657
103729.53786141
103829.801744973
103970.47286475
103861.359421843
103831.295471782
103812.085219225
103978.454376211
103843.661613733
103898.760000436
103858.541410675
103765.464404961
103829.812509729
103864.50292757
103854.766211753
103750.973081211
103922.569385828
104006.998707336
103847.21208869
103801.248798191
103846.095429131
103755.30162806
103897.009245513
103792.230315169
103708.486755222
103734.507663044
103945.56387559
103816.100952454
103810.956362583
103889.469121707
103888.213782174
103840.768233331
103712.953256247
103783.015040795
103831.560994686
103873.303434823
103770.396956097
103847.243656873
103748.852211954
103737.523304186
103799.957190272
103854.477845648
103897.799497761
103694.872929397
103858.623830511
103903.544161691
103863.68882967
103912.373525957
103861.346415018
103647.146899161
103799.804617164
103786.937780121
103862.099720757
103776.320449744
103829.647443883
103794.818878501
103865.020284599
103820.017291131
103811.84532237
103990.914585966
103769.47776727
103868.744882581
103893.787414393
103902.98108755
103842.491170413
103742.221433437
103880.253986631
103944.096316062
103841.217618239
103986.135267911
103969.689009662
103905.92765408
104047.356689529
103927.274975587
103878.591109939
104009.297652401
103714.699576634
103813.298700034
103873.394333332
103999.876085647
103881.326567213
103874.340102078
103903.781826907
103804.988981681
103880.526395459
103979.348509875
103849.450757059
103815.220969781
103662.02215614
103828.664307583
103867.268309849
103911.740074
103738.786033362
103837.069427387
103861.85521305
103964.687668443
103802.901485451
103827.129189591
103737.476397076
103840.758938178
103707.607915625
103881.378900983
103906.427541065
103932.240639377
103935.740011139
103902.018351626
103855.709674485
103868.673570727
103884.010662741
103946.561324107
103712.305838145
103743.126469742
103996.535032011
103786.672860787
103902.802541034
103816.642785362
103918.183785024
103716.311492744
103885.982624179
103920.469177598
103827.986356687
103911.882307274
103755.259823316
103859.500789791
103679.192157864
103976.710274558
103806.367736932
103912.901325554
103881.58661986
103864.040520497
103939.929822935
103886.617317965
103778.813322601
103770.960245243
103917.921675397
103949.265728244
103986.293956555
104011.879196348
103827.608644771
103718.019853604
103901.646378741
103946.328927267
103891.247957916
103908.442174434
103799.432352299
103829.151254683
103991.442841475
103617.401194092
103859.69346145
103983.154066931
103767.915270153
103898.160417143
103655.222521935
103763.2253059
103772.201195306
103981.639099273
103866.592026477
103654.231511973
103957.121781546
103913.532968832
103658.970311191
103860.967238086
103794.215217884
103798.565901232
103739.640051213
103630.398352543
103887.946402353
103890.904909587
103780.956443939
103949.502867062
103979.519621083
103765.280458168
103988.098404218
103850.66274336
103918.418997882
103732.154558143
103740.118715828
103907.685275821
103918.410885603
103786.697148731
103921.620085957
103749.72662756
103871.155558576
103703.054954246
103922.607702203
103915.78858592
103845.609005723
103778.864754753
103769.078459128
103938.182416159
103731.283759792
103918.26495397
103963.071475139
103672.065927105
103974.135535206
103917.942138377
103969.408741293
103841.34315649
103928.358006843
103848.101967427
103790.81984325
103688.807816851
103853.750282299
103718.140208739
103891.477322015
103837.888580157
103857.342395685
103883.74455129
103819.501226717
103850.018218567
104048.400177895
103870.526595404
103821.891755669
103926.853811141
103853.985492868
103857.133349742
103678.382206571
103730.730083202
103773.417697091
103877.915571888
103929.947575056
103798.528487721
103836.598123886
103885.953281004
103796.343745289
103854.614119484
103808.943553291
103776.024133433
103922.955484567
103966.428557742
103806.343993795
103928.634159177
103740.577672673
103875.582341814
103800.890136602
103909.40759186
103906.756320154
103988.527738148
103886.233330469
103906.732439892
103872.491847094
103827.018551964
103806.235386466
103973.867896137
103908.509522522
103921.832747836
103902.515151635
103920.399217233
103881.812865589
103965.98501968
103791.291230791
103736.00089615
103870.032247639
