103886.471949609
103599.161689589
103761.285432751
103968.911074735
103691.165991546
103917.174247205
103792.155148826
103880.834531879
103663.311456393
103968.924105009
103804.648200183
103835.021401544
103958.876625767
103749.090117004
103825.037265075
103980.327335906
103940.628710617
103814.278801098
103778.662295598
103789.093994618
103900.493081666
103886.35154881
103836.803199583
103919.98259294
103733.525101266
103686.373465674
103755.093694365
103911.791713673
103943.797320983
104028.057491485
103979.330755633
103831.665127468
103692.970164851
103749.936926323
103718.364015791
103979.090611541
103866.431704428
103748.967670007
103826.049675077
103766.947345614
103921.370707793
103914.434620789
103932.339706324
103838.030066828
103612.188392418
103892.46236272
103784.651423587
103817.414878715
103693.931914123
103868.148168045
103937.003942884
103879.633056104
103890.752817619
103921.402718254
103967.795263826
103894.213862847
103777.601173471
103792.926017012
103853.468193572
103925.055329021
103959.56062644
103925.521512233
103722.476139321
103953.892036734
103668.812666373
103830.947027672
103794.67394876
103682.535258942
103756.890785559
104016.702641291
103771.269661603
103780.654389628
103913.613989547
103908.912613548
103863.625185589
103843.151920164
103776.017568867
103778.869189483
103891.672959788
103689.541444188
103867.379764276
103685.573734363
103792.448759977
103961.565988094
103833.452636424
103948.507745179
103755.477265294
103830.495834865
103713.430940339
103891.308092752
103804.600264431
103963.689411686
103664.709587217
103908.307506845
103772.161780096
103988.001985926
103852.83303646
103750.446084524
103875.851737038
103806.987466754
103859.989638835
103846.997835656
103614.214238227
103752.630552219
103780.825675455
103787.661363409
103753.70022965
103984.575709583
103803.321501335
103766.571786001
103966.661787137
103713.907325537
103787.146777963
103825.134926595
103789.339329124
103883.341126564
103930.511129645
103829.706865695
103838.443836383
103752.155826532
103902.791203577
103774.938672641
103893.637207976
103935.932301194
103901.17387753
103882.997374995
103731.680446604
103839.027618072
103697.019325675
103811.899940114
103800.761611939
103976.092844302
103691.858360914
103910.281038125
103990.336592567
103924.608152049
103906.40146904
103883.233956338
103728.700457363
103748.794881941
103898.98652644
103933.10727735
103899.115509539
103819.042201967
103703.092658093
103798.180965268
103936.535450745
103809.843357324
103910.535456133
103791.895478168
103833.402549408
103814.252114256
103955.295119646
103862.791001527
103909.134908609
103779.083336778
103740.488077133
103943.223308582
103793.293025111
103871.829946861
103917.632327029
103793.515229954
103937.357875653
103982.349315209
103884.080737248
103857.236584382
103957.872507141
103919.99564302
103804.684208022
103897.934943636
103587.412345635
103990.464486218
103908.149824454
103734.991975639
103867.709869521
103746.101612161
103850.04817635
103704.883538861
104029.88915862
103925.120132472
103763.291292315
103956.272087378
103857.173157927
103930.032127743
103892.797397446
103767.75038714
103894.898384595
103805.45154769
103634.068729951
103863.240470378
103929.169579846
103937.246870089
103849.605990337
103768.46819564
103961.852309506
103909.850684787
103825.481157169
103795.430269519
103758.14681021
103835.972151406
103772.869979345
103910.99703903
103687.252960487
103954.762637964
103893.908881937
103895.057702439
103800.628816895
103713.006989793
103777.320886201
103914.030689312
103832.888977381
103838.629955409
103860.575771271
103838.580080416
103840.890402741
103860.793936436
103960.025319795
103809.507429457
103897.115554167
103841.361368517
103790.068817132
103814.017375497
103855.461230291
103885.680245128
103800.666803519
103908.810143881
103903.437142501
103755.546004891
103803.910252187
103828.47926938
103720.739825244
103967.595977252
103956.188771235
103837.667404607
103680.824703459
103735.447720216
103650.817647415
103831.673623652
103767.866493958
103887.942504246
103843.982825377
103837.201471327
103873.80822177
103874.527350318
103760.762602163
103826.285932182
103909.171185792
103824.361571933
103810.421131848
103829.300471743
103897.111560072
103805.472972551
103851.133554483
103906.215112084
103804.251610849
103968.034241775
103908.96303948
103661.749898073
103834.151492629
103823.746947899
103885.607054438
103964.366381476
103838.864043592
103940.338747324
103785.372458263
103754.851156674
103897.534166112
103922.683926189
103806.94784852
103935.549206277
103873.664884757
103993.67138052
103895.011075597
103845.830819936
103808.670889401
103898.284648275
103813.540396244
103768.013590261
103898.702311701
103908.890469321
103812.721461099
103790.845012139
103925.553703533
103871.338708451
103747.643701573
103971.415808283
103804.935716842
103818.274704009
103880.322099715
103725.822791246
103881.019904755
103911.932240191
103904.061423736
103741.947041865
103950.127693807
103681.305914955
103744.513514477
103793.772694028
103892.97867223
103865.209074725
103811.080448345
103877.351408937
104028.881989446
103825.085941629
103710.837435156
103737.482400522
103849.575793037
103902.740744832
103866.454816005
103909.22595345
103868.834774953
103708.906235115
103899.181282011
103710.580487894
103833.537207506
103957.050611144
103714.079743033
103907.360935516
103979.486593957
103983.165979462
103948.497902958
103895.641720245
103912.955553324
103939.88434221
103725.695872358
103813.956127784
103893.661908522
103655.46394959
103848.316796298
103875.437779325
103736.217763091
103904.495627839
103798.678583326
103833.330021556
103983.275291864
103926.139501173
103906.676580127
103868.995515068
103812.647258519
103841.824691653
103778.964626002
103959.594714907
103791.487486977
103720.990566387
103818.200716014
103695.499694452
103910.812964738
103848.419885903
103822.293668806
103822.535418354
103883.153828296
103867.740930671
103900.961373287
103821.074991748
103805.496034391
103703.898231473
103905.213481583
103912.79568205
103857.818339746
103798.125488725
103913.373465794
103779.900301569
103738.832911213
103733.07411337
103755.039822453
103899.608979256
103913.751127477
103896.314407515
103812.56154739
103938.409130828
103880.485702965
103676.653054698
103857.708017777
103739.283095001
103930.093706905
103919.489379083
103721.25441705
103945.589269968
103847.154640085
103866.353762612
103740.074510758
103918.898162679
104027.215679734
103743.290935526
103745.841041106
103857.992641764
103826.551194755
103903.566790179
103825.519669888
103946.199220346
103915.736134852
103985.250624053
103924.6936253
103980.547565959
103924.316283536
103776.100330314
103730.238986034
103742.340701895
103914.088798489
103933.035064169
103843.901025811
103853.559362935
103913.419717358
103912.231939562
103783.767196969
103817.80683963
103754.911851779
103928.602258651
103748.273742465
103848.495056936
103803.033828297
103827.799354744
103713.824745875
103635.97657665
103962.164749471
103768.728828246
103796.762018443
103703.842690928
103900.073362765
103806.206514149
103856.530788824
103887.467021275
103623.72332479
103900.506802043
103868.277822879
103925.773540057
103864.392006834
103926.655313566
103895.918192284
103759.009932073
103754.84992633
103893.12604613
103784.292818681
103932.993134464
103808.834570484
103730.4203904
103979.878863096
103888.719384571
103788.462677517
103726.547952073
103792.272718368
103763.7278675
103961.414689181
103900.503375923
103799.35762806
103787.569833152
103838.274434942
103980.383528618
103783.875543702
103939.110482293
103979.152840006
103972.47772196
103975.13689978
103791.048509425
103690.673369336
103793.608784286
103770.1294197
103903.277710312
103852.881017882
103940.080025019
103686.191023604
103740.42683672
103837.846570391
103987.814828255
103942.443860935
103937.130035434
104006.884337369
103922.076808754
103737.569568969
103935.624561155
103849.246324748
103967.18135065
103804.027982182
103844.474599872
103898.400663486
103983.514719087
103862.055804366
103865.983331246
103837.122359712
103763.753068256
103990.306917997
103728.49427906
103887.217190478
104016.778448164
103846.823523332
103979.783008971
103766.00589431
103894.265104975
103774.234583159
103977.646895916
103733.267670097
103959.409050323
103918.332283737
103805.200128246
103930.762429672
103852.41775841
103771.424167102
103699.605072602
103825.097220948
103877.440780154
103714.962328012
103770.332077112
103755.865002666
103801.941921566
103921.819900254
103888.9401102
103787.007137034
103955.435017153
103835.217865849
103983.356634824
103869.120503915
103823.718618859
103718.773901587
103793.394836621
103846.721343597
103871.69230306
103828.599743068
103709.982191954
103933.6240356
103864.746236989
103644.085014796
103844.168313681
104013.670696604
103838.329530145
103788.661472159
103715.242824968
103903.060592799
103825.531967506
103726.853789667
103891.273018977
103942.055646829
103916.546604067
103946.118336775
103874.315219325
103847.567407612
103912.133778604
103786.077279136
103845.704997821
103965.587687429
103747.066398862
103675.203709864
103769.571037444
103867.029822387
103950.40934742
103890.018093839
103924.593760774
103773.274288326
103783.269134058
103872.614533165
103804.091856412
103798.986437751
103728.338934961
103742.803360674
103737.900506871
103985.714236192
103751.046250439
103905.059234402
103890.51692958
103702.656715977
103826.444242571
103722.363196494
103934.497548019
103944.520382693
103809.908137629
103842.510154453
103828.877634732
103783.414027532
103856.839749576
103921.944377521
103883.574951448
103851.761332555
103651.16748564
104034.465575219
103804.831537411
103927.14803952
103898.807216626
103898.040936038
103796.754310927
103806.609196108
103889.705169096
103805.568472419
103970.149466142
103953.093228721
103859.503198704
103918.310437984
103955.471246229
103832.608965671
103805.985192938
103728.285128492
103777.450725219
103947.199806175
103691.892007832
103819.466803571
103800.445299003
103931.574203882
103881.628656603
103854.223848961
103940.543263018
103885.440909795
103969.273585506
103839.783665973
103869.849617126
103884.85331797
103712.563294666
103831.045074114
103946.492350919
103750.6749457
103909.722480956
103926.504572094
103971.38306863
103786.756627533
103821.544924695
103898.173419072
103810.686104912
103787.559006567
103871.991171613
103831.797366528
103844.268956298
103753.62307084
103891.279487346
103894.031981691
103931.200674838
103912.509815201
103815.32511699
103906.93589432
103776.343573598
103863.184624434
103949.065730224
103871.966712627
103984.847727067
103800.170298522
103834.753556136
103727.7458143
104035.743566477
103797.301976488
103902.512844304
103779.884539309
103779.410752954
103858.365457607
103940.473336848
103944.067655358
104005.659388854
103785.671622731
103786.490728771
103693.851355547
103824.460014805
103819.506054273
103866.894602117
103876.048295313
103778.452314777
103801.035859206
103908.59514437
103964.252153311
103780.336515736
103855.176476368
103917.70444951
103920.611608156
103726.546847717
103911.062811516
103906.9928513
103939.797631877
103711.094320704
103833.764104727
103792.705565453
103886.843957574
103830.185311842
103972.606936109
103642.680782048
103736.175354737
103914.331358669
103923.83955607
103819.647354138
103881.327631419
103917.156225079
103663.617009177
103697.022475922
103784.968539353
103878.721331071
103690.870496162
103937.702130213
103883.397448645
103742.805576749
103920.17077303
103955.992552042
103847.036012091
103875.441585501
103879.837134694
103939.046103067
103867.311315652
103835.227428901
103908.651508896
103786.318767076
104008.771645272
103856.372951716
103851.861900362
103856.67416158
103898.713671474
103820.595768052
103618.938748313
103783.647052663
103762.129456013
103778.202823501
103799.741440335
103772.475677709
103843.579963957
103909.138330911
103835.77922699
103721.160756547
103743.568373394
103720.800645823
103862.571975186
103918.171528381
103850.111143037
103775.16844526
103848.103583861
103896.79992051
103933.144019028
103990.754303008
103880.843255603
103741.422028523
103734.790741171
103815.405783714
103774.510463836
103949.272947118
103999.791825655
103962.946496664
103729.771831561
103898.683780994
103901.38198951
103948.376233738
103826.710244209
103841.345551093
103775.411750225
103847.686363534
103752.996973635
103838.228473853
103884.44816397
103763.195994154
103735.397313977
103835.181712057
103864.738313936
103886.463951741
103884.775648849
103961.683991265
103877.14876592
103862.444314873
103960.579527286
103928.593754231
103914.926258542
103831.239547177
103901.094561169
103900.149019659
103796.749689536
103746.774722862
103979.272676263
103892.166826145
103859.359138589
103883.276946797
103702.256553174
103910.740327864
103872.030739898
103875.689906358
103864.526349079
103971.317052511
103867.123912467
103891.837921788
103827.419600913
103877.003740742
104013.152932863
103820.699959059
103803.164077377
103761.536004291
103716.744912188
103661.418470393
103783.314160257
103713.972731085
103887.961109946
103816.124154622
103818.027266058
103835.553359122
103705.752936477
103889.093013154
103802.821245
103930.066002781
103879.880681627
103732.100494597
104003.032645096
103993.852857141
103968.015598157
103792.362664146
103954.412172083
103973.14625991
103884.242046206
103816.365799638
103900.461266452
103869.051224525
103971.619640387
103669.396787946
103927.483999728
104027.807026473
103842.858923821
103758.942068538
103708.568104103
103833.661912424
103837.226071626
103978.519678329
103902.271494903
103856.463865103
103940.983008661
103928.342658982
103817.14250893
103839.957627573
103934.05644231
103899.785176171
103992.430369318
103861.600121865
103754.921316011
103790.986643183
103784.481618304
103788.94520792
103868.06380388
103810.575678509
103883.941382204
103956.684141735
103779.717851095
103870.533020507
103805.057812313
103770.271294762
103959.741528511
103814.513487756
104013.595470729
103801.508627298
103857.24991155
103841.104401053
103816.324090639
103828.16743144
103773.412691837
103622.148050298
103685.588641719
103853.491104024
103935.015098168
103765.337296793
103846.037400453
103849.613994303
103892.748349244
103741.398524162
103818.10315296
103803.064904226
104015.865731399
103901.17349969
103887.397749889
103716.577557631
103808.484499423
103711.788511144
103788.399638283
103943.02638813
103892.914105453
103892.733023279
103870.655160559
103819.281588048
103770.508566301
103881.751498783
103859.407723505
103975.189678647
103801.902240108
103801.667370039
103767.577220427
103839.049545055
103757.729646183
103893.734926865
103932.083890088
103766.936125535
103638.994951253
103887.490098563
103865.948470101
103913.281809854
104034.979642151
103843.537413857
103931.142700404
103848.251627119
103790.130884518
103842.849210563
103842.066080401
103810.333501404
103855.234055136
103831.374565057
103864.082603007
103947.897026896
103845.72863137
103906.53075238
103900.209839044
103861.244540468
103789.457160076
103977.352038105
103801.898024079
103935.888711699
103845.695249655
104027.107931921
103920.520610751
103881.139241571
103747.840359743
103858.766297725
103747.391450387
103965.511947711
103957.337741076
103839.090852284
103973.128035909
103894.118455773
103887.025833904
103896.832801533
103889.100597773
103761.13751558
103788.499818698
103927.695589205
103859.276819738
103805.719282814
103894.176517372
104034.888775835
103720.026181038
103726.318525184
103871.06178555
103863.449504711
103851.193247171
103941.833772259
103897.424359975
103835.234120265
103755.831565645
103814.235187912
103739.508685647
103938.238746573
103955.709549227
103894.901049794
103792.071287343
103853.998741798
103754.880072245
103847.684721417
103834.044850959
103812.280634314
103776.490497103
103804.739995867
103760.246554308
103831.324926872
103897.904632094
103900.890065793
103807.124048107
103813.699490039
103787.740336723
103869.120762735
103737.451462643
103792.581545038
103912.889967951
103785.52514073
103876.875259439
103854.98675209
103906.122500721
103797.945108244
103772.48657129
103850.524046995
104054.230774723
103845.525326197
103990.8639396
103916.131029444
103693.277809187
104024.518999337
103911.272669514
103923.500784384
103954.774431092
103889.286414065
103838.812388688
103899.502069643
103983.55877505
103761.688007075
103811.807536057
103625.250674849
103886.083213557
103953.708865394
103819.733349141
103659.134248254
103601.498139574
103911.919507394
103995.72494764
103876.332057329
103785.201404119
103919.914599398
103940.525502573
103858.618480301
103730.70853542
104008.062347352
103887.811863589
103715.611499723
103969.244896997
103774.324132895
103879.335140529
103831.207395918
103821.616454765
103764.539023628
103963.283451819
103862.53036978
103949.466767922
103725.022207303
