103845.021941651
103897.16055782
104002.038274942
103801.756946281
103852.107624692
103883.08054632
103956.213987405
103808.921335811
103849.752017658
103841.448893885
103850.999458521
103924.836989189
103943.13292749
103870.140924433
103812.209102666
103782.784480785
103875.026767217
103867.049864982
103811.041862774
103777.147540361
103921.021461388
103875.784014449
103940.028805369
103720.75066748
103756.195944486
103959.284700559
103999.2177866
103784.62358223
103909.739168043
103941.543649712
103927.314132771
103902.112439043
104005.954895047
103857.83499727
103760.841368465
103891.989125997
103743.714075206
103881.33860287
103765.809547212
103809.641802619
103991.635975987
103948.706699158
103981.596242227
103912.531986436
103915.50571002
103931.932414594
103674.810824236
103639.584768855
103881.622900883
103735.482416386
103803.41726294
103820.623547266
103720.909096613
103816.094615328
103854.62591221
103834.389160674
103890.178406185
103807.884783965
103851.122991163
103909.935236683
103907.105727832
103921.27749282
103862.897982264
103900.086404857
103989.967152027
103905.885412648
103783.738085893
103927.718347655
103839.406840185
103904.580356247
103799.294490984
103888.987404998
103813.237445888
103799.881716395
103815.186056161
103852.805640259
103965.106248536
103805.446293961
104015.378558732
103707.128489991
104009.804275329
103893.770424488
103839.237151371
103779.724464589
103834.919677706
103782.836777939
103839.982888618
103831.435835339
103877.742663501
103772.367584658
103757.28079941
103904.565927203
103813.950782995
103750.479622209
103757.974133691
103872.332876356
103826.175628263
103819.395413232
103870.161618215
103965.251655414
103861.77428194
103697.521694885
103971.212330421
103932.426427745
103789.553269644
103924.135564354
103875.554043336
103850.29999489
103935.449733173
103833.344470085
103817.816604648
103777.657484857
103985.803025646
103773.273022465
103870.539403555
103879.523834278
103837.623570097
103856.704905473
103858.103193337
103728.58325066
103837.978589345
103722.433191461
103840.728718709
103811.660947409
103844.963523851
103795.25433212
103801.907720124
103931.919784926
103741.121676929
103899.333380638
103840.736642398
103733.897665681
103895.18454694
103996.5284977
103864.774026784
103774.00273034
103842.999078467
103911.489665674
103933.7504565
103842.276120333
103856.137906797
103951.496030311
103929.156492466
103779.499429904
103765.163717498
103864.000549195
103830.0122988
103854.686702972
103889.433645428
103822.921465004
103783.924343312
103842.34541619
103746.79688751
103806.731645831
103729.119173046
103823.622060239
103905.139860543
103819.662956599
103755.801467472
103760.427995582
103865.410471157
103851.749322388
103800.320514187
103821.224878515
103770.229992958
103954.338749143
103693.094724425
103774.082977996
103887.638521004
103781.155390098
103884.853060215
103789.660332638
103993.499557016
103834.412562079
103695.186075937
103859.18294379
103918.318003681
103704.426917012
103923.807292346
103789.731546765
103826.368337927
103807.472931341
103920.464517973
103939.226978925
103663.457951201
103830.056787555
103892.353211125
103893.594413066
103908.19976058
103859.293300441
103997.051518986
103773.253215838
103769.470889541
103686.495423096
103927.300639517
103618.785841116
103883.436064712
103892.353288523
103946.175113724
103926.765322962
103795.176754134
103967.977193082
103837.223523022
103783.403827803
103762.478285168
103772.526869163
103841.647287909
103925.875311003
103834.746500301
103901.37140293
103745.494134147
103843.09769076
103791.398453252
103736.566083391
103887.135510939
103856.667810809
103835.881082865
104067.338116317
103908.189870466
103879.367997478
103805.167391604
103805.750431597
103969.243636661
103929.662323707
103884.365914167
103745.140381714
103851.073750248
103828.10064309
103872.558475747
103903.231572092
103887.284301055
103831.122519346
103960.540709093
103851.315584347
103976.845487361
103860.606551867
103774.045112042
103897.199929757
103866.357584403
103858.429727052
103743.179128605
103702.291157286
103848.982067806
103998.878555823
103927.850997555
103895.605940102
103820.600239329
103811.007852093
103783.329447453
103869.079915125
103923.893208923
103757.855487478
103893.12253793
103883.060565579
103802.838743142
103768.216668749
103878.245031052
103696.432162529
103867.908456433
103842.521266958
103783.886745513
103954.505089052
103839.243034916
103904.193832082
103834.612787093
103869.684625844
103965.223031389
103958.085134593
103925.373129606
103884.488593758
103942.226974503
103801.783354488
103926.308589298
103989.755191547
103851.177797074
103930.369089893
103899.68144009
103797.303871827
103865.346095713
103958.662367457
103813.534638557
104040.856744424
103926.792707782
103991.272008378
103953.211626625
103871.800299649
103950.68837865
103927.801383767
103908.307899409
103858.102991176
103894.398779646
103921.157681154
103736.9996267
103807.394016421
103751.867230521
103873.679911703
103909.551413347
103722.836781885
103936.766505717
103801.829687053
103868.05819296
103928.383930004
103755.989233314
103845.607019382
103778.357058553
103763.604999671
103698.688225576
103853.320639776
103828.771106688
103903.799248312
103888.102602656
103714.957112791
103971.900255724
103720.245738549
103880.076360345
103936.906348588
103972.254437643
103966.320121447
103865.111027538
103893.323586909
103891.90349875
103874.622586636
103926.241381478
103776.383520239
104016.549500482
103729.720621022
104072.207550355
103837.187286351
103825.260432944
103753.942576047
103772.630919062
103955.609745116
103899.646885356
103804.011435138
103904.278393394
103884.696573356
103846.958391242
103868.040393037
103790.359519765
103772.303287415
103643.457513373
103806.220514847
103840.538644633
103949.146974034
103806.256449055
103678.362322115
103935.814339363
103905.496556835
103883.467005551
103965.278504681
103905.669188358
103810.170088229
103732.05751281
103761.768782386
103770.029694379
103910.703220845
103829.68554107
103840.149289957
103788.059391031
103856.713507797
103833.915255222
103745.298545224
103902.153669607
103887.735985002
103781.648608848
103769.501338323
103904.74894153
103920.340247366
103863.330294568
103691.529540287
103943.72227909
103907.094874934
103922.961699992
103836.84261851
103957.070681506
104031.096478547
103872.351785005
103884.140298064
103883.714972623
103914.047242914
103948.545098018
104046.90672301
103818.38103868
103926.648284686
103724.611572764
103744.273224728
103911.081447299
103808.541312038
103871.793607861
103757.421941931
103973.498981189
103801.591779423
103995.63642852
103903.751799972
103914.664454273
103803.611472333
103765.241173917
103799.853512456
103958.313264651
103954.267218751
103794.095218884
103674.075954649
103818.240854569
103744.52704374
103932.279922753
103940.473740808
103924.470778654
103828.324416096
103945.551828436
103830.555252881
103963.880836998
103731.210530944
103824.009088198
103856.485459408
103770.537208046
103745.377325236
103877.521421762
103949.214645122
103804.878666358
103902.903896897
103858.944365278
103835.061673992
103767.318881831
103809.518934685
103931.073634012
103975.032874957
103841.278449401
103901.361983871
103929.530660143
103821.301199316
103821.414808317
103823.556122635
103875.899875619
103822.286408117
103828.874634642
103783.847654173
103861.667879968
103753.903235848
103900.998918879
103763.79556201
103942.957583343
103649.030081762
103645.97746456
103668.449554612
103910.77750319
103940.275377656
103919.220202082
103745.238031141
103719.754562928
103617.411600744
103873.443204178
103713.821538966
103879.988594165
103917.736433618
103828.061072412
103863.544414374
103858.109274092
103921.074170044
103759.921841015
103955.831918434
103874.075278819
103908.998115691
103932.095075435
103896.125136489
103864.673291965
103847.680744626
103873.906770293
103989.729538504
103827.123190957
103889.035656982
103867.685181797
103854.765794266
103923.034340592
104044.282796842
103888.622628704
103836.209187395
103887.32457273
103849.476642113
103737.204649943
103763.470951117
103816.316018869
103854.754373499
103794.450847226
103716.544986019
103935.797444839
103867.734055348
103834.624024994
103921.531329091
103968.708910086
103924.837631549
103654.399194428
103796.596780301
103580.655042161
103800.641529926
103925.692522251
103871.976645843
103890.431999531
103881.788292992
103781.997241508
103799.251034192
103923.825375421
103839.793026692
103931.996378682
103894.687066324
103634.054054473
103764.619800877
103748.201405704
103824.71614583
103769.774084041
103840.823767614
103755.34019124
103840.161029183
103893.753488433
103858.118790695
103742.722255458
103873.192608041
103797.136364908
103626.292156313
103954.600880362
103784.585812677
103905.218904012
103735.253517083
103921.856480282
103700.972932795
103791.35610082
103831.360691981
103865.548413864
103860.836529537
103806.783918527
103804.885273604
103869.254670209
103997.596640927
103847.498336562
103981.989392784
103823.428130466
104002.401705859
103780.590012741
104000.102739678
103853.150209647
103911.283488328
103791.169960947
103965.77279678
103766.314552758
103771.185817428
103634.927018075
103945.207140616
103757.57281391
103932.949356758
103818.510989388
103914.27839547
103870.786266196
103820.752334964
103870.062745455
103749.765914384
103812.390601588
103741.998847221
103700.894294124
103815.631491157
103788.631713912
103805.633477442
103836.920780943
103784.288763999
103857.512767175
103830.76839983
103977.718082541
103841.301565418
103858.330168747
103810.637326313
103982.468738997
103813.781221701
103975.923942373
103900.553668855
103866.078471378
103783.030838689
103748.635989141
103793.238011215
103805.972028505
103884.817114866
103794.914789791
103926.027374302
103849.70057675
103974.41546983
103813.637388662
103821.871834793
103765.553806018
103822.270606472
103789.605418034
103783.066692581
103808.457937113
103878.596745514
103984.142626436
103888.600680942
103946.559718796
103893.136447903
103874.662483039
103691.207317939
103915.761029182
103809.637437113
103833.279398331
103853.639152593
103951.719659981
103841.740530395
103910.33229013
103923.402030323
103899.244974774
103832.701931692
103812.825801646
103866.467080196
103905.233581032
103809.110095066
103790.115193871
103801.966140131
103851.830022088
103781.520285783
103965.908172286
103830.19583201
103904.705574862
103890.469282547
103702.197264796
103877.255633335
103820.212515976
103815.65953474
103909.017340024
103811.5899656
103825.993010686
103833.612630923
103841.38325261
103927.217037604
103799.303918643
103874.641662861
103845.281312968
103741.953048986
103863.226687641
103879.063901361
104000.305997775
103905.24165855
103864.858804829
103764.436964387
103774.000298317
103851.726325092
103862.586598111
103994.562949074
103815.396343136
103949.061518874
103760.2115827
103880.072065689
103985.360982521
103782.803789904
103912.701892545
103726.972169498
103851.784792967
103884.866903226
103877.040019668
103781.620684587
103940.364361608
103945.744377962
103821.047060479
103850.595331432
103889.158217037
103945.639177382
103950.503585008
103897.72471704
103788.117268624
103990.472246461
103888.792020683
103809.191898343
103919.190633505
103847.823684569
103858.234917007
104001.855609208
104027.756015869
103902.237838317
103870.661642638
103878.382073349
103771.413500614
103844.622193891
103833.094242154
103738.149417178
103804.226687992
103825.479700721
103926.585917721
103856.217404051
103939.108534859
103810.290346088
103950.818101833
103778.457382625
103790.216173095
103939.556762828
103868.570413926
103847.70073263
103821.215451969
103819.11260585
103864.271536131
103909.13660214
103832.140918388
103840.48047587
103817.020353651
103884.2517312
103871.715767589
103863.908016128
103885.717791152
103706.937804141
103861.473293403
103785.825116217
103854.106215351
104005.872710536
103850.4003969
103775.743376828
103848.723957416
103864.39441732
103960.669253853
103792.36877917
103914.668829056
103795.097785933
103846.210543765
103907.922889331
103759.88132036
103840.768309095
103823.675024026
103775.783932136
103739.827184783
103795.860155519
103981.614990039
103835.551185974
103867.659043012
103749.114702167
103823.294890137
103831.360291188
103846.802161475
104045.525436298
103928.341082875
103733.844006781
103944.079357296
103765.581401975
103925.966645762
103714.057105435
103705.40694465
103876.274062139
103847.047541532
103729.537362063
103680.034987014
103726.130454956
103784.61423117
103879.063508096
103797.96901958
103943.760507085
104024.224622716
103903.368475339
103876.805951717
103876.046607046
103968.044019933
103854.875501413
103904.898789858
103902.46413951
104030.75778166
103910.740323202
103680.309950911
103769.3470999
103909.473284855
103936.670482904
103811.020661412
103864.205603473
103704.176195805
103854.363489045
103886.833578605
103984.499388759
103844.900966009
103795.328335085
103759.941135615
103862.245362659
103916.368385803
103907.979262978
103880.613590316
103753.310441919
103953.866405097
103876.690396907
103735.779948796
103935.717878116
103647.665017286
103806.988673041
103864.638606271
103907.633365012
103894.081307766
103870.768559159
103990.673221903
103932.466323499
103875.042950422
103856.949036188
103901.929930775
103937.805465409
103749.737892407
103836.242330809
103925.339184034
103904.088637503
103881.180844193
103906.855258117
103911.23501822
103825.078315331
103859.953334122
103779.618022132
103868.287816947
103866.18558353
103782.511136412
103899.814347221
103843.455396392
103803.54133757
103935.421244464
103928.135649635
103915.505884044
103908.378388074
103883.765536445
103907.056106325
103709.161220916
103942.264443173
103740.487771021
103792.961173786
103833.882313708
103836.468628397
103885.939426854
103865.196368314
103732.94061572
103818.908576876
103662.83179364
104027.599491808
103926.045875938
103758.317516301
103843.322484572
103772.930170356
103953.460425475
103943.980296579
103949.750025601
103810.760066921
103903.368636932
103924.519907808
103745.470175492
103953.683202729
103738.695664642
103800.710069141
103767.518408449
103675.198798491
103792.065076722
103843.942156058
103899.824555906
103947.745452617
103790.313887752
103896.865288602
103658.806590487
103695.840105801
103857.955414712
103680.244650207
103728.241395754
103787.195320882
103911.855464992
103882.489599752
103921.443969984
103762.484952316
103984.964688895
103890.80318385
103857.402655517
103914.176541627
103916.83654152
103956.881605142
103824.077830066
103926.497139122
103691.304274929
103843.040548511
103862.257008104
103851.091708589
103910.196710931
103675.350639285
103858.340916441
103657.827301498
103702.035885987
103905.39610818
103952.775345134
103941.284598296
103838.419674857
103919.534075693
103995.364721131
103936.304755318
103904.162851088
103902.542485281
103848.035818016
103866.706508611
103906.786066874
103845.676793201
103632.132300917
103814.813974632
103905.306547516
103924.449817928
103729.759613063
103932.169751402
103864.772604885
104003.456256494
103785.298606583
103761.697112305
103922.521554128
103861.516856717
103827.964184745
103896.010986776
103959.793083989
103916.964131184
103838.198227468
103976.060287191
103792.747070137
103826.053443016
103952.90556806
103865.883268833
103773.706679143
103809.328130504
103949.047658872
103855.923452899
103592.286606322
103892.699961616
103653.498746295
103708.51468727
103858.161069847
103862.292917817
103752.747616438
103748.277911692
103848.569660972
103853.110253675
103945.771394042
103769.307654747
103831.060621796
103753.313898399
103977.563638054
103892.134948654
103885.247649749
103752.512925797
103784.561141113
103881.779810223
103769.981408538
103945.077270444
103844.891289821
103942.256525067
103851.72045607
103829.954831274
103995.632865129
103947.146435839
103855.834921287
103904.518283605
103902.969123852
103863.135326685
103902.5245616
103975.380211252
103968.943006532
103886.513761198
103910.414868667
103750.057403408
103861.90582402
103900.839155283
103916.171526687
103863.538122019
103861.667990177
103722.006985653
103747.893859943
103843.812587695
103830.391945117
103988.489945695
103864.491303253
103859.957633008
103980.30001712
103851.345145691
103743.28066236
103813.666273074
103916.855867125
103874.119840147
103833.092674538
103826.285721848
103805.39266001
103866.303636115
103850.91808999
103925.05174984
103866.603897379
103766.334336324
103780.368313569
103644.914524425
103851.966208678
103825.978926463
103955.948917812
103907.17614675
103786.31636662
103910.306582512
103889.11610514
103788.457951701
103896.224479996
103876.255232327
103868.357733876
103964.329142685
103945.327555159
103682.682940276
103744.280715864
103864.68404529
103845.811437955
103759.151698472
103816.90885971
103746.271111768
103805.732681565
103789.396293175
