103749.811043065
103783.788665815
103871.853482297
104032.839245146
103806.329924027
103724.767113714
103911.045409153
103812.539639034
103875.79618467
103759.905117199
103735.622812528
103800.176955366
103961.063880068
103807.401343844
103963.64626689
103793.95955874
103953.152993323
104009.494922278
103798.638637874
103801.602267346
103786.039923894
103954.627816414
103872.924086764
103772.14949768
103785.805334183
103782.950177717
103761.335209871
103748.23455785
103777.863255385
103765.487738531
103940.769892656
103827.660158861
103808.843419705
103957.266589342
103953.756547739
103781.337484058
103903.729227136
103910.337902966
103804.117682882
103761.656770726
103962.367447797
103964.760522497
103797.668247075
103750.8438231
103797.152326785
103996.30752343
103762.289405578
103784.671085925
103753.019730585
103805.080340082
103821.205699004
103846.618881815
103804.45553094
103798.694743397
103800.42972769
103978.052464472
103754.937960041
103956.725278986
103953.280066303
103748.538538247
103801.638643598
103836.437502397
103809.185254514
103951.250392821
103774.415243079
103820.180010743
103783.12911355
103761.448505256
103765.481199016
103807.994707461
103824.430689668
103966.070441947
103762.139908702
103849.027446899
103793.454291667
103810.225499893
103923.384077242
103982.091736757
103989.150566746
103898.400463741
103800.880627172
103775.248977235
103995.858531305
103764.035903015
103966.325634703
103942.846821503
103919.257152975
103808.066548439
103791.648099242
103765.120246179
103791.142825285
103788.30966438
103734.550865989
103848.292195882
103773.109226066
103769.905069269
103773.228964557
103969.761100362
104001.820335989
103783.209942116
103782.321920075
103785.848441065
103770.686990521
103959.56256373
103988.184883216
103839.190750546
103802.720128284
103717.381995837
103801.364232077
103812.261071117
103816.0022311
103772.967348182
103798.688769016
103785.060399249
103986.664287479
103804.502894113
103871.968879264
103851.4296598
103771.87662446
104011.759656345
103800.940540273
103837.998574801
103755.469669999
103938.554300326
103804.188757929
103954.560248266
103886.508198812
103772.131226073
103820.052427152
103895.378303391
103833.212325702
103825.059733186
103792.347563563
103793.71307145
103770.075341258
103770.52055475
103970.73992375
103935.818967385
103905.479559918
103776.914763897
103879.26694979
103740.604574116
103762.326142799
103724.093090658
103812.447307152
103788.131095768
103804.595310135
103811.620275762
103802.655547982
103796.886878006
103857.751405084
103781.517186699
103812.465954991
103792.67809643
103758.784121823
103777.268873083
103939.582923033
103748.258781065
103986.003100795
103880.111684205
103984.053818414
103801.152235702
103868.210704949
103783.653000618
103765.298780125
103780.230752525
103906.308203528
103942.079128776
103958.822692157
103790.479684945
103847.251034106
103971.64490337
103980.7698023
103767.905217668
103954.166903761
103797.869220591
103817.548525541
103757.595296397
103851.145818025
103986.369003783
103723.37997143
103846.108905019
103846.689542127
103751.180156788
103921.061927291
103744.517655801
103745.774813024
103771.008434741
103802.097668772
103887.978036082
103907.420449054
103763.604816715
103979.904970712
103753.063733148
103768.214122915
103774.54239592
103764.371026128
103877.073757295
103774.531071091
103725.72497472
103776.404110065
103995.414611299
103806.163177796
103862.895605508
103832.288518161
103739.069963976
103815.11834491
103768.811147791
103928.550863382
103727.636102619
103951.497208447
103795.977153711
103964.543108923
103944.948561269
103766.738031084
103970.066535711
103946.987797257
103792.642779111
103760.980235078
103793.578703126
103873.752776722
104009.156857258
103792.372542097
103733.011152891
103893.253407154
103790.133179469
103762.482023809
103975.769500527
103812.950586401
103765.905370988
103793.918226767
103777.9169586
103973.841551311
103871.166680827
103779.483388741
103978.335503889
103788.362748961
103851.702920424
103834.059288936
103949.519739642
103802.919724589
103868.342672784
103861.336684909
103896.556825659
103929.491896567
103827.938685359
103993.514405825
103778.489021029
103739.804634582
103730.741822292
103823.6093015
103787.963763048
103780.230153386
103726.719615138
103811.211145528
103974.099122915
103765.429394124
103832.501253632
103799.291552206
103831.864332733
103803.330743853
103985.252950623
103765.077523753
103834.323344251
103782.237801635
103880.46989482
103795.124916805
103772.28082886
103969.121190506
103787.26094547
103791.666938765
103778.061763801
103786.85367945
103808.475608007
103894.651827691
103796.110475644
103800.141561441
103744.990392205
104004.202564831
103893.194660236
103739.701311176
103801.642981252
103759.980337772
103749.720609507
103829.122532423
103795.58489721
103801.437473062
103802.11473908
103794.134337555
103955.886695507
103977.375375938
103744.230232706
103769.814033471
103815.359576614
103808.385998027
103799.147869895
103819.049872321
103799.374477073
103915.379141
103791.407478047
103775.765859452
103774.462192661
103741.108722383
103746.613793351
103949.535752864
103816.785252518
104007.396829701
103863.546527512
103797.147054631
103791.859020386
103785.609368965
103850.534267114
103780.946972554
103777.058444165
103787.874833661
103752.251904697
103779.359321222
103845.294495025
103820.725166211
103822.347202862
103799.542051236
103769.895560079
103965.955307623
103789.704856792
103781.740764013
103940.871100231
103805.263299441
103996.603204274
103793.210324357
103771.684890462
103755.678235964
103837.27389115
103787.41774643
103886.007639425
103798.279974622
103790.990478171
103818.299232816
103770.058388633
103778.656221217
103973.76674647
103948.942364869
103969.542085957
103775.712485136
103992.136353468
103789.170021417
103789.27684337
103739.404143124
103900.97394622
103734.488417545
103836.828752839
103723.625006095
103722.747732397
103793.441509868
103820.761306841
103721.302094913
103783.943897079
103990.893159747
103882.585035137
103962.279228154
103815.409843676
103829.716215643
103770.427690175
103971.94104296
103752.622319766
103839.994198736
103838.776658788
103765.838700879
103762.819122961
103782.181432874
103765.919189535
103795.44887054
103792.546444103
103987.361592995
103935.896513904
104012.512713615
103805.269386415
103793.206588937
103747.899331811
103749.602290721
103835.037182181
103974.424679421
103818.884635365
103794.720102427
103765.807968983
103742.638356831
103799.027298923
103724.047377686
103812.502850644
103796.576902866
103773.12993299
103949.437918813
104012.608055281
103816.577506911
103771.748640329
103772.699013189
103755.686735781
103807.731763147
103946.865363467
103802.59066463
103816.612435593
103824.503129465
103760.829400371
103760.480418716
103871.782268896
103891.501936628
103765.465480891
103889.270028411
103795.651139997
103765.406118364
103969.32086333
103877.53850687
103760.62514376
103765.687466991
103767.500318756
103745.447267943
103757.931168479
103766.156925874
103980.101872804
103820.71493765
103755.31652239
103955.866299565
103795.37648843
103828.528217587
103724.539123733
103785.762668391
103943.10695569
103830.931185164
103740.416673271
103768.485716039
103827.401270528
103807.24335605
103810.441292411
103842.435372257
103797.591862909
103804.126821958
103779.675370567
103783.987539476
103969.482894749
103775.250421239
103797.832625163
104001.862783091
103760.809783511
103768.458988972
103792.648279588
103868.811542369
103778.451267816
103826.685668369
104003.516191903
103764.807352716
103794.515186887
103755.787012768
103834.880976705
103751.261977716
103797.500010773
103761.373368812
103964.717469407
103990.219014562
103991.013217447
103764.376676209
103759.518333705
103962.487011488
103773.118542881
103845.743581301
103965.857957077
103776.440969045
103855.050118153
103787.83369347
103930.562047956
103734.161594922
103972.812252805
103840.595178421
103813.185066431
103957.201974139
103824.20139578
103779.807536159
103991.929862155
103825.3923086
103897.000748395
103944.712923099
103776.355454299
103801.848156427
103770.782590992
104017.207645303
103992.821302865
103769.974287144
103849.691305748
103772.124376398
103776.758343401
103761.154372355
103835.292247434
103756.626849464
103775.770792316
103762.491363181
103797.432311466
103915.414209957
103763.66998316
103784.514991764
103796.722536593
103800.618264817
103901.242921147
103772.570372529
103771.283959812
103853.894348722
103838.352820713
103861.830065251
103891.851297808
103765.159376121
103987.862908379
103773.463249808
103771.958288031
103759.340774515
103759.203932096
103782.326691194
103802.69166207
103756.612087337
103772.759565406
103739.512666666
103790.236116536
104007.915329228
103793.114263243
103987.029297588
103795.579183274
103957.251666212
103812.309379643
103964.613634077
103910.388346157
103773.638633277
103773.429904612
103794.638586935
103761.725953249
103820.360721814
103792.951544968
103774.568984807
103809.384076018
103757.695497207
103979.525331555
103978.138711182
103808.076690201
103892.644470655
103767.747442042
103776.841024019
103978.581163696
103979.906283848
103945.405439065
103730.013008425
103756.833503719
103853.362774033
103791.704413732
103944.06225039
103838.482799793
103946.267689387
103769.950601759
103819.539008663
103736.689766905
103783.114211855
103812.85469301
103755.626111316
103782.300767606
103714.449596196
103766.804271112
103760.652526033
103831.150862512
103796.320061769
103764.330135891
103917.83036106
103711.826105379
103808.856944404
103921.501978598
103820.946261116
103771.983941659
103967.118947369
103780.132215522
103820.386835316
103766.052202121
103809.073039597
103959.776812277
103793.644559337
103842.54438637
103782.855494851
103950.044579843
103736.010475241
103817.031497801
103756.925428825
103780.320099088
103797.746275689
103768.319868064
103715.244899791
103865.10823857
103796.641055791
103787.939539953
103985.432978061
103812.08149503
103778.941643444
103945.719585067
103799.815547609
103749.805475148
103974.355783889
103753.377943579
103832.64889337
103825.98070838
103942.261442151
103722.819503694
103826.130977173
103839.267892716
103866.408216802
103766.288461971
103810.510536736
103983.759610018
103918.983475662
103828.660547831
103812.993124598
103788.653039523
103737.486394655
103778.344740255
103897.431632498
103763.401636893
103810.003890516
103943.157701987
103783.479098352
103819.59922273
103763.154472868
103942.761364898
103782.743048746
103799.841060232
103965.593429138
103777.592966072
103930.238842725
103807.140696805
103786.186719551
103759.669582982
103907.58067839
103822.814565378
103804.074355886
103818.656494722
103789.991708166
103950.9084871
103802.465062839
103796.596484688
103798.429141719
103807.217808674
103823.598358143
103841.144372074
103778.645432469
103797.735990401
103896.848988638
103771.992605123
103715.976033614
103765.510594774
103763.080190273
103724.937240274
103809.907529132
103765.723252422
103794.239621858
103778.58143402
104011.813391621
103904.745741386
103804.434169062
103776.698783526
103762.47636781
103758.640243237
103782.606910286
103976.706159996
103974.044206191
103950.104340556
103746.603032095
103766.700322226
103912.517431216
103826.51944764
103827.528853482
103804.935356773
103768.756418903
103779.411436374
103748.376878534
103836.39272992
103756.815326879
103811.471196003
103953.596693704
103788.983784049
103965.847435182
103763.785624215
103836.852741937
103763.686463135
103705.002797345
103803.392268268
103962.476668353
103765.302523263
103771.587748832
103968.157184788
103723.994074832
103821.409379834
103935.228799028
103886.018737728
103816.403176477
103755.177142673
103790.73911301
103956.550313747
103862.642465119
103803.258223878
103937.548166843
103753.05374062
103773.537043205
103809.678374455
103764.481468929
103799.538800605
103807.247373865
103785.021828509
103822.878098087
103748.630078721
103808.940091839
103718.097823805
103797.290249549
103746.613431783
103960.600526027
103814.588496662
103796.384438701
103858.959133815
103819.071058745
103956.608149863
103826.289503635
103749.155599701
103775.428500491
103783.891186237
103975.942252187
103778.451123422
103797.208804441
103795.368570152
103805.62274175
103784.881818308
103763.274887866
103728.487742
103793.780505596
103817.590704011
104016.714318857
103960.487892043
103705.300936283
103896.538573129
103855.04068608
103886.54522309
103775.187551437
104022.81395453
103803.834415466
103883.747273875
103815.218969873
103953.832020045
103772.934749955
103919.368814665
103796.3905032
103948.121683311
103777.040636905
103796.266857035
103783.733464548
103872.489162516
103777.645865444
103801.537325834
103837.8350059
103802.319237232
103745.877099138
103800.6556431
103947.261229586
103931.924394708
103795.146351017
103795.757783115
103999.312703208
103738.558507019
103765.369460414
103758.943957609
103783.311202546
103834.883941127
103773.276666576
103755.579320282
103790.122309317
103799.492035806
103929.955092208
103973.964681454
103812.424151521
103964.327370568
103971.120884615
103837.295002972
103818.572201978
103989.580643532
103780.937510434
103771.0184354
103770.805028695
103709.783643293
103867.165578518
103780.927481053
103980.399360804
103938.950056652
103758.532421815
103932.435718496
103786.578898002
103963.109752371
103815.502659442
103844.2494879
103823.817199883
103829.082621307
103953.933763717
103765.232374031
103764.19759559
103784.618306623
103804.860508358
103802.500974621
103751.192862539
103799.997944919
103802.31198122
103978.162674604
103847.63271967
103789.080798052
103937.147458946
103917.090827294
103798.420616611
103937.831407421
103801.711077912
103740.533784985
103773.973291258
104000.960682585
104017.965880736
103775.294327774
103792.575542353
103764.062458111
103808.798441542
103977.325380125
103777.656221818
103780.410599188
103872.277727599
103825.624351923
103986.645879259
103947.839979999
103750.814605614
103831.217227885
103833.130600886
103821.134339185
103752.37508296
103714.127861384
103816.495171655
103743.126735078
103760.899289754
103780.667254143
103801.379053293
103966.303575501
103777.679048937
103789.256575078
103958.290524682
103805.565093968
103882.156618823
103993.376862858
103926.805257919
103785.094905973
103785.730831741
103775.287118034
103813.083324871
103803.072344338
103807.614146681
103744.261712788
103772.567306703
103746.599348579
103966.779482812
103968.923814064
103780.296851357
103792.141761309
103835.093800144
103802.23747684
103774.873629329
103762.263747856
103707.979865374
103872.779655618
103818.213134793
103932.109303214
103788.672010203
103792.563585462
103776.397899967
103755.302801476
103812.6197793
103775.359375162
103814.654672019
103808.58813301
103750.291254106
103758.508204344
103807.614257377
103751.473907086
104007.602097746
103790.576517632
103940.221103593
103783.090590065
103779.092995965
103794.164411046
103826.876722722
103810.966371194
103968.176384512
103763.186414485
103942.979910719
103744.079140394
103788.056505851
103789.925466509
103823.854691464
103828.181015196
104020.717348173
103782.040497859
103871.656619811
103793.829430779
103815.363957964
103798.530053303
103791.903225242
103817.949000273
103853.829572254
103715.061161906
103853.160595732
103749.596935709
103735.637254606
103897.028830702
103820.688246762
103754.925243517
103950.39831136
103796.754951352
103828.070344678
103737.23074093
103957.867877839
103796.121042125
103783.416183072
103792.066802847
103825.359283761
103977.228386073
103782.115475303
103943.460041992
103793.959895237
103775.5801211
103774.201520793
103798.181901725
103852.297106346
103957.185508325
103763.914600222
103791.555504325
103799.539652018
103792.548452591
103795.327743085
103804.724770883
103753.952445655
103967.394920125
103765.280703347
103743.712243796
103846.84054
103790.632758107
103799.771275234
103774.508705146
103876.208365964
103796.894266426
103755.060364845
103720.014736099
103757.254356222
103771.161491848
103850.132625939
103807.186109085
103753.617750437
103857.409644625
103800.169083331
103857.769509429
103997.312806951
103805.754224373
103821.52501116
103931.991545544
103791.949670899
103807.673233068
103982.615294187
103824.320421833
103832.986705738
103745.029693735
103746.136991881
103826.662671127
103812.135960147
103818.893240097
103886.135545093
103850.979267618
103914.474385754
103773.267469186
103800.910823066
103828.934033603
103790.646032407
103963.580037839
103956.493020186
103767.755763933
103799.623641485
103948.848806539
103962.618617522
103932.038531311
103924.792198245
103776.492999979
103739.144787103
103786.933111224
103971.198085644
103854.321371621
103787.676345441
103795.167675968
104010.232759585
103770.741706536
103903.947470615
103996.365317886
103856.027776778
103801.488836561
103819.582365461
103919.610232984
