103852.013239685
103851.926232642
103859.103869263
103835.765821971
103877.812228829
103859.735345813
103873.31665761
103839.135968153
103891.238369445
103817.329621518
103858.832567398
103824.409445823
103835.380128798
103847.215561237
103865.725685318
103828.874710957
103857.613127633
103857.935231579
103906.805421197
103879.50388981
103860.40932924
103796.968815029
103852.392258425
103803.721242743
103842.287133153
103862.634589288
103889.110229617
103814.583770358
103833.483872008
103851.122929505
103850.211969149
103819.19727151
103888.707130415
103879.661844496
103907.680787418
103835.200321387
103883.39266337
103835.054887782
103764.902626803
103898.49706357
103848.979187146
103791.467492961
103815.663901839
103864.610059676
103842.436825985
103825.978586218
103839.899347041
103811.486173525
103821.244558951
103862.03877653
103850.981006621
103834.279179239
103849.127210753
103911.38297901
103809.036189371
103835.328997531
103871.050901069
103824.57394435
103878.27373794
103891.913747482
103860.764258397
103869.192239173
103862.074245323
103835.470020707
103865.831361142
103824.620978357
103838.445627897
103841.093390795
103828.190950981
103848.461096867
103842.450220043
103822.724303582
103852.709911896
103898.034605854
103892.042431087
103832.307660442
103863.049545863
103831.648283326
103810.793918373
103790.068970989
103861.697424649
103862.894564411
103855.021101347
103860.115133476
103813.295616132
103796.518371822
103845.199926359
103887.959672731
103837.258635515
103887.643133492
103839.242671653
103840.302274932
103851.531677266
103839.168707559
103879.488676131
103892.039222333
103835.052380342
103837.062282254
103808.294621864
103830.493059547
103856.50459974
103829.016227136
103844.589575209
103835.874645105
103853.626401125
103853.350393366
103905.07339726
103883.131721842
103862.701507829
103837.271119172
103870.186757146
103858.165858823
103848.119915645
103857.866202173
103864.537736632
103858.273692441
103852.046822419
103862.540568038
103832.399812247
103788.279143807
103843.930653964
103860.32855028
103877.123721722
103880.285105849
103851.250615826
103873.092817914
103834.838407681
103907.506910391
103805.331072474
103843.513392169
103848.09009361
103830.763000895
103842.09636106
103833.059845855
103873.582254675
103877.888951802
103831.302050324
103874.936096846
103850.168536803
103842.052328465
103865.341354956
103858.989906929
103861.757520514
103884.428240291
103857.589506424
103850.528208183
103844.106373331
103834.99039194
103885.448917853
103895.632706224
103845.605477478
103855.044766899
103848.237647233
103864.317398843
103833.15864538
103824.601760248
103833.921220005
103858.963066623
103841.858063846
103882.881544545
103807.787902109
103802.479801445
103785.256636199
103937.276704326
103869.93425235
103819.026937887
103874.771053348
103822.900864972
103836.125158781
103907.141515804
103823.280970345
103834.900001148
103911.272339505
103841.563227714
103780.027578124
103850.238198646
103864.593902605
103860.97901473
103869.168603013
103805.519375544
103837.475320519
103863.933205857
103897.477355353
103792.909270867
103853.207666659
103795.164342519
103878.969135648
103877.448174419
103871.537432547
103819.492951853
103844.14369025
103820.007604855
103799.188437247
103804.582248522
103918.975770191
103875.721247943
103834.62723127
103871.417247366
103831.146240933
103902.830665589
103826.00945872
103822.16340162
103785.624548294
103851.996893991
103859.879642812
103846.257954918
103868.169814457
103849.73456731
103862.834130746
103865.302328514
103816.766830579
103834.707880984
103894.601620717
103851.904160468
103882.986756023
103854.830800669
103807.549813882
103792.480725912
103856.007837523
103848.471298833
103810.87964359
103849.667392468
103889.308193942
103842.754966392
103781.077494768
103845.825412981
103875.412201188
103829.412046926
103784.761339251
103795.328034257
103858.278835674
103829.340623088
103809.516454563
103870.492168498
103754.88257507
103836.119718669
103891.599313853
103883.123826769
103845.53065131
103865.404061782
103847.056671952
103805.329189111
103863.693528461
103887.320061423
103869.391465684
103870.547955216
103849.764078504
103820.810628111
103838.945027588
103842.182560394
103813.803706989
103866.295013792
103834.221982483
103879.478156006
103892.032622149
103907.760721237
103852.900660106
103883.305673364
103824.308322126
103831.986371929
103849.655093818
103814.349613684
103803.776717491
103849.257846919
103814.450396838
103832.941160197
103904.077277279
103820.194762339
103847.654593556
103894.483441871
103891.050065903
103877.297330228
103860.668987143
103875.241466518
103831.760428279
103859.594497898
103867.736488055
103889.220154472
103801.648106945
103889.685755713
103826.046059859
103766.1305075
103796.987095845
103770.40766377
103862.208693437
103847.562006165
103830.224992447
103826.129092316
103817.522732464
103811.79922973
103853.937747845
103819.857399778
103795.554232808
103861.971261248
103867.983088055
103823.861873863
103852.097824447
103790.773638161
103898.739978604
103853.621328063
103812.373309198
103861.226615788
103930.530074628
103866.69072876
103857.79258091
103875.308464646
103873.468240611
103850.882978469
103894.594501217
103861.153743782
103875.914737484
103842.582807898
103836.796875396
103857.104008452
103891.899469287
103830.35132802
103898.364574591
103795.382651024
103803.677905424
103814.961579554
103853.455761151
103848.067572289
103833.114489498
103840.562331979
103804.431387688
103893.689682207
103891.742023909
103886.513113889
103831.070680239
103825.780056595
103790.602037722
103847.832939244
103872.894914445
103875.961824091
103815.844932073
103826.987583168
103804.826974325
103832.328747474
103861.808024421
103853.789321607
103866.148074345
103847.811876748
103867.120492514
103802.511949827
103857.167614336
103897.196779396
103848.173793023
103893.398872285
103816.286380098
103835.964917962
103839.737623318
103855.258435554
103827.185704107
103797.099620289
103846.336773967
103891.933963997
103801.515848086
103833.207690098
103885.88374745
103820.469444708
103817.930558151
103869.276331896
103835.080952543
103855.542366398
103876.20488919
103899.347520832
103858.593621889
103854.616727729
103854.496567021
103874.201318947
103863.682148028
103828.051475973
103896.552829241
103858.512789535
103918.527744755
103827.859808517
103795.779468693
103803.644987521
103822.262074065
103886.70178416
103791.344598714
103881.631573588
103837.867935806
103858.103423352
103817.984819329
103900.324556786
103906.996151813
103871.012094543
103839.279775804
103851.91739696
103868.169615669
103785.290782267
103799.974619609
103841.6073623
103840.380940257
103816.808672222
103880.69759479
103834.272644258
103890.492842081
103797.8901228
103880.801159634
103882.317042903
103851.071919592
103844.70796044
103819.383797606
103827.741970141
103858.74611941
103779.316884627
103848.712505459
103863.928940511
103825.124030697
103822.680322972
103864.902290326
103837.22153673
103747.728685592
103890.627140643
103856.907612482
103820.535173045
103860.022286524
103859.495050512
103867.935964336
103831.67502146
103851.692469801
103822.769869902
103854.675831453
103817.939785983
103826.090269499
103913.503124781
103861.830271969
103826.797687973
103847.089196182
103883.848154045
103853.604552121
103837.258035541
103839.962586979
103834.785041329
103885.722582098
103885.549064612
103862.151531483
103850.529913734
103897.284356944
103862.233561187
103810.309715783
103876.577547276
103857.720373737
103910.729600464
103850.337840717
103874.41265595
103864.955547595
103804.17297764
103813.002319944
103857.210718196
103805.672724759
103830.703345669
103831.225991157
103874.439585599
103842.686151378
103854.716237138
103875.855437397
103843.897093282
103867.664910213
103849.021323121
103848.02341725
103845.384378224
103861.490476202
103891.205363837
103839.488524273
103849.225910985
103838.44034334
103764.306686357
103811.439098827
103846.960069944
103873.44908003
103885.707664926
103827.023069512
103871.48325502
103877.831962942
103884.965703143
103854.010707564
103787.954239206
103861.351086704
103833.919511854
103924.194666021
103864.069933839
103850.958361504
103796.763561616
103848.946795097
103825.36061185
103847.330456491
103898.600571742
103858.745448992
103827.226408277
103854.625601219
103827.360414748
103860.22734072
103846.042402313
103797.299437295
103857.181559089
103846.867304885
103838.521241599
103827.055459344
103890.644591962
103838.838546165
103845.777346096
103821.464171373
103828.224597794
103807.139200976
103803.498856173
103889.82725661
103856.875540232
103843.636567299
103871.304695203
103852.562748333
103760.12990243
103839.253159488
103850.347473583
103841.13862808
103869.548457754
103845.694276004
103815.115597666
103870.464584565
103847.336787902
103832.764486518
103829.467664057
103879.664010821
103888.463869567
103862.459687341
103844.083172623
103890.940472319
103852.261558387
103894.560886858
103828.839973299
103865.634067034
103840.571243478
103948.10415116
103807.433322844
103838.028989593
103854.035407292
103863.249780008
103874.565544597
103846.843609269
103846.907945405
103821.230555956
103865.265236172
103810.265855429
103854.461975676
103855.747133394
103835.560950898
103887.745890384
103824.784859394
103847.004553489
103851.649374312
103858.34361501
103837.828027771
103891.375398909
103829.64622649
103794.378259955
103850.259334562
103904.762204085
103800.983136124
103891.035741257
103817.282719978
103721.715534617
103877.316346281
103819.807510021
103841.426737043
103901.763003099
103815.954248031
103792.624939838
103864.905294316
103838.024108231
103865.570187791
103835.617441123
103783.273184822
103767.373250129
103805.68136368
103854.698673276
103861.538240179
103873.523144561
103872.151921107
103850.632107582
103821.732995149
103770.269133293
103851.187984124
103843.296987001
103838.458767716
103830.051392538
103829.601139777
103851.341802928
103869.736566503
103838.767875858
103857.989934743
103802.667377969
103842.637367875
103876.666411804
103840.876184723
103809.472960702
103822.767659168
103855.532517562
103919.002303739
103854.440013524
103836.303680865
103850.142727413
103806.517173756
103787.795402892
103822.629502217
103800.659853309
103797.075177016
103811.522029656
103795.072240603
103860.431362897
103820.249857275
103824.168070546
103839.657738271
103883.217334876
103820.858409899
103853.256735976
103874.843277357
103897.53105372
103835.407947329
103858.240908588
103856.037406983
103842.147616725
103863.61912911
103840.99442985
103859.439722139
103780.647815316
103785.913167364
103894.361520615
103878.857606674
103894.550000604
103862.903263316
103863.207654923
103830.662828371
103871.982327892
103848.783734173
103911.221903724
103864.32669468
103846.136020631
103762.728039086
103880.594087367
103778.767541005
103798.293651216
103898.806159741
103829.587671514
103831.891538706
103827.09974115
103884.255294546
103853.529443303
103820.830442286
103840.533814004
103834.304627091
103852.081439334
103825.508609063
103843.569303659
103837.475047059
103839.362192758
103836.450819936
103818.378014162
103834.907345391
103876.597794191
103873.659883131
103798.193731849
103873.488755543
103778.653306558
103874.839451923
103826.791246144
103871.236374244
103871.867843192
103847.195589987
103856.102388792
103847.487983103
103859.323441999
103803.814019815
103912.013995867
103814.414021136
103860.133008081
103840.606286251
103797.592172755
103908.507941133
103800.618093041
103882.76100819
103822.203859257
103816.46204546
103836.636920144
103840.05689867
103856.475211815
103902.638338827
103842.702722068
103808.624515571
103847.216110292
103896.516453901
103856.879265384
103803.353372282
103856.50850792
103837.287092903
103824.933909024
103855.623647592
103874.197222207
103860.985637154
103824.524680383
103855.897817564
103830.974456658
103878.430564322
103802.739837432
103810.113593246
103878.109394222
103842.397166875
103830.040561475
103840.461496936
103855.157259698
103850.356409819
103859.153048902
103839.505828236
103883.14137701
103903.444193046
103862.828010373
103896.051537595
103847.105260723
103775.435138999
103864.312306748
103844.760331616
103817.198071102
103829.994917057
103883.667721621
103830.266340324
103816.227283253
103873.555795159
103873.161718685
103838.087366141
103809.468952594
103865.567840124
103855.429571288
103832.379072684
103896.762727032
103835.798041658
103850.956216559
103830.655158016
103879.365128457
103797.56859933
103860.385403829
103858.846094051
103851.944280205
103825.255335506
103847.537495004
103830.973507644
103858.756522841
103802.025855676
103854.687382352
103840.126953124
103836.123102999
103837.231212813
103816.03710548
103850.383160928
103811.583727771
103857.624989316
103789.350029545
103872.851584379
103851.070924968
103861.190138833
103839.678035931
103792.913583399
103848.433544879
103848.103688046
103840.77950643
103815.679187575
103843.677080283
103793.908229061
103894.587301553
103791.134890993
103824.440480176
103816.594496981
103846.990143339
103855.421414274
103855.127125146
103848.432463314
103784.477851176
103852.968942827
103848.872902307
103830.044344388
103830.106586331
103854.26365572
103828.718681629
103848.574139492
103841.323198828
103870.204796698
103781.214999341
103849.639679053
103877.64362284
103851.370506826
103848.074916601
103831.55080033
103883.88969142
103849.951559681
103797.038734154
103846.665910058
103913.166949756
103826.747463601
103836.987312352
103815.318896251
103848.452949302
103863.045576333
103833.811087348
103871.233027684
103871.00722974
103865.958820427
103833.589723375
103867.082984595
103872.97446538
103861.958359812
103831.988819815
103800.999670191
103873.096978167
103899.191101488
103862.253686211
103799.746011414
103859.331799208
103872.978126103
103819.243888012
103868.489822822
103838.615828775
103801.445261007
103815.242894045
103816.660591174
103867.006651409
103863.777239478
103913.603313316
103838.247444987
103811.875084436
103860.992369983
103864.799734743
103814.590962414
103884.853686056
103847.669168264
103832.836915142
103843.712738697
103851.500996284
103888.011124612
103871.086864004
103896.206570536
103873.699568763
103825.828047444
103864.443681874
103808.547022981
103817.309769665
103888.914061171
103853.769486185
103803.681864169
103864.29457744
103826.451110183
103866.495821328
103839.529035506
103857.805674043
103809.758150836
103896.131653786
103822.73419394
103805.801892993
103874.631213313
103860.235912689
103822.919510802
103834.932955702
103902.95935363
103838.280990251
103855.295088066
103856.900095362
103874.496361152
103830.63257712
103860.09944918
103863.997285298
103821.484930235
103869.307503696
103879.54611086
103842.523129311
103909.698519636
103841.260321588
103855.575169737
103851.506005491
103832.183757641
103854.550095743
103850.218154441
103812.954927753
103861.296360539
103839.034089322
103872.961632242
103839.639366787
103836.019550852
103889.802106653
103860.283064787
103805.622672043
103873.901101787
103862.314392235
103758.012892859
103847.246745125
103860.159106248
103828.782169372
103800.671086353
103841.200821676
103852.039373986
103853.182662194
103877.838151602
103853.894338755
103821.333620664
103801.863710166
103842.382805062
103851.771764595
103896.208880194
103831.115382906
103840.641729468
103876.8711847
103875.81851905
103840.948107074
103846.884115873
103841.730233839
103809.057498697
103868.364905302
103840.549196487
103854.60563618
103799.584647408
103866.237564267
103856.63868291
103868.802556142
103892.910732346
103903.882366294
103846.40558215
103809.686352177
103783.291894434
103845.373804107
103854.436639346
103889.38244943
103806.66485009
103872.28866735
103758.594224762
103859.264480361
103744.932853141
103861.38586041
103837.79500404
103890.354584738
103850.070880062
103868.371931265
103816.395332387
103789.906051472
103812.142064427
103728.843488893
103852.499585863
103842.900312
103885.51438716
103851.326213201
103891.641285393
103873.296892716
103844.193275663
103859.324131333
103815.202988111
103808.471074234
103904.503531746
103843.243450582
103841.898083632
103866.262132389
103837.075013298
103833.634191609
103845.168937771
103797.416212685
103922.14279328
103862.883103134
103783.997170395
103820.410855256
103853.581261901
103864.681208713
103868.110250478
103866.79696669
103840.348409676
103837.397323589
103886.755729679
103842.91786152
103862.155800981
103851.019540172
103861.453731287
103850.06065131
103884.627444919
103804.239667308
103822.539390116
103862.450837136
103873.745763398
103843.327829273
103863.640499406
103893.786038105
103837.306801382
103853.544926544
103857.939489808
103802.679562431
103818.485620617
103834.806646204
103855.670920661
103848.436098915
103887.823422259
103787.838544671
103814.221006603
103841.343363637
103798.681289001
103834.065392798
103779.492162739
