103794.349043496
103875.109982623
103744.56988406
103930.997589759
103727.217871326
103811.242747979
103930.056112446
103979.702157635
103837.015233539
103805.662709596
104031.675522219
103877.314349297
103947.827334675
103802.004209592
103923.766385513
103950.184226982
103772.3893566
103738.342399386
103842.921982138
103779.488039791
103796.752442332
103713.644157829
103728.506408135
103944.748528979
103767.38707317
103833.30168938
103725.071475949
103842.044113915
103847.287756993
103841.683855241
103760.932195448
103945.232654704
103785.469304173
103784.07803871
103754.675100301
103811.079062767
103795.721174186
103925.232146992
103924.961076446
103912.305427252
103788.325133006
103921.290515689
103691.070110908
103991.264617438
103667.281523078
103761.471504446
103919.946550539
103799.646348431
103840.129840432
103911.462407355
103949.447431908
103920.583535298
103801.247752831
103932.288321373
103874.597606259
103802.042725689
103955.182760211
103771.119837209
103808.90874417
103729.737086069
103740.48634206
103857.86876661
103889.410150614
103767.050738697
103762.951516992
103909.7976474
103838.485736104
103779.897814978
103833.4035682
103741.052313032
103982.994167147
103789.939656423
103886.488177008
103791.77731056
103959.638010755
103827.867545249
103842.24848801
104029.897475409
103953.921226425
103723.355753799
103751.069345753
103870.562338999
103959.674613186
103754.35559135
103844.496005375
103776.106709416
103912.308894637
103828.833178243
103975.757691239
103844.361483468
103805.880902114
103803.313663327
103850.409925027
103780.193809734
103928.462513771
103699.963235008
103996.444771471
103942.934152244
103942.589081544
103809.638903936
104033.967104937
103808.314293898
103786.316814268
103782.384351292
103747.59896156
103885.487217513
103772.444299877
103806.749236987
103809.224160291
103795.320382452
103809.687955112
103708.688752841
103793.618875657
103747.039092938
103723.960432462
103882.529953098
103786.473393564
103907.574113774
103734.031705357
103763.547213017
103822.387135823
103774.235142145
103901.335071193
103811.827288176
103991.994160944
103879.31443417
103778.757673502
103758.228677591
103966.20855481
103941.707139115
103758.994572712
103988.775537576
103775.021678616
103895.529618446
103738.626744311
103743.160441221
103793.591038089
103788.631471555
103765.338967816
103892.420976247
103897.148949866
103782.823908038
103813.758887215
103971.31007343
103799.99130704
103962.673124153
103691.440463212
103792.780398441
103922.88838086
103743.378849601
103744.201439746
103827.903847129
103963.955374087
104036.245714188
103921.369050339
103782.058883175
103978.690990017
103763.67453767
103903.3052614
103977.710989293
103795.206745587
103941.233629207
103731.962442655
103792.834212208
103728.934463922
104002.095028164
103954.138719489
103941.258926182
103765.434761019
103880.457812443
103789.224129102
103775.370695903
103753.644054882
103747.913501268
103955.093084125
103742.962372615
103859.961775713
103702.533186674
103791.700809186
103767.914701517
103968.82365375
103758.09192067
103827.219195317
103808.951960083
103802.251027801
103792.243935585
103800.599951106
103781.076988959
103842.57461396
103934.481118347
103939.332112592
103942.050446076
103957.385249517
103952.635824774
104027.193167764
103794.602972203
103919.555222603
103732.121641129
103926.186682259
103900.656938116
103923.279226378
103738.595902744
103805.945657967
103761.483368594
103841.990447185
103947.169362528
103728.245112835
103969.272020715
103781.143924251
103778.66871496
103772.579909767
103741.489038548
103780.765507287
103778.94064343
103902.244709443
103962.392987986
103831.035004662
103812.479859929
103754.53864907
103938.420938955
103772.555140504
103778.91313381
103768.520496847
103720.197930458
103747.755055513
103942.140467858
103726.216097927
103956.273981983
103810.354207972
103890.384846285
103748.353015567
103936.075523154
103785.452219019
103678.667735853
103747.708027637
103956.560299324
103938.40368793
103730.474605311
103855.07422006
103939.646009568
103745.802345585
103759.793411616
103757.298258245
103887.327178519
103786.303459071
103841.711528379
103793.426154619
103804.529970659
103817.464551434
103740.775850363
103713.728350225
103746.235378599
103804.79944213
103816.651021324
103751.993468465
103925.012495123
103919.542517625
103814.191675758
103773.185922589
103729.878374579
103963.463129205
103781.054672004
103762.817353151
103754.812508927
103845.467712307
103801.607176932
103788.783155873
103736.719594866
103786.638292208
103764.671764476
103739.683247571
103770.281434054
103769.604468863
103894.354105478
103799.801501048
103726.97821172
103813.190371262
103929.480996651
104001.663606988
103769.845358034
103818.420323214
103765.759581673
103711.395503813
103854.937767262
103970.695128696
104007.675232288
103761.394704297
103771.138685267
103993.782571885
103845.938253659
103906.158407172
103796.416129271
103732.450861743
103735.926991289
103941.341843286
103787.999827467
103742.368321775
103825.143875924
103701.243682487
103936.811185202
103766.926716694
103795.046664358
103785.516668118
103753.453528892
103779.347439373
103789.333015629
103801.233317314
103823.896965369
103735.066220557
103747.220766934
103804.228039028
103763.963442061
103821.261217596
103691.493238526
103830.640502363
103724.384443973
103725.803631712
103828.927463922
103786.685508017
103736.125808387
103942.423257322
103819.867070381
103744.581698295
103737.993192391
103757.249492686
103856.880221831
103769.315226026
103774.824774604
103733.644987494
103721.543203514
103909.956642342
103840.293075613
103766.213961386
103788.155964948
103956.880299055
103777.927402399
103812.434228651
103981.074087322
103952.018554806
103903.674300611
103970.055765717
103948.432150889
103746.683688825
103727.614910475
103903.386099838
103815.756051911
103784.743880392
103917.819505797
103825.120735492
103797.326175705
103932.354877718
103786.235210967
104012.204057604
103942.974351288
103822.252170209
103793.328501274
103756.334150927
103740.616486429
103917.131731098
103887.984775636
103722.099172006
103891.204115496
103968.086120507
103740.402859747
103698.804070434
103912.502756076
103768.482849276
103933.627453894
103902.294185153
103797.396678052
103783.36283849
103922.146860856
104040.140087362
103766.36384264
103787.381082322
103744.151647734
103810.626620449
103786.592257587
103812.407185171
103718.559029789
103788.970097657
103871.828776253
103759.450308222
103794.327581964
103740.84677998
103738.64834202
103714.654033584
103949.146494553
103785.319619554
103944.710056483
103733.406223463
103862.315950113
103737.90828501
103765.977222234
103751.264198249
103796.61200483
103718.903112777
103996.827145322
103693.237718842
103927.577554061
103822.882414061
103752.60985704
103744.740439203
103786.903987636
103726.95103821
103723.284585012
103991.123235621
103792.927074318
103778.402257017
103755.116692537
103752.476753268
103781.818279596
103739.848209526
103814.78246011
104013.855241445
103874.809097311
103850.532135749
103771.566242732
103717.049184711
103948.066456761
103947.94001068
103907.943008653
103888.859133757
103877.433182002
103714.835410476
103893.253519322
103825.23371848
103900.943830299
103717.576229506
103852.784349964
103846.488109305
103773.97889973
103794.807043035
103839.97933712
103811.782324171
103771.576841788
103755.052233547
103816.357274247
103694.436844195
103953.650716103
103758.970767336
103982.680967264
103898.988495773
103809.03267889
103944.420184027
103970.387657791
103749.629096537
103698.874665679
103814.919808331
103807.790615289
103917.277226643
103983.580024887
103758.603714972
103762.408314957
103705.526024812
103797.660299345
103714.468099341
103756.771544955
103776.788611708
103770.769469965
103951.166943933
103821.621615484
103774.071422929
103870.712885172
103796.428980219
103916.920044082
103762.854261873
103830.377791908
103802.685350583
103746.745178808
103938.461282439
103762.683363973
103932.552981946
103772.047698925
103978.081109884
103762.799763659
103915.20677773
103803.535551415
103723.353850518
103864.997678562
103784.093260687
103936.280980196
103939.759462766
103898.12169589
103792.751071741
103850.362617328
103718.398177652
103801.437697285
103859.53155877
103732.906592508
103787.649131108
103718.499588109
103812.721313253
103687.292603481
103735.512984335
103937.236974918
103821.730980683
103710.052150876
103703.43939479
103686.905526281
103760.988152911
103808.451703484
103974.050573292
103764.906992376
103765.144518401
103815.445121868
103886.337299488
103745.882685728
103791.550400541
103695.271254639
103730.2332257
103743.779671993
103756.464758416
103761.148522777
103867.269963961
103816.634228103
103832.150208558
103753.221378423
103861.333446136
103808.634789565
103836.38451425
103891.977136507
103813.440309182
103783.283614056
104002.127017338
104047.86272281
103941.929428801
103776.487472449
103966.049177915
103903.930880874
103736.703476847
103798.787967896
103773.176181791
103916.027738627
103865.551394007
103776.976612655
103815.632193579
104047.974686051
103831.298247709
103808.983437052
103763.186832503
103760.34548239
103839.185659193
103806.221583854
103778.907906578
103725.27672419
103793.707274011
104035.562869041
103858.037427567
103739.897101112
103958.073597749
103780.700163733
103885.468572023
104060.191307116
104004.990354588
103872.896643929
103745.241950139
103782.838824186
103725.764833299
103832.405092467
103792.931778673
103917.2379906
103925.804919049
103908.158469345
103921.659378638
103818.327578402
103867.497638986
103746.45579349
103924.330311168
103714.830330465
103826.363636683
103798.350871909
103993.848816485
103884.811701247
103786.169031656
103950.453855878
103906.255935665
103709.903964897
103802.740545863
103896.287915272
103753.136590163
104012.709758562
103935.894849997
103806.587104001
103909.148770298
103762.61712832
103890.925854639
103904.859245601
103765.763040271
103837.735740003
103851.014580633
103803.251831455
103813.861688194
103776.318231893
103930.442726247
103816.855701582
103975.686859463
103858.183236038
103701.957231464
103854.146632516
103797.822874852
103774.876407483
103930.770386984
103751.990163201
103989.601099343
103923.288925403
103973.132135222
103792.149934266
103789.049712103
103978.362838265
103699.048251037
103802.583320061
103756.910655364
103773.002272598
103723.272613638
103801.348660553
103940.33818974
103741.310828767
103751.611197187
103731.527426415
103743.057691761
103851.650834832
103780.497945392
103743.721164366
103822.142511869
103842.667914661
103801.353492754
103914.975193567
103784.635658981
104033.481187136
103881.737619374
103740.579587566
103782.090866197
103655.221469869
103992.277394201
103735.123897188
103747.772142108
103924.971940442
103806.570989634
103844.978157509
103801.689300995
103837.192909915
103728.682088506
103779.130776405
103773.51241984
103809.654219282
103724.116944827
103813.647616756
103902.19225372
103950.440448637
103751.07092066
103711.160218955
103718.528115938
103767.396406928
103852.115174149
103976.895181343
103879.580329471
103727.047551989
103897.633148277
103765.88551321
103806.316343407
103710.410916011
103919.477239661
103848.139763684
103775.030085217
103813.923699431
103766.165211157
103715.37063849
103785.40517116
103762.807195486
103926.021034945
103867.596095692
103900.390194317
103777.305519322
104014.557632363
103669.287288481
103794.000513713
103960.859848732
103749.310457579
103887.736325805
103796.576284565
103831.493791878
104016.507515656
103806.618737708
103777.164088487
103968.555378383
103880.999838756
103703.310285117
103891.127050385
103937.354546098
104018.387541478
103772.012298507
103702.011692324
103836.508980471
103871.70164954
103801.91666978
103868.412435318
103816.215519139
103789.145643443
103938.055540835
103917.528441732
103762.179249473
103846.320860049
103791.837590318
103968.912665809
103803.553640281
103817.81944031
103944.737960988
103793.415274922
104011.003610386
103912.548809065
103945.014573103
103951.372675123
103818.676325822
103942.296621924
103750.083347529
103860.386889312
103802.250839725
103736.143146679
103766.478229657
103957.584957799
103745.950461149
103850.134026256
103820.717362989
103807.400952985
103989.546372192
103809.143223406
103912.453863045
103979.737921771
103780.08951924
103775.177788954
103797.67511174
103782.910668492
103847.227424396
103952.228818085
103764.554818574
103846.855973832
103797.852627562
103808.517542047
103723.520504037
103734.340596901
103798.262875909
103761.941876295
103821.267268376
103937.17958308
103768.339499812
103797.064569479
103733.56171585
103776.746440734
103857.426511376
103700.835654459
103956.182291707
103753.903584798
103742.256719148
103765.355085639
103747.625314243
103834.710277243
103970.469171029
104011.006353399
103657.812899217
103749.549744217
103905.474856308
103760.336105855
103776.324836654
103901.037035778
103768.1797249
103767.34756159
103772.206671237
103779.323466104
103754.900441127
103879.384584997
103953.011327971
103839.635323687
103738.952868785
103781.3437357
103913.10323105
103790.034930261
103751.207828922
103770.637897886
103937.53861426
104003.968995085
103950.544468126
103832.621783149
103816.719568346
103848.442503526
103767.706803525
103899.650339186
103839.579376113
103912.915536573
103753.720578839
103947.881223258
103698.092384375
103833.023199783
103961.86114828
103773.298211971
103912.980500287
103822.321128657
103901.115534732
103981.605489353
103954.498417632
103763.680704154
103750.157108558
103984.186887112
103953.352346458
103819.254954182
103820.456140352
103843.415492247
103939.502080995
103781.751648307
103965.361454196
103960.820710746
103898.760978942
103872.644815451
103696.103653381
103696.771733866
103906.650868663
103797.955810973
103931.9083546
103710.633405388
103723.328354164
103766.538641539
103942.271748707
103781.542098117
103771.067036945
103960.440833749
103743.348776805
103993.143588107
103724.334976905
103760.600359557
103783.418392476
103773.857908252
103758.619474364
103801.946785366
103774.787457372
103790.046255911
103747.191303652
103670.996038994
103867.214378489
103780.325822146
103835.752656057
103791.380697418
103792.956817347
103990.480337401
103929.029544404
103986.182562656
103866.287400025
103986.336565882
103976.397890105
103770.179053518
103964.455823542
103889.39713235
103792.55589281
103872.964058759
103826.200611542
103831.145922609
103937.908335309
103955.72302763
103790.677663479
103767.024751119
103784.2703304
103934.464389255
104048.044113832
103801.993867159
103982.53674007
103812.474605234
103815.723116982
103799.750914238
103944.126538034
103709.012125183
103926.849319186
103774.959597946
103861.20352016
103908.617931073
103981.259561387
103721.0341402
103782.622165118
103949.805978582
103737.147182543
103797.21433489
103772.844666977
103953.107542774
103983.189327572
103957.000960926
103775.245393039
103856.512242693
103754.323120454
103760.820880034
103753.152278635
103798.246634713
103988.663584609
103762.152993291
103828.127491106
103933.557250879
103828.636860746
103784.907468797
103773.17849431
103987.647925135
103791.191129277
103889.913113463
103735.544670243
103776.661873874
103751.532949596
103923.209870975
103874.183733443
104016.966602952
103859.307514813
103675.585820266
103753.951391346
103933.737148793
103780.600488218
103765.294585656
103761.853835921
103750.411428205
103996.956432155
103786.021378336
103781.183319075
103911.608878402
103898.436550609
103895.873761345
103712.79146558
103867.039577619
103773.436103345
103771.31169415
103779.56498372
103796.98032512
103771.935190961
103771.994730995
103778.398052208
103934.174312537
103790.15026947
103928.720281144
103792.645942155
103910.437749166
103806.989182634
103829.715788345
103781.613447487
103788.977063889
103756.989687354
103801.547129835
103700.474029233
103954.247446129
103964.327619866
103726.724390086
103914.725825368
103779.371988638
103953.944324612
103937.476269956
103773.917481671
103842.497773537
103899.058638758
103795.093805038
103883.76704084
103771.720985026
103733.006455853
103961.698495066
103802.302005001
103877.171211172
103790.839125025
103805.682037521
103752.851187661
103927.188293963
103944.660969995
103726.540346227
103904.585271336
103955.687095195
103966.827028478
103923.085700888
103695.596811452
103792.990613889
103722.570441014
103844.636154211
103742.978961171
103951.315508101
103820.155981284
103796.762142079
103831.939511733
103779.020459596
103762.482772983
103932.913456028
103727.57086639
103821.599502539
103740.930933925
103945.685381925
103738.314767174
103943.99936009
103778.150845243
103776.404502974
103959.028136535
103797.254745941
103759.998029495
103869.769865984
103951.80258699
103958.385162496
103775.355735544
103911.897782735
103777.816580505
103856.890831399
103954.776617694
103944.647607676
103731.867349995
