103960.648852847
103761.287228498
103796.158517561
103989.199220048
103924.320196462
103867.18531387
103814.754613553
103768.619065785
103977.986297373
103844.728947578
103780.605813732
103782.789489822
103795.219054788
103700.294416318
103776.333522122
103883.257619382
103803.068915966
103822.349288199
103932.655270744
103818.780689708
103978.135565571
103946.549507246
103800.248047106
103863.18733872
103850.229648314
103873.421730248
103766.717920307
103950.45540498
103850.316373009
103900.295547523
103757.74368378
103931.880209245
103754.550420457
104012.113137242
103968.896094597
103916.965591097
103841.032868507
103898.841344214
103866.67380672
103797.44940295
103941.890501737
103990.326306592
103811.936193172
103976.960190176
103790.149900168
103759.086421226
103921.931831404
103963.194090563
103971.606428624
103826.280445328
103771.252229607
103975.670136698
103823.111838664
103775.959151082
103850.210905536
103756.442994503
103873.130700395
103949.806131215
103927.854144073
103809.746708018
103792.837566679
103941.297209449
103684.137318643
103817.360506708
103894.986281882
103785.208318151
103776.830799734
103828.139525058
103748.650341734
104002.430759199
103960.04531686
103939.629401791
103744.301283479
103850.654256446
103919.204813465
103849.664705013
103933.748708054
103878.588622351
103993.809640803
103825.815327527
103761.782868863
103751.924678582
103792.504099258
103734.070024465
103810.721833482
103804.860482281
103956.699797322
103976.283293987
103852.016605854
103763.585632428
103770.670794877
103763.203632336
103943.231484908
103713.690209884
104011.021610871
103946.926268128
103751.46808086
103798.385815424
103831.387997141
103760.024433471
103836.691309542
103837.690285131
103957.224645482
103935.762269786
103742.725214826
103796.660265282
103718.53223756
103760.094796666
103823.881913938
103822.632022129
103933.277551415
103757.566347276
103916.543099224
103939.516885116
103799.230014233
103752.288101969
103773.531231966
103770.946544219
103959.368332665
103842.550173485
103924.89760461
103750.916297193
103778.960405658
103909.22468315
103761.700735154
103945.807067431
103835.549395572
103813.252761112
103798.809148749
103779.462071731
103782.890987189
103902.362014965
103735.140041271
103803.503950184
103844.378168256
103852.634477308
103776.101150342
103758.661314269
103938.323225356
103976.476786929
103786.526526239
103710.373364421
103773.38357887
103772.795434914
103756.833369614
103861.457998526
103990.144920675
103836.457040001
103960.521938333
103725.015737161
103787.921727513
103757.326443533
103794.193056777
103935.09153445
103963.885699167
103770.193369028
103843.074208718
103936.014890752
103752.807190251
103931.916980855
103909.723588116
103774.326880452
103842.198140003
103760.523657668
103940.622638539
103743.418343234
103837.90827669
103954.039591824
103790.414323955
103805.055291542
103777.847142467
103859.708922594
103743.606437882
103743.328402423
103762.363819224
103958.673861449
103957.077451593
103742.113982625
103755.640132758
103755.08787973
103772.359779565
103948.008236379
103942.033034313
103672.803817455
103868.562455088
103639.507842674
103809.458917383
103917.08064992
103695.284080086
103754.820260926
103823.833221802
103756.283607663
103770.519097475
103931.524266746
103936.834681886
103899.439440438
103805.835234766
103837.998808541
103883.95806417
103951.540095511
103745.835056855
103988.449264719
103792.335632271
103692.953991634
103872.609766271
103699.429629139
103705.79523001
103958.375705725
103904.760648217
103842.907727834
104004.206174117
103917.261149785
103814.494576022
103792.43473017
103783.945473557
103959.896738099
103925.727850033
103980.734443008
103732.229718721
103865.637788102
103747.365558747
103796.425872248
103755.224681989
103691.51216696
103987.717317658
103825.32735825
103757.613199016
103726.876476991
103842.205154052
103722.711061823
103783.298226268
103738.68207723
103761.936557886
103824.265036882
103765.57890855
103767.642067883
103874.44546978
103752.912096542
103764.327988149
103969.332910153
103850.55597363
103925.164698298
103876.861314917
103675.994092818
103722.255641034
103784.197164229
103962.872180543
103824.708258875
103722.700767457
103757.641116562
103862.338886586
103907.866891385
104018.096211765
103764.12111162
103869.617825601
103909.45042931
103799.0812809
103722.757559718
103761.031117517
103896.407910703
103779.19896138
103753.291354411
103802.673364781
103996.966700077
103926.069069939
104001.284550942
103762.160374298
103845.417521928
103810.804047406
103937.621271937
103944.807783177
103834.451247771
103840.335031939
103929.215801088
103814.841027413
103935.561001164
103903.247115358
103888.850189075
103946.065220461
103818.101738277
103795.737527132
103844.82199093
103887.045305808
103731.963635984
103657.779967012
103763.573891083
103788.533139771
103952.23587994
103851.797042197
103902.880023022
103704.795655471
103701.865301371
103681.947269017
103789.198943813
103899.005629582
103855.036857852
103809.828464154
103756.809455232
103936.554111952
103932.123629033
103913.956225076
103903.469019458
103941.427164127
103760.37562905
103853.642443299
103844.24088938
103788.24809705
103828.931680075
103796.382897854
103854.586605269
103971.479447289
103920.513112919
103807.762978451
103730.346720891
103834.671009773
103806.076174073
103852.849550609
103937.872810791
103917.884030414
103783.303946966
103860.922209129
103760.995745946
104019.645566073
103976.033388862
103745.644024484
103816.469657533
103754.688717545
103859.562943329
103933.622765635
103763.807772903
103754.807462948
103721.0992967
103993.992570408
103679.414344779
103787.547558013
103808.73853049
103845.133948659
103820.787066829
103757.286080551
103916.025380653
103931.794932079
103775.406214976
103941.953750359
103867.490099038
103733.695876848
103798.475576095
103939.490828735
103850.837686873
103804.069361509
103965.308177593
103823.852851044
103756.984409895
103767.977903147
103691.427318858
103844.250810037
103738.233025683
103734.699830483
103738.867961091
103812.376008755
103784.032049193
103913.654003243
103761.824662986
103930.146826019
103752.44487862
103728.336243442
103825.508877003
103727.46934493
103910.936644985
103755.465253098
103815.923361608
103888.03655393
103801.772656662
103801.147674975
103790.76483858
103782.061214649
103889.130237052
103946.271176484
104005.366127358
103897.212174731
103761.587019987
103735.199544688
103914.465133361
103991.940041422
103725.620510042
103814.006976126
103821.743516162
103755.217780024
103895.321504105
103969.9760364
103808.991975602
103681.894267684
103801.124931743
103899.306670171
103885.697032757
103961.419108105
103972.089707879
103711.297038524
103936.429033817
103738.601866086
103805.523906129
103774.787561746
103762.570397435
103971.67526487
103730.699347596
103680.620840065
103832.914016655
103735.20061456
103764.892005325
103734.271602444
103909.326044798
103815.174766864
103847.722442578
103821.748241117
103711.872278486
103877.728490888
103975.281750607
103910.464885262
103790.3880293
103734.527293123
103732.008795794
103946.420257302
103809.456211502
103734.916229774
103809.510500816
103972.871032626
103731.228024202
103834.348067232
103779.392389502
103840.024721872
103867.854062414
103889.658305741
103682.790226565
103833.155236102
103809.419729547
103747.353101065
103853.44889628
103738.987475476
103924.512500904
103730.439777355
104011.716679051
103747.287606302
103738.338168605
103909.144975577
103827.523019096
103730.02372977
103770.194574912
103949.618053357
103762.975190467
103938.416958232
103772.667563074
103856.608706965
103895.789770865
103903.751561126
103727.673515927
103899.398573804
103891.690069757
103927.408825986
103790.614630774
103972.74148774
103894.678961139
103701.546147028
103914.198389864
103798.633627317
103856.59024108
103938.280000473
103893.85844629
103718.312706655
103967.877097105
103899.341730548
103793.825142846
103678.191377212
103826.311125199
103766.735618606
103914.300165811
103960.978874673
103982.430943264
103759.194670903
103965.738320172
103753.310462907
103784.586072948
103988.38736997
103763.579270291
103727.380979868
103750.944632373
103860.780897409
103785.752888672
103788.153151432
103749.139235273
103881.020433793
103836.430371388
103812.91720688
103927.12960781
103775.993937457
103737.423211876
103988.500019827
103855.266589409
103748.00609332
103745.40383795
103802.437184254
103752.394835452
103819.005710361
103801.664975365
103776.011304911
103756.515163983
103802.218911465
103865.442809519
103794.927336701
103683.808103282
103965.008549549
103853.399921428
103763.11183715
103945.519167229
103949.248733521
103761.75708687
103950.103621744
103970.984291266
103811.557878933
103764.548542476
103812.328794807
103720.478580465
103875.48927834
103899.955158126
103974.54083166
103978.913598973
103772.953493363
103802.280114976
103799.063619502
103862.023142698
103939.418146375
103686.005603102
103909.655034503
103835.94802224
103853.954988319
103932.841039765
103923.237090362
104035.449078264
103889.506248851
103717.706512905
103767.471259471
103727.032098961
103897.300116583
103863.233324222
103780.31628864
103873.81701164
103757.908966588
103919.372966704
103930.861494493
103896.170691394
103722.459202872
103769.411131493
103969.468819311
103954.96670838
103831.612393491
103811.011798935
103761.141156058
103728.375516982
103887.893315067
103785.582999471
103863.682486917
103829.123200239
103951.221526132
103965.674198786
103805.413931598
103794.730076431
103814.558853906
103714.910039612
103793.23615484
103905.743957847
103939.952381314
103789.157238497
103986.415397834
103914.753909707
104001.164639216
103951.985365308
103873.839162223
103727.95876742
103720.74571677
103852.952481233
103906.355123545
103739.667801962
103817.551935834
103904.045050672
103747.765492094
103819.414540032
103896.3098882
103937.068655169
103824.624732736
103907.006208501
103747.159807005
103699.402447971
103817.68527976
103828.144315125
103851.249663278
103718.433865687
103970.564252731
103708.695473584
103950.361466614
103747.614417794
103760.721298057
103735.549379516
103752.281733855
103969.02911668
103710.155641376
103939.328115314
103853.24741103
103944.991656071
103856.086974535
103870.857006228
103724.804638443
103765.360361667
103976.063871412
103796.747041973
103894.973012235
103853.01253823
103818.610106821
103924.122874632
103847.485066872
103803.787886733
103913.851533493
103998.476577399
103931.921862154
103839.306639038
103743.631309136
103873.537452736
103896.166145566
103946.805548455
103869.680541991
103892.114517596
103854.017497017
103790.476676021
103773.276073383
103852.073541968
103711.017596329
103935.651114834
104021.05430658
103890.325697943
103789.59137425
103743.125637571
103773.815542565
103754.409021124
103863.656211711
103882.289740133
103823.928867667
103858.747125567
103967.238625152
103936.169147193
103914.373750522
103757.677990505
103693.461141727
103967.005855702
103970.627289763
103767.575112544
103721.085088961
103724.657424444
103796.087156818
103763.638752101
103864.860666396
103836.149151317
103874.629325758
103864.206477647
103936.167804044
103853.565775206
103802.485591147
103898.479292562
103700.72342505
103843.348187947
103737.951073402
103769.620367237
103933.856339273
103642.83545268
103725.416414019
103760.4753849
103793.723517656
103974.116528485
103788.681911282
103960.485244308
103972.719424484
103789.317134902
103837.539528769
103828.668237444
103735.793929745
103886.903041005
103913.931810299
103852.554466102
103909.403041303
103983.110662587
103831.796690771
103976.535509496
103770.811443894
103904.409188671
103680.270250252
103974.874109373
103993.452478881
103917.643881969
103917.225280703
103729.604521218
103696.567806836
103952.336901513
103901.00934922
103782.162006344
103786.222949111
103945.946944699
103903.334883193
103833.493023079
103754.16279638
103767.96383814
103760.157100504
103871.47128938
103925.766198569
103715.57964297
103761.835810464
103748.24619829
103859.31892964
103879.987182667
103688.796458935
103836.867372891
103784.629923187
103939.848986144
103739.523302867
103753.964070986
103752.294336557
103951.132109532
103769.146351943
103882.12203058
103916.812776811
103810.769235976
103700.146003446
103756.236733777
103771.363295206
103887.78980918
103715.304647249
103931.377900752
103898.090229168
103986.041812917
103913.84485714
103989.449506597
103908.785104929
104007.817279677
103808.040247497
103830.743881846
103883.10366937
103857.9967585
103755.096882432
103859.793331481
103850.833107875
103745.258032712
103639.918872729
103760.749091006
103902.64399299
103921.78521947
103951.090598678
103855.550575046
103902.21123358
103956.530362815
103844.251853155
103825.100978302
103717.872924528
103920.989142612
103767.322596541
103940.683610662
103711.340472587
103992.795648418
103785.319417353
103769.301708243
103690.604322881
103815.557248417
103811.270473068
103799.517553679
103775.949639776
103695.802688341
103771.684852129
103887.454863432
103783.1487347
103964.149041401
103926.379993513
103817.015003516
103709.334273995
103822.83467096
103811.56540024
103792.168961383
103789.490439611
103918.2861019
103825.823878147
103837.986825539
103882.297946806
103916.43784997
103883.219425233
103788.034802439
103722.141055812
103789.992416915
103900.172322645
103902.45068371
103803.041698652
103735.476428694
103683.877216976
103774.151111267
103739.054013537
103932.616899578
103747.882978847
103786.839215359
103931.689249641
103791.67144236
103719.347366349
103922.216131318
103758.535868714
103822.35844987
103766.903747759
104032.474944457
103843.829356525
103736.726345968
104058.877669032
103773.112569535
103938.171678554
103853.270993402
104010.916619883
103731.158996876
103955.020869717
103953.788258277
103924.473082448
103898.717691506
103858.945611084
103755.793198968
103751.128706257
103937.119851422
103848.893109246
103735.841233919
103674.23376216
103768.205196139
103730.085870705
103925.866913573
103667.443279515
103959.125779945
103794.417055315
103837.075144521
103934.144294345
103742.30524684
103775.779940985
103890.59980945
103794.987756357
103978.311637563
103941.626402586
103936.794553526
104005.93180307
103721.499450476
103768.532722813
103914.131026916
103900.528823687
103771.9681791
103826.841766472
103761.856054859
103778.437894927
104001.101156966
103828.937050026
103877.526781958
103930.733307581
103737.100557385
103797.01996677
103760.592677909
103794.01455552
103732.974834826
103916.332334031
103987.672300202
103819.516160871
103960.408437784
103887.594346057
103904.467451025
103887.775502952
103692.236106553
103989.17841826
103917.770618762
103934.542751721
103767.287602444
103862.84400546
103809.343993098
103941.458313579
103822.465708086
103902.752864463
103735.578749307
103941.109038281
103838.041854316
104036.479506711
103922.819102515
103740.70239815
103890.963077106
103760.744838541
103838.562554846
103919.509160133
103929.067565829
103918.073216345
103879.586980109
103951.035233232
103835.836519255
103832.134830289
103893.060212424
103971.818878769
103909.274995532
103965.500197992
103799.077878987
103830.978966151
103806.93494123
103736.631893056
103821.380416373
103964.162465398
103887.389854813
103830.067001821
103770.279130775
103953.907520297
103903.439919243
103762.73012434
103775.883321645
103889.068292161
103986.449279987
103973.089118792
103694.198416198
103949.528248351
103726.556110375
103728.545598155
103783.587713379
103746.751194961
103721.106829466
103802.202272148
103760.472509059
103876.790088603
103778.097715436
103761.78124258
103680.031206146
103870.171423969
103790.183258837
103769.799837632
103679.843712235
103784.139494318
103947.642345533
103726.084808064
103879.098597739
103779.979966402
103776.60517046
103950.378402163
103869.61967248
103827.579530458
103982.138728084
103753.313047464
103727.446803571
103907.740709872
103821.296242709
103793.385024547
103753.18492308
103959.505091718
103898.281447976
103928.044787938
103956.991964744
103993.749226059
103924.548122769
103789.047752544
103837.5602916
103967.008899009
103831.220642732
103810.68828824
103925.648480561
103733.602775777
103818.125823746
103937.665253876
103755.67571948
103832.724634235
103778.685794433
103680.667503377
103818.110051434
103873.971740888
103715.283621436
103863.435981195
103959.103691788
103774.956908072
103838.495034576
103854.036098854
103759.569513702
103815.242953234
103741.477673566
103959.928670379
103712.212384008
103799.925913842
103732.628759007
103841.873184116
103740.168661085
103792.580656583
103724.751301305
103764.260860651
103842.744299873
103730.434135096
103979.996907097
103824.335178549
103816.461940202
103889.203126417
103718.436511243
103782.64920971
103921.372297942
103805.17864606
103880.517771236
103862.958027456
104001.679751652
103888.313991327
103705.362536119
