103998.142464932
103831.960299143
103815.889780771
103812.767745611
103810.700953544
103798.560474563
103812.496737317
103812.664392334
104009.620063491
103828.335757894
103831.625020559
103794.132367319
103806.064476286
103792.723114196
103799.127239653
103827.597464756
103838.317321095
103831.333785698
103799.253511004
103833.818455898
103781.063560437
103791.282432496
103800.105307152
103810.852632957
104003.772121064
103792.148670352
103820.368388449
103793.144430657
103778.888736924
103784.03101228
103814.841245721
103820.678319409
103822.003741137
103811.204374121
103818.962857649
103833.318366363
103795.345290472
103812.475645525
103804.493275523
103789.161233047
103774.932259808
103813.87420533
103802.715800495
103811.128939027
103829.613495009
103814.116054593
103997.952442052
103826.396116394
103811.547290744
103804.861895021
103798.934967785
103804.113156923
103800.764786895
103805.826365729
103812.438486594
103813.530925687
103813.040571371
103802.963492385
103803.045439009
103799.913403754
103807.406387001
103798.278527375
103783.927142249
103907.386835252
103796.350679127
103997.817590679
103818.25477775
103814.532925464
103825.417181962
103818.823722858
103804.18310712
103785.99918097
103797.211295741
103803.566451337
103824.761292712
103795.829721913
103809.512070166
103801.548658707
103807.442166539
103811.519156396
103826.121127582
103810.187363565
103804.416169521
103820.155618676
103824.296006109
103811.692697686
103881.896075036
103813.416651988
103767.497425884
104004.511704459
103787.401465133
103802.489034334
103811.107257035
103812.0086287
103802.320933552
103827.064241444
103827.468640864
103818.255469928
103809.48901774
103799.544538362
103805.575998814
103810.616268947
103869.04455392
103804.970440825
103987.854182291
103797.933095186
103776.281061844
103820.959334188
103815.857267853
103820.434203132
103960.055343093
103805.633984646
103821.656817063
103808.26960106
103817.912688998
103820.253390911
103818.493993079
103777.021481547
103823.701250889
103820.088505763
103795.75293516
103819.873451247
103791.757028806
103814.316626312
103799.534175351
103817.119110179
103815.210062065
103804.927661197
103809.548150188
103820.90491017
103873.386147459
103805.618982081
103810.173950133
103803.794214354
103803.828230811
103838.458804274
103824.396367537
103790.843387161
103824.695383737
103809.663502672
103812.986541071
103799.001006843
103804.16291646
103815.652091319
103977.666097293
103812.505853612
104015.602006125
103827.81691134
103809.429335366
103825.31516289
103792.731942474
103801.913414927
103814.237182632
103822.273760394
103776.338758289
103806.30731405
103808.17701182
103803.658444358
103810.260470163
103800.097330899
103794.866638116
103801.110117622
103812.372803246
103842.465212831
103775.222496243
103819.494701743
103811.789889154
103814.039279599
103998.485983247
103787.772113258
103796.638318575
103820.891297545
103801.217999226
103845.385843781
103816.81789823
103809.448781169
104005.975535267
103810.218715657
103792.454963347
103807.982532412
103809.854969171
103786.020764217
103819.994505036
103811.284394634
103808.647550427
103827.667411605
103818.185260706
103819.880494793
103804.49949761
103803.561466812
103821.466094113
103814.255254656
103836.70496794
103827.667333334
103793.49677359
103807.414825087
103806.642713791
103808.850622119
103825.570544431
103810.682331249
103820.08244988
103793.051697617
103788.175277204
103820.107995578
103822.547824873
103821.717297881
103818.453051664
103804.87343152
103796.417259355
103994.655483905
103818.022236903
103817.927057829
103782.829353088
103812.990733478
103811.43855825
104013.620266538
103817.344216877
103822.385983483
103818.935337658
103818.304600477
103783.568248938
103805.116327314
103818.36182908
103792.040572032
103814.714970627
103820.172136085
103790.255262805
103822.895045286
103806.483013232
103824.705405653
103816.480380374
103803.724469962
103775.298181975
103815.907626952
103825.61763935
103827.288605371
103801.397000887
103805.728002493
103813.184239428
104010.985188742
103807.567899093
103984.908458373
103819.350529473
103801.428147045
103801.504505503
103796.132040772
103805.582029876
103808.768372726
103832.341411148
103810.059592625
103813.910702032
103809.122520577
103791.459333997
103809.965759156
103828.004605756
103814.869836583
103777.993461666
103763.578737852
103815.350575584
103777.387804128
103829.079067787
103807.36933409
103840.638333148
103822.323861629
103829.428879321
103812.771632239
103832.973605946
103817.656286099
103826.1644082
103797.584873804
103798.800828785
103800.831985426
104004.595657182
103809.682332255
103798.608659206
103814.672492908
103791.928708082
103818.534860681
103820.690747785
103818.890256332
103821.734372719
103813.352779167
103817.770572995
103819.598436484
103811.428300852
103826.171697002
103818.113677862
103822.536080071
103819.168926032
103824.088144344
103808.355008513
103812.964342024
103821.565110917
103784.56969725
103776.154322381
103791.960106605
103805.231556272
103815.86382571
103814.028241434
103801.823852736
103819.320870464
103819.217470927
103811.819963597
103815.500998849
103804.572581319
103800.930558569
103800.197881643
103813.462049876
103834.735294637
103800.808459224
103803.896831204
103823.053353087
103811.700647939
103790.418001983
103822.253548151
103827.622104765
103827.160550471
103830.383648181
104005.220389405
103810.616466041
103997.666994367
103829.61783214
103805.642932434
103787.365098029
103822.713371899
103834.227459663
103813.296412726
103815.816882717
103824.012383499
103802.959315151
103824.462834262
103812.314399799
103799.590648247
103817.884787827
103812.25046213
103801.666101636
103831.00797651
103815.572158869
103837.017516231
103795.647743061
104003.06695745
103815.066400262
103803.780163946
103817.781117903
103801.807672879
103788.979063893
103988.812414481
103816.405904612
103821.849098267
103813.202337676
103817.336708374
103816.336664169
103809.077625744
103818.210345659
103820.781032528
103814.01756856
103816.400860818
103814.17943069
103811.97633983
103794.671987144
103795.606160716
103803.769803908
103802.824050534
103804.659632524
103796.31120971
103809.240170551
104015.952847911
103809.409476705
103813.191040484
103837.791802896
103814.281664725
103805.00693487
103820.092705715
103812.132363497
103815.133212857
103817.50883172
103829.003362183
103816.580496469
104005.780560622
103816.796479985
103782.045850469
103781.599949324
103778.794972016
103808.473973572
103824.972656943
103811.149592368
103818.197434961
103827.067740266
104005.712871887
103790.141134794
103837.172050122
103821.851349571
103801.531955327
103797.332303559
103799.031175815
103805.427210522
103806.322510089
103818.883334987
103814.901349525
103813.455456066
104011.89528044
103824.4220525
103823.090732558
103774.469290943
103802.924502848
103801.742906292
103825.299460313
103826.950486776
103837.339504163
103818.295648193
103805.778465442
104002.021490171
103815.236859168
103806.110313977
103831.057235532
103797.371866471
103812.448570351
103816.908983241
103823.359495023
103816.632581219
103809.294292243
103791.442588128
103823.088929566
103793.204358976
103809.71632939
103801.741736374
103811.078471563
103802.70593899
103798.815944733
103822.621657984
103806.46077536
103827.724014946
103804.226104735
103789.853664007
103829.025273258
103838.12845247
103802.185066561
103809.404839351
103813.51705683
103781.791770097
103824.937930266
103771.263881324
103817.615574232
103781.192059636
103788.115125861
104004.610399999
103794.690496588
103829.352755543
103825.150317145
103798.618306636
103794.199925406
103813.564976836
103817.208563869
103816.58201562
103814.470670489
103830.468034893
103817.292614638
103800.521951024
103828.676831881
103822.78883167
103816.128287952
103825.03842708
103826.90287457
103802.660114663
103995.87409174
103815.434165586
103810.820444619
103808.814122708
103826.236669634
103832.914199846
103823.78691415
103798.718517563
103808.106483092
103825.288531184
103812.764013087
104003.483435557
103818.507543065
103794.103798964
103816.992044876
103782.004406427
103818.211960618
103809.482798237
103799.301694346
103803.821247303
103787.096792593
103800.720485419
103808.974703653
103807.362200699
103791.611683311
103817.139888788
103824.060005229
103829.523593777
103794.332833969
103820.939824137
103809.98694125
103788.397990695
103793.13781988
103814.133044227
103825.011256426
103812.811274261
103811.176777128
103792.284552954
103804.558363827
103828.308586538
103980.405094917
103838.844146115
103813.829099267
103822.936259493
103813.700183627
103824.453146
103827.871198445
103802.94573682
103806.942366958
103816.578873766
103839.792913329
103796.739055808
103793.4292333
103798.410676368
103821.34129508
103801.322931497
103818.030505958
103820.033863038
103828.274158555
103813.194635189
103796.729883564
103811.020494519
103813.856567158
103890.96078863
103997.526527913
103814.449365284
103798.184620774
103818.152428463
103794.678084916
103803.448723578
103814.731702936
103803.899559921
103820.004761689
103810.10291678
103708.406649129
103792.869168255
103817.614464736
103816.708478304
103807.72176206
103801.198098647
103812.147060872
103843.559680943
103798.97817247
103973.284224385
103820.961205738
103805.167768007
103827.104990068
103812.100299223
103798.785009492
103805.165452052
103799.921385966
103791.622636832
103879.597169506
103816.73230852
103821.94533459
103815.695212033
103810.025084748
103821.254186715
103813.54031932
103993.957546225
103810.836675214
103840.103412629
103808.997119151
103813.553350734
103832.472332866
103815.962549194
103840.760150753
103826.873724558
103806.842275489
103811.828540545
103805.355507716
103812.278722536
103804.667167465
103796.711892363
103819.635701467
103807.975628803
103844.41637839
103807.105637492
103807.384264989
103823.725575464
103787.656490608
103821.708984657
103817.826334952
103802.73544395
103816.871720013
103816.365568466
103801.41519102
103814.623287862
103808.174148726
103811.865277845
103807.991710012
103811.700606778
103807.48865971
103796.392653672
103777.273229631
103814.702983179
103807.432702869
103822.802219202
103806.828815778
103818.330270408
103788.164709994
103822.80187961
103995.707801285
103824.124308327
103814.67091255
103819.530738855
103797.703268662
103795.419980849
103814.393414972
103805.089133682
103812.571970489
103815.925684262
103808.557371184
103805.999258554
103797.975887998
103996.122180629
103819.233801043
103795.627800974
103804.699041089
103814.066789095
103827.668062003
103806.772365425
103823.753791649
103799.812814805
103822.684115016
103812.717547971
103804.530000016
103825.226519366
103807.29103099
103809.915405146
103816.016776162
103798.602604956
103813.914477255
103817.777373946
103772.832461609
103802.340862264
103797.81938624
103815.234258758
103804.973927416
103786.12402264
103810.469015659
103801.931752318
103810.179309679
103823.349641578
103838.058044454
103816.707593122
103808.703485707
103998.668246473
103792.520310629
103812.357882088
103787.582258362
103804.634900406
103829.096003704
103792.306426244
103797.141889006
103793.135343911
103813.541446176
103796.726025501
103828.034673363
103816.775817556
103816.415285179
103820.145066556
103808.363968831
103829.130914176
103800.572353281
103819.462263029
103820.430153324
103827.550610915
103813.650769213
103797.109689495
103807.678309769
103820.659660566
103830.282775836
103984.893455706
103811.534428703
103785.483665413
103825.426905989
103820.217644771
103795.740418628
103791.264124717
103771.448609439
103807.212037807
103829.989873133
103795.992944663
103765.69177682
103806.971682295
103817.319667354
104023.810847358
103809.406480106
103794.062306203
103825.551472827
103831.489029891
103781.751535604
104009.112538218
103793.354881696
103798.812555993
103799.960798037
103823.475878302
103806.909517956
103808.416403262
103790.43300662
103802.505732794
103815.224305957
103798.45188809
103977.066061641
103813.544428544
103808.073507879
103819.898954943
103788.885098017
103824.366838504
103814.462148041
103818.563280957
103800.85419946
103834.779817928
103801.306527718
103817.285195529
103822.22649969
103815.092957401
103801.984682489
103821.693627331
103811.883735158
103800.590198687
103808.752581698
103794.909387237
103792.098734711
103805.534007798
103780.17856337
103815.739044703
103828.212975604
103999.606399467
103785.216505178
103798.791607209
103802.569459788
103795.979356365
103809.340021182
103794.303844361
103833.454435392
103782.098688924
103801.203777062
103808.185198545
103787.807656581
103808.22300363
103795.023027573
103794.772202736
103813.083133245
103800.634770138
103794.073252051
103760.275991599
103802.935390051
103821.278093467
103807.194131365
103795.509904461
103821.779098805
103780.57480935
103806.714940478
103787.224330543
103791.451840382
103785.425764321
103814.743001014
103799.565811924
103800.13329558
103791.276191472
103824.249696861
103809.449062029
103800.4323419
103788.373129964
103800.25213268
103822.712945053
103804.74964417
103819.755426244
103811.578323338
103777.186135139
103795.120988162
103822.906627048
103789.116706361
103817.034734371
103829.610427742
103842.351835315
103825.7016836
103784.533443859
103801.215075028
103786.810495232
103800.659544955
103990.77460243
103800.519484992
103814.475507816
103825.333362793
103815.984112666
103780.583448419
103815.210528668
103805.464810673
103792.466596477
103807.965790274
103806.777363872
103798.49855255
103792.155000987
103786.738022325
103834.635824532
103797.560874369
103817.727381335
103822.201816286
103794.300930993
103803.645059115
103826.000735292
103788.619118567
103815.198174185
103830.505484919
103809.27557232
103799.138019366
103778.72580626
103811.236375529
103812.580183368
103789.96803573
103813.152762438
103801.835923546
103811.756761945
103797.903685083
103824.188657485
103798.530477529
103810.817586977
103826.481143797
103760.535134237
103966.743882311
103802.762265092
103831.475526635
103812.416923703
103803.271956544
103794.576876951
103808.310052192
103820.703080354
103797.728974153
103821.531097516
103811.685876061
103783.334036329
103759.733818384
103820.320328812
103806.235932963
103810.230020156
103826.902447912
103801.700145523
103794.228662148
104006.474293205
103820.57781835
103830.868845445
103804.139516342
103769.012767705
103823.428401487
103802.923920844
103786.614902809
103802.110800639
103802.421930464
103803.81747142
103984.621678154
103789.611122102
103814.307629557
103800.773643094
103813.928504163
103845.169606193
103822.520785822
103819.7962599
103808.087428463
103900.442659198
103799.316283323
103836.152643464
103797.92297537
103822.849457196
103804.651391165
103826.680777891
103787.633394663
103810.924252323
103829.941285499
103826.165933811
103807.462990776
103789.846700863
103814.0340242
103814.921800538
103800.90926693
103806.235966902
104000.636361406
103831.024521882
103823.513764427
103813.698730338
103808.82576525
103788.663289051
104012.322911826
103790.289659458
103814.204992191
103820.596995908
103785.240237801
103801.713668517
103788.672410248
103832.48895503
103815.947564057
103815.827022987
103824.917837991
103812.966949538
103802.641917391
103783.432411321
103819.657401173
103798.769348742
103790.611302509
103789.646668427
103827.27132494
103810.682786069
103782.031171108
103824.070658201
103773.401488536
103819.455268762
103785.702134302
103821.654747229
103790.366781732
103827.357711422
103811.008822868
103805.342530308
103823.22023731
103796.87459055
103785.049330209
103816.945117234
103795.584436997
103800.608605884
103998.295794091
103823.787961774
103822.983596419
103816.164275549
103829.954412543
103802.880165221
103820.764311526
103808.701035114
103814.608903793
103833.244291251
103807.670200355
103816.731208923
103807.157913754
103829.715371377
103797.002235531
103804.968311426
103807.531448809
103817.316867174
103821.8388195
103824.38490224
103785.535407926
103832.154654246
103808.906417725
103805.028603116
103765.220073197
103812.093150627
103809.086522884
103799.423287388
103826.067691607
103785.674014302
103821.674174467
103824.368960026
103809.147637247
103809.413159502
103806.493899301
103792.163071634
104005.384533609
103819.805151394
103797.716686019
103823.394155382
103812.946281018
103815.212454273
103785.837223952
103810.357260711
103987.881087992
103806.790763105
103809.617028741
103825.260065227
103805.227927573
103813.77899505
103789.490672397
103826.111823087
103791.975948071
103788.541860736
103812.084612924
103828.739597384
103797.865403676
103816.151994988
103804.221018327
103828.216419591
103827.943468479
103805.53640092
103792.722094148
104003.021626423
103794.586320123
103817.655814249
103805.216820069
103824.084057105
103800.920641103
103819.897759476
103823.044590851
103803.992769323
103832.826533601
103821.619492429
103816.162656049
103816.342583032
