103789.824104328
103763.803467702
103804.35430601
103765.157258468
103778.667112624
103796.581712003
103812.928578443
103765.82846174
103825.227122715
103724.405658042
103853.176107313
103795.370260997
103976.550396502
103789.322234514
103809.562465363
103775.526339282
103805.906209042
103820.462257938
103802.678527875
103812.094049802
103796.854701936
103823.915106768
103894.252109092
103788.686241076
103747.829136191
103746.600964312
103967.50294297
103757.670296541
103780.183157228
103809.218842249
103818.053499902
103796.822030966
103833.852453595
103779.719237141
103798.378304684
103837.469152658
103809.278364308
103959.482705407
103781.520620985
103795.35642953
103978.118076177
103959.699232556
103826.19072158
104009.787855387
103735.962190751
103830.129760777
103900.082426192
103780.282385304
103810.616216674
103801.692813077
103928.707838808
103799.534824243
103815.254414057
103960.083731597
103806.09270045
103794.051881282
103777.264968518
103801.510741152
103827.657556948
103782.090670918
103989.242881871
103774.375455137
103771.149811889
103960.92598428
103789.709996948
103870.683946873
103789.65666266
104017.653634474
103806.615267616
103952.466112711
103801.028960558
103979.292256413
103809.155682449
103760.888516521
103797.00976936
103774.673592101
103763.61340046
103856.119712879
103789.158367925
103810.029525591
103800.286037614
103803.200555488
103792.884383784
103941.63335121
103804.841152558
103789.841312766
103819.392088018
103764.895365886
103790.30615272
103991.164437777
103869.539744905
103801.597197849
103807.623639287
103791.617074539
103784.756984448
103798.911576024
103781.913507257
103781.426344901
103762.368439544
103786.807243248
103794.952407264
103785.081365413
103781.486817795
103838.39955396
103824.76266225
103821.568776085
103816.070832817
103988.861162706
103775.401995071
103818.368307914
103789.515990321
103983.667407861
103794.721760223
103751.844572415
103804.043066806
103800.409930739
104004.346142623
103799.174382526
103816.882003263
103825.172451249
103819.696767843
103793.345131117
103858.588905353
103795.221552938
103780.731767211
103736.681960927
103769.60501999
103911.203788029
103741.07152408
103774.370182248
103822.487609992
103826.171420673
103771.661956819
103786.257180413
103790.025438331
103777.179878264
103982.498423917
103826.607954109
104011.87484888
103780.576423345
103787.439224636
103798.207645518
104001.528502433
104006.762636544
103772.307343598
103794.485547945
103982.906652916
103786.088261471
103992.042118333
103807.819536017
103808.721582155
103774.830502045
103809.817274763
103826.833426885
103753.040061823
103777.141186115
103760.721663429
103779.265318159
103910.344052467
103918.991950344
103788.738481674
103776.183449473
103788.605343541
103765.489907659
103818.156329965
104005.555568141
103816.032879081
103835.867146172
103820.457990914
103805.744105839
103764.40804337
103980.43068635
103780.484802612
103893.840932066
103974.368386993
103807.692984358
103770.417577109
103782.537687686
103789.445149633
103792.552347547
103819.950617372
103829.350037319
103810.711619325
103808.029887555
103993.372735875
103790.41072817
103804.689421765
103783.977438271
103796.956393632
103795.268190635
103820.394001194
103759.921569549
103810.856164808
103744.233076616
103807.872342143
103745.574835092
103804.332366219
103815.772748631
103819.9161425
103800.517205188
103823.932425181
103765.011110801
103751.077692641
103762.337991845
103789.785801758
103764.715393805
103838.925666572
103805.682194766
103887.96811318
103787.153723168
103797.288289476
103793.807386275
103764.663086846
103819.293026632
103877.94057411
103799.616820608
103813.860873134
103811.063388731
103755.663436205
103995.966142721
103785.255461757
103998.151029549
103782.601663132
103810.287037545
103770.28806806
103815.822643366
103810.837196822
103995.946022869
103794.808516669
103742.795296658
103836.830280244
103788.894632152
103882.405935457
103820.104795555
103791.669282308
103782.451804832
103806.320152974
103799.985305031
103777.39952838
103966.360319124
103779.694954877
103792.736912624
103782.8798706
103789.617961179
103795.383786948
103816.133005222
103756.618948065
103720.868570244
103995.233064263
103774.379328546
103816.3832179
103803.947978647
103792.232343821
103955.304177754
103831.976386636
103785.020310045
103774.906009969
103817.949018284
103804.91103167
103773.705287304
103808.775515588
103780.811988557
103778.882161085
103959.275997841
103790.849256524
103794.074557283
103847.234028665
103826.774691235
103816.518483665
103868.984311755
103911.439801469
103801.089347515
103803.204703457
103766.602116183
103751.064910526
103801.603745926
103825.10192906
103992.263719488
103811.528284274
103745.873237265
103823.565979026
103810.014973327
103971.115701084
103763.849739938
103785.502496076
103794.892658501
103840.836609016
103779.288669564
103802.307756346
103807.432780362
103816.313964112
103848.272467034
103757.791420455
103803.840636601
103839.667309668
103770.098482266
103777.695340521
103772.715706352
103767.016869459
103789.09418521
103803.891022735
103879.78545053
104006.67946132
103761.144871981
103778.390279434
103804.971352817
103820.220862464
104039.437792947
103780.370232332
103820.51765462
103902.419312173
103801.048971821
103811.256627261
103775.421122266
104023.191431056
103809.534368446
103738.92880502
103954.947263128
103979.829904673
103797.248850374
103776.097827283
103868.994185227
103781.283646935
103762.951953419
103788.132178269
103748.229961301
103829.170413003
103763.583123196
103789.071926719
103783.295082974
103809.770316219
103939.698500691
103758.448289319
103779.74029155
103789.686613158
103841.467493891
103851.673278501
103782.326150904
103786.847936401
103786.491865148
103761.487066159
103993.370235672
103798.485091077
103794.899868411
103875.216485702
103781.284830288
103782.548073603
103826.926861754
103759.39093287
103791.818220179
103805.833335936
103799.879662911
103972.544783573
103760.629134208
103830.201061655
103885.949218129
103852.222340884
103709.173550989
103957.806573877
103827.598961331
103799.996729489
103775.574129605
103826.512592876
103800.644360312
103792.913470407
103737.499834714
103978.94162629
103803.813315082
103799.764138332
103785.318865412
103818.347109224
103794.816912954
103814.754440095
103777.389202219
103758.005851091
103788.638658094
103825.12863418
103780.313378241
103782.434564892
103973.440601042
103824.022247865
103821.466673665
103804.599660523
103767.596679277
103792.406145298
103800.177512017
103814.55793454
103810.160257363
103748.439006123
103788.833075193
103805.176017197
103769.574877019
103819.926589271
103786.784649198
103785.971751121
103774.681662989
103821.136952365
103788.501254215
103811.55126113
103797.07285536
103810.390741261
103802.117034272
103845.807942017
103785.064099243
103908.211665112
103788.318702734
103777.685984314
103829.044370025
103810.000626098
103805.200631642
103844.513531642
103799.02466803
103786.184829702
103800.54041697
103809.324971306
103772.795203906
103804.584284166
103789.372396546
103812.412915938
103785.448674574
103897.75442908
103795.363168213
103835.930213764
103795.257211833
103760.304648087
103743.70543817
103788.029370882
103765.759188477
103805.489591188
103820.552827458
103819.34073024
103770.372784745
103822.460722623
103958.774971204
103794.621913768
103771.410538297
103973.717821238
103792.624429283
103986.321008567
103786.311800264
103774.406158558
103792.475796916
103811.677802293
103784.141441662
103802.976826634
103799.937621091
103780.700132086
103766.599149857
103754.357109923
103850.482081534
104009.07701818
103810.412565157
103765.158667286
103772.823303738
103799.238144574
103738.050945058
103769.681962057
103790.549959196
103783.509610989
103778.822462117
103801.110367896
103783.630353329
103803.011440667
103770.501389535
103974.582866301
103780.962269469
103848.964768519
103783.408688813
103831.103822783
103780.823645381
103879.600888306
103785.144947787
103764.283401099
103801.007583869
103947.633484308
103922.552967193
103998.041758239
103803.927919186
103807.913267817
103857.551574373
103791.832771177
103895.51828505
103782.801488478
103959.650299472
103809.783051579
103818.364203811
104004.227793296
103788.380690786
103866.463830746
103783.697703353
103850.035670428
103798.514577716
103775.126017944
103987.821685571
103828.995577804
103821.331087699
103813.239973814
103904.838320886
103944.098748086
103792.195966861
104017.383889697
103807.633775246
103798.933541048
103797.59022937
103766.379241431
103786.537344295
103802.92429537
103774.839155363
103793.79886734
103796.574898203
103793.292076639
103819.960136113
103987.320434921
103781.720947534
103792.28496112
103747.768272332
103989.868515384
103836.430659443
103756.867877516
103762.859695342
103814.738439326
103805.448752368
103799.860964456
103789.759153846
103976.066527899
103835.10119896
103774.181817492
103760.600071788
103797.908763292
103810.934399664
103758.037012622
103786.486317124
103817.352647875
103802.585928074
103830.902071328
103830.026494937
103820.474493438
103790.665842182
103909.7461076
103769.372660591
103795.707398739
103779.555205938
103799.036494239
103802.527127745
103785.396922173
103748.174299597
103831.631382085
103801.693892321
103793.639968068
103760.486462192
103808.705863816
103811.088986378
103777.110488935
104024.042781857
103817.661995608
103827.462495471
103738.191842455
103782.728300034
103898.196160397
103780.85544918
103780.945136141
103809.132802669
103779.329582341
103807.554846833
103761.519088419
103777.528116883
103828.631748705
103789.265764549
103765.273471403
103772.498543742
103815.51723641
103791.38459147
103802.143325928
103806.498435374
103896.566882012
104005.806454758
103840.88160034
103818.073285197
103809.292009394
103809.085661546
103788.932122696
103817.538296423
103797.191127126
103812.346549353
103949.260185132
103809.465751604
103989.857083875
104021.62242613
103767.378985921
103820.543562708
103756.251582147
103811.36218361
103783.052447329
103783.344763403
103811.328470146
103850.44369818
103817.732832959
103884.476005961
103784.083473827
103808.958588376
103766.612836354
103798.400039579
103814.893165942
103823.270860192
103808.686253938
103787.553671792
103796.735002598
103829.224001729
103807.053655678
103826.850482749
103788.90275432
103797.757281973
103801.105032854
103782.79025652
103795.530263766
103800.104675621
103806.366296602
104014.223179893
103976.117296026
103780.235801422
103793.710437745
103815.780332864
103799.887963077
103793.804132557
103811.943600774
103820.280693702
103949.802259429
103820.478473101
103813.879874258
103817.003183377
103854.245177293
103816.702239945
103848.568175757
103796.277262281
103796.417297117
103822.94503611
103813.669251453
103796.131348319
103773.2181675
103818.897691987
103835.811166094
103746.096908096
103809.485786456
104007.76265547
103759.33620896
103781.680520462
103801.442634962
103801.35400918
103799.186215081
103793.351098975
103822.608975171
103790.057471301
103813.368478583
103799.335594731
103821.372397988
103802.088840743
103781.833851397
103805.544217484
103815.099285032
103779.589664584
103783.994831109
103760.199126648
103782.06701729
103779.22661053
103814.590612884
103786.353873344
103959.571161125
103802.521863091
103799.155164354
103831.934344981
103781.195959787
103885.500414883
103813.73273373
103803.560438533
103806.385523828
103787.403938275
103767.761614845
103761.046188982
104006.469876515
103972.238209065
103751.369373539
103778.789286609
103781.555231147
103801.704788601
103800.696474864
103962.425815281
103841.456702629
103758.305243767
103816.556587621
103827.083853331
103795.404651557
103795.752317216
103799.597522777
103788.503885977
103782.471948808
103788.396043668
103777.664044137
103807.683958086
103710.99659368
103793.212980163
103979.507130625
103804.347211375
103804.968824124
103780.244341406
103986.902311035
103923.68619742
103768.265299602
103997.957216894
103803.080351605
103904.043719638
103969.694567164
103787.205869159
103738.441431245
103773.26031057
103793.708181013
103780.079636182
103793.633710319
103829.864932898
103827.854388062
103797.787720695
103937.029783629
103782.566067571
103785.217243051
103792.620054312
103766.608779388
103975.929653669
103957.725568392
103772.593464106
103825.881905342
103794.025355852
103928.202488443
103802.552900765
103788.445500449
103779.844578148
103831.252277737
103985.218987979
103782.47992425
103834.463897108
103809.434398254
103815.197813607
103792.352049633
103799.369997033
103764.856730721
103998.977155837
103788.708737125
103768.633628425
104021.027198009
103755.070482131
103809.618949317
103771.80641656
103938.526229827
103995.781947973
103988.311971551
103803.09606448
103813.463461897
103998.352736878
103756.712261585
103806.959719258
103895.743093605
103762.518895345
103788.98221553
103809.904460741
103748.639589463
103799.656916884
103813.786512421
103782.149516991
103805.231432511
103830.145105126
103786.173191288
103809.294067348
103819.071841464
103773.318034336
103773.585118831
104017.31422271
103816.227025539
103783.989236429
103976.740971599
103979.289592243
103807.617648879
103804.99130382
103815.887687273
103811.956336345
103782.284345994
103839.730739802
103972.582396302
103819.287797347
103822.504514977
103762.157402287
103878.069879601
103846.337464874
103848.754755958
103774.237448247
103766.16751
103795.769488291
103799.909006287
103979.642421242
103802.876283529
103783.628483276
103801.149863288
103777.85421341
103810.180273129
103818.602322751
103786.803901009
103825.886690478
103803.092243389
103791.195846309
103809.683367343
103786.305285511
103943.240699759
103783.308220991
103786.397111437
103824.4864407
103758.650653979
103823.824348079
103765.625903207
103862.556397922
103769.497925914
103824.27612672
103970.092100098
103781.509892276
103784.4711432
103782.244820026
103836.041833691
103813.901090638
103821.138549143
103762.551182661
103814.555489956
103809.767693019
103762.996170179
103762.715344216
103858.857444179
103795.387377005
103806.399253435
103790.740162838
103786.326606137
103763.132468803
103737.79450057
103781.33953431
103796.24311248
103795.068717976
103814.962522026
103994.337151127
103971.932952495
103766.536412816
103749.18282663
103782.321069277
103782.117773547
103805.818795406
103785.615504318
103734.703364001
103852.908387841
103948.301358513
103793.792940174
103891.758991761
103791.315793369
103785.863112725
103808.829136566
103796.075732482
103805.596948795
103770.673933867
103767.748443893
103819.609090282
103828.543227588
103823.83372817
103794.531045858
103773.364410425
103767.678385245
103849.492677778
103788.738124339
103747.312147779
103825.903927204
103770.923201388
103764.366790973
103953.116177673
103783.954271508
103960.730600414
103961.210042675
103809.973023754
103771.993199854
103818.78946499
103797.724014769
103792.631707599
103799.441136853
103799.787341973
103797.004958217
103789.901948141
103792.522084418
103839.613188579
103776.955542663
103808.49323613
103778.818007075
103775.525258218
103810.688626741
103801.672652503
103972.370031589
103826.293053645
103785.411714435
103783.787580591
103796.535703256
103820.905954535
103788.03120692
103908.486861785
103813.532205468
103798.522812875
103733.001543991
103810.131382434
103754.11248437
103962.371455236
103796.559578221
103782.866114857
103797.028507029
103788.727030075
103780.189788673
103982.714304438
103964.248692339
103980.867633624
103975.409969631
103798.440615315
103794.803068457
103775.562955144
103764.87181184
103745.229374781
103848.479861712
103787.517713802
103817.469795493
103819.579207762
103758.041840146
103812.139382857
103815.462613517
103798.765465536
103981.264913273
103828.106374644
104005.676040306
103791.437700357
103781.771134247
103908.10818367
103849.323824041
103791.574592636
103793.411527369
103694.606877651
103755.751141527
103784.108716932
103968.466235521
103767.068107306
103799.923139241
103760.120311425
103799.720084739
103823.579830433
103794.345032472
103753.652252193
104004.10599942
103813.611003018
103819.072068193
103798.388238518
103941.450946953
103764.280334068
103807.102732669
103810.250270407
103821.944575256
103801.89562979
103769.641812083
103795.064051966
103813.475472468
103798.364206905
103806.90590566
103747.903196578
103792.508873443
103946.119098633
103807.574439776
103810.621695954
103796.740067995
103766.037116865
103788.442931897
103748.095032004
103805.910773747
103791.596322257
103862.083568749
103814.9988682
103908.715511966
104040.589281594
103813.890084881
103772.741495985
103967.828619245
103821.856333764
103794.806632247
103814.058833776
103882.325635165
103991.304425889
103748.771303203
103818.100210371
103995.28452029
103861.272552452
103967.446161051
103807.649535481
103773.837302304
103876.621678387
103964.207937651
103968.782326906
103905.687496966
103814.487151841
