103920.547688595
103930.394532289
103908.684319343
103868.311846851
103830.678931241
103873.070380055
103754.35133594
103953.87808376
103924.7383839
103868.551149963
103884.266551248
103927.539518042
104012.33013829
103802.073075437
103950.500728113
103828.131163628
103865.266362983
103777.39334252
103769.757043472
103933.616733838
103898.046852698
103835.891598899
103845.497810722
104010.121095721
103902.194785664
103925.733469044
103819.008161887
103841.489066764
103902.58047089
103918.974440119
103783.651092417
103891.954008013
103877.979202594
103960.97669427
103859.890951688
103847.513637149
103780.221706886
103817.293062027
103853.026107308
103841.911638262
103897.287060067
103914.287501176
103856.053793176
103781.397125278
103850.549127618
103859.155761631
103848.702640601
103855.035100506
103889.672260376
103815.071016726
103845.467664436
103901.09263801
103844.898235314
103803.530170856
103877.079621919
103771.056599205
103883.914353603
104064.88988516
103915.151005094
103867.197639599
103823.261880804
103881.456275289
103924.706930039
103856.355490699
103989.665635573
103871.562273994
103939.022933814
103862.959718575
103847.552221369
103848.775030093
103917.867312368
103903.582575949
103866.656978986
103838.402442054
103777.303892168
103830.938465674
103928.368325848
103907.662364105
103882.595776926
103847.401447184
103986.462231561
103849.514835565
103788.421583338
103902.738834345
103734.769570466
103947.700735318
103862.437088429
103855.986011533
103916.795624972
103871.710604182
103734.354975872
103877.285985073
103958.438944159
103815.259799046
103880.200177563
103788.577259224
103823.777193579
103907.206167208
103837.933646914
103779.111921319
103803.424646102
103800.961340973
103951.427290284
103894.406193599
103766.560467556
103972.794072563
103875.312873723
103863.487006214
103798.020959898
103757.075189477
103882.25222644
103827.000575145
103788.765401483
103951.23551144
103887.776885363
103970.497523838
103855.551882523
103944.026328564
103778.807059541
103824.811832868
103922.551331876
103908.078038772
103781.184398051
103951.710234137
103984.726076723
103799.998779901
103892.676664901
103822.485892601
103748.755543476
103872.848438397
103790.475543836
103956.636442958
103910.239541277
103789.831150567
103923.545520873
103950.085285455
103731.966342749
103858.739646971
103778.771118986
103872.187735011
103872.826569473
103906.219831695
103970.962724523
103842.610747301
103675.079404742
103947.729228353
103832.998798708
103857.886332368
103848.06878894
103881.042033465
103890.446835263
103777.888246566
103876.708868773
103768.029980252
103801.256120809
103868.369707806
103852.837261153
103927.869122889
103742.142222521
103822.094289491
103888.863174041
103935.78822363
103902.937603215
103805.525476827
103992.069297031
103935.480336454
103898.188121168
103814.664757256
103874.464846227
103824.659028017
103931.531267431
103955.44738787
103890.985805774
103824.355322039
103790.252560374
103926.147126175
103939.907424885
103854.122015638
103922.027311506
103804.982005118
103851.156048341
103789.279343598
103996.76993779
103751.000388541
103942.619891946
103938.635301535
103755.02823326
103973.202919368
103953.687545541
103811.324975391
103948.769020857
103973.881606167
103904.422578608
103804.641246703
103997.658924745
103905.187133701
103953.961374383
103812.882082407
104053.991580996
103902.40503607
103953.341372825
103881.119776184
103817.394989278
103811.480363841
103908.469932478
103895.311629407
103902.358842727
103729.675089218
103804.495573169
103856.052292911
103876.193143874
103820.467993965
103844.449850144
103837.475922808
103919.640887243
103792.878099586
103946.817672681
103905.50908953
103869.712229023
103868.960617734
103801.53368477
103950.58582307
103945.745751202
103915.09414831
103985.082805744
103834.269096896
103888.688712554
103982.179563801
103751.309022001
103772.392802457
103895.677764101
103866.463947495
103880.309717198
103856.688138619
103899.454343524
103761.231299626
103836.917476236
103842.071323523
103824.113688659
103791.903756113
103700.298357537
103847.931825945
103897.821814826
104030.872660914
103919.062805725
103939.446003444
103791.209424122
103858.14579553
103986.151210824
104051.75512894
104024.657644496
103851.286925348
103883.96609926
103952.709773791
103881.094110183
103917.61460666
103894.509258169
104005.233032919
103969.621100316
103839.250507383
103867.865639309
103823.939035717
103879.178445646
103913.977009615
103889.274944375
103881.650997965
103901.54329522
103828.751929382
103886.918658895
103909.623423427
103861.36809595
103941.181237115
103982.392998324
103845.601694421
103824.014959405
103845.807044772
103969.991140391
103798.238867632
103735.705911906
103888.211902985
103700.484050251
103939.074614472
103871.000536467
103821.192050238
103915.756447602
103873.472575884
103889.507953883
103902.561605161
103896.877861844
103830.848124896
103958.007865906
103934.014979029
103935.735541635
103870.602080688
103840.732281214
103839.607564686
103795.27385454
103956.019391256
103785.553126971
103767.141695455
103854.490864442
103861.877414642
103898.316832711
103840.471433453
103981.953180829
103955.472533632
103919.990576418
103834.181167923
103969.949300648
103853.568498514
103961.474462342
103778.228162254
103944.910927607
103890.574854716
103860.019610362
103908.329610699
103874.436899346
103958.73130563
103909.302346749
103803.521181481
103932.246842186
103901.70680334
103980.900120945
103959.191437805
103948.946456096
103835.723814217
103917.527289874
103936.330361551
103959.857531264
103857.462617482
103781.187586384
103923.199600947
103847.868697765
103827.361112072
103922.666225116
103837.169902583
103977.73533874
103742.002074352
103890.260406499
103881.572537942
103720.878245817
103749.722903909
103911.357492046
103828.085452566
103973.018685404
103812.845127249
103909.698626244
103918.729241257
103772.773491865
103831.335670931
103893.913061336
103948.429400542
103733.300467839
103828.394826053
103896.259438583
103739.908923765
103723.685988542
103891.274128239
103843.371819668
103825.735278945
103858.329927204
103890.375679333
103833.032546502
103895.61380955
103886.189806937
103822.772795653
103819.753805137
103803.347422562
103909.195129504
103853.920540205
103948.141671046
103915.670774176
104001.240338058
103941.351433656
103770.363211408
103891.78995369
103833.015979816
103894.09268156
103813.504978813
103827.679632749
103910.303159832
103925.809069966
103946.354152252
103950.351074399
103856.497717107
103846.784404108
103781.695794343
103786.333178353
103813.052152809
103867.317090532
103862.96575019
103797.544763664
103731.608682323
103861.825637794
103984.137620456
103768.218786565
103903.004465914
103888.188599551
103916.985649645
103926.115949088
103907.529005744
104016.084524172
103966.16703546
103877.199664004
103930.809285241
103939.052168991
103896.908046635
103866.983084752
103804.101228012
103815.719001647
103957.562789945
103771.467736774
103809.263006336
103845.491559562
103983.769191296
103911.260245812
103824.497855489
103942.437762424
103754.893535094
103843.641064073
103874.86778141
103846.876583499
103809.020960846
103781.15506031
103863.043555867
103869.438024823
103948.948086104
103809.920040536
103840.188967251
103778.254457713
103904.925359809
103916.462230923
103833.118914878
103760.840113653
103778.273997976
103916.401932365
103805.828339004
103842.942846007
103952.776975108
103902.672766154
103840.487382972
103881.428309874
103863.946179402
103870.321590253
103825.930615166
103862.571543879
103923.457167149
103760.673123742
103781.400182509
103765.394493265
103876.650231576
103833.291505028
103881.279950931
103984.363757511
103831.945803139
103846.57490457
103817.935310572
103852.227829199
103873.469524258
103801.65918016
103807.202229994
103741.983344851
103957.032594398
103741.323546671
104002.50622751
103861.133549732
103915.85637517
103921.529180382
103895.323186343
103829.608827811
103985.101731044
103858.484644434
103901.355912773
103855.817116401
103658.628740029
103982.187596533
103850.192266714
104072.640534467
103888.91554023
103813.942081605
103862.589248055
103975.07882547
103912.344229522
103757.674566521
103775.175646195
103792.222675092
103890.837837181
103907.6346852
103928.123169047
103743.761113864
103781.026909244
103866.753020144
103952.362487546
103869.700469696
103692.499079356
103986.673554862
103901.764315302
103890.687686189
103725.337019438
103832.227080993
103782.097497408
103847.994717441
103878.037214104
103959.686082322
103879.806762368
103963.317681435
103794.197358216
103834.608884248
103931.885624461
103844.64744874
103850.120855357
103827.342196041
103912.649448656
103908.766061952
103854.984747974
103919.117810275
103806.045767626
103717.019201819
103912.33343964
103907.553538998
103854.977952962
103859.137435207
103990.282693981
103959.532205944
103911.285741876
103954.685943376
103880.735786764
103698.110291099
103981.740575178
103879.409718737
103922.779437689
103869.989919658
103904.354432731
103781.172783629
103918.827205426
103949.140050181
103793.373731463
103829.516517112
103819.682029763
103877.056778009
103959.958631329
103779.579395661
103798.64435554
103808.062566302
103913.721627207
103777.753322877
103760.150862563
103829.092604356
103849.88694058
103993.133354035
103803.322432652
103909.713571856
103712.436497012
103750.119053504
103800.355593773
103884.369032072
103960.051241361
104007.261205243
103889.727110818
103876.345867061
104044.304690651
103799.303802561
103923.446886843
103894.4463529
103887.974465266
103923.460003423
103892.527099507
103935.010516831
103868.267631074
103804.306890521
103809.581130918
104048.481183874
103926.050877222
103812.571748513
103946.15104389
103907.591861727
103847.436854669
103975.846249885
103850.527537416
103865.735667345
103971.266320854
103772.521816402
103904.91907011
103792.285593448
103798.817192474
103750.384625633
103882.70786544
103795.101431189
103755.938456814
103880.61801371
103926.342600848
103871.72680298
103694.658117938
103917.282008935
103930.433811754
103845.447694896
103805.224621969
103966.012147145
103682.255010934
103858.734702022
103944.529774707
103910.161360294
103881.876180362
103905.583498049
103812.306868066
103747.352032635
103913.986405009
103960.403788048
103886.624084595
103986.920244789
103908.444509674
103947.990676362
103773.813189458
103917.337887459
103914.579406511
103906.479283493
103960.180601849
104019.736461667
103755.137959852
103953.341829297
103976.54954997
103807.451282127
103782.488164666
103701.21886755
103910.8615765
103901.295362541
103858.797902416
103804.175591256
103820.047750337
103938.64051883
103782.416380465
103922.994565994
103887.165046292
103882.964243247
103776.627589392
103919.139873026
103749.80919453
103830.708044638
103924.192145755
104008.779888898
103698.889092608
103869.998537304
103849.370060215
103700.014707854
103824.986548446
103932.870923599
103991.957460027
103840.656376777
103680.546780028
103901.602027169
103926.774104222
103740.919711687
103942.718929257
103810.847193095
103859.258319819
103873.65174918
103945.618260089
103808.086380403
103825.05538308
103921.481167612
103835.140714104
104003.461808769
103870.527805854
103999.965686142
103932.025003495
103958.163178131
103932.419264891
104044.69167533
103859.25665416
103868.697571818
103937.581503904
103922.911432168
103792.524925677
103862.3171832
103708.024076621
103882.84124787
103935.980445498
103873.248160898
103891.769340404
104007.589204721
103936.061216104
103758.666112886
103898.741664972
104028.718747465
103714.789241855
103693.14515077
103758.309612837
103942.609903271
103769.833504639
103828.450979535
103856.646549886
103881.723306698
103906.213846394
103764.747892229
103811.040731443
103760.183973498
103725.361449533
103822.680894023
103828.889611924
103883.628087657
103841.016024581
103843.987900353
103732.520150905
103815.357929916
103928.24868745
103971.440183739
103924.325247217
103723.153448956
103945.755441059
103900.258005782
103898.665055236
103896.74891073
103882.05465285
103820.020753589
103949.467149562
103800.828613546
103935.290883432
103894.640925218
103901.613904566
103928.403244933
103837.388789311
103839.974334601
103947.637826842
103956.499712275
103851.457391751
103840.826741992
103950.032776285
103889.428942563
103984.011658791
103941.198472039
103938.431947753
103852.70868929
103741.934035063
103920.204466483
103957.435519231
103924.286485211
103764.777242702
103860.254679874
103937.572833796
103876.581319339
103919.376113707
103908.988254254
103939.312992836
103775.85757183
103851.172723611
103946.369859902
103880.143301956
103775.043172282
103786.82466781
103985.58748119
103786.280340111
103869.026632102
103890.665909476
103892.635891273
103920.263467292
103984.381141011
103825.38666125
103880.31581457
103914.680143902
103775.521589407
103872.070365942
103914.81220557
103972.101041356
103750.835429643
103895.607048389
103818.444351924
103814.703667363
103736.978047158
103870.778789859
103908.313136236
103912.277871114
103864.10006368
103761.227325415
103871.607967484
103831.370549569
103929.31047836
103840.368294845
103878.80371772
103888.517136454
103905.037128671
103879.779621083
103923.96333299
103846.359527196
103746.150612751
103870.729811075
103901.035359294
103829.501477815
103927.802471881
103778.937143928
103859.975982117
103812.676062708
103863.140792931
103961.856585761
103837.731263697
103957.181506229
103861.750936176
103807.805633735
103776.664720835
103740.735969984
103933.34049059
103824.014282765
103849.910251465
103906.861809438
103921.622222433
103803.127411192
103813.03912171
103769.689829521
103821.376884991
103867.261421479
103887.682836738
103869.714343914
103909.714235117
103945.947577957
103893.677116567
103925.328245128
103685.821137064
103729.258413932
103823.570586625
103978.846475916
103889.895551374
103843.745577824
104013.908189854
103785.784671368
103906.590780913
103804.767573919
103928.533039073
103760.074581692
103970.413939143
103803.31503268
103900.78335763
103808.70852007
103852.718774125
103749.614588093
103856.78341725
103924.340780042
103921.675381951
103903.595914255
103904.839836542
103989.566552402
103868.418624944
103750.692103461
103968.187742848
103876.85721977
103842.997444882
103918.157705089
103794.761244657
103849.014915099
103763.9952677
103904.440909344
103905.020057389
103975.164833044
103993.375634711
103945.277608702
103917.126396626
103855.465094701
103812.469850305
103792.425658719
103878.836648266
103916.299925806
103937.284655716
103863.864010807
103842.682959305
103859.574164057
103904.844997613
103970.684437123
103902.977458862
103750.567981933
103822.665170774
103833.269615609
103898.963072167
103847.333796987
103938.242167775
103996.04975139
103663.558630133
103871.856124707
103849.941926111
103893.537107083
104008.795769854
103780.230007129
103777.778490865
103840.963875662
103780.250075941
103958.868599611
103756.26216048
103859.803318896
103781.913119747
103931.864295171
103805.542134728
103813.526988045
103903.191775266
103900.051788036
103757.681328195
103925.882882824
103882.703032217
103863.603526153
103943.1805758
103964.258615456
103953.062045994
103874.153848575
103893.355259522
103850.660246324
103955.734708912
103790.570149187
103833.018864704
103907.447196536
103884.479561047
103778.428335385
103763.922163323
103796.440663455
103923.185478295
103806.383102086
103816.112474508
103875.745727145
103791.393550599
104012.627266959
103790.933896955
103903.282411368
103807.329675934
103924.895551409
103856.26659356
103758.70092186
103767.114156639
103856.057260259
103956.809001474
103871.566369922
103764.412806534
103829.241010533
103818.427575694
103859.00686431
103883.739157729
103867.618280331
104042.161042207
103822.086462505
103886.816033059
103747.235174068
103867.065725106
103907.5407788
103799.86336647
104008.326963848
103760.313531976
103968.478950012
103858.194981034
103804.56025951
103848.766762258
103942.10135674
103870.329240155
103829.929488472
103865.55857356
103781.75160611
103896.586324538
103954.618556988
103985.738823454
103876.05793716
103881.524078491
103948.1888957
103763.403211512
103967.908738069
103884.176136071
103797.532526046
103818.06141249
103870.535507891
103868.765158917
103835.084314906
103798.240340277
103918.702231603
103875.273377391
103823.060921273
103779.680491701
103935.837810666
103884.24249819
103871.364023184
103849.805074365
103923.572960661
103883.923573664
103846.211579102
103827.022171653
103967.015739698
103980.426150036
103850.20106148
103715.248966978
103928.139761611
103900.732113021
103876.805033744
103952.465964975
103772.53408153
103970.460369746
103953.485675941
103954.941367217
103915.373794909
103755.686380022
103959.150977339
103877.902060156
103767.052748995
103857.367985749
103910.287586486
103719.301627435
103811.432099796
103828.250311293
103813.307198338
103841.422233833
