103890.458786445
103890.44425081
103890.794102039
103844.399492531
103902.499323579
103900.906626936
103899.366615382
103897.411794126
103878.623015264
103903.7288676
103902.981670848
103896.220015679
103916.923846552
103893.115740727
103908.814536385
103907.367066095
103907.202329399
103923.070194218
103895.233275543
103924.434345954
103893.072428623
103923.892333445
103902.823862218
103903.921353436
103898.392635148
103897.473689415
103882.594532485
103893.136249292
103901.38296463
103886.975953099
103903.506048777
103908.49115606
103888.58289981
103897.517218417
103905.004258598
103891.638467797
103919.816467301
103894.200788981
103907.024481542
103904.530857481
103884.788134658
103842.497574625
103903.423059662
103886.365381691
103917.935172217
103915.413297924
103881.878947852
103903.524278509
103903.702263848
103876.315929906
103895.835864653
103882.026817089
103855.099520204
103905.703877022
103914.555009518
103907.741407983
103921.801885391
103854.332690554
103878.482507305
103893.733712948
103909.44577884
103868.065064725
103904.789961316
103902.626420547
103916.566130246
103904.557029428
103908.675049591
103912.194084476
103898.74318208
103905.04266699
103897.064334547
103885.001270957
103899.335303158
103888.485055595
103891.903996428
103881.606752612
103883.948929633
103905.876910006
103866.412583591
103887.470063314
103883.865260576
103883.29535642
103889.010583473
103900.590515779
103886.400068171
103892.658833354
103873.144080758
103916.781164036
103903.147454875
103850.583670773
103882.17997296
103905.264826914
103902.555105825
103915.592670725
103907.80231466
103922.038164029
103899.595381931
103901.112294707
103890.343106427
103889.987936372
103947.121745717
103899.376214431
103918.264474553
103890.884638881
103931.261267021
103883.73266081
103878.595700826
103898.288393225
103853.910364347
103899.086658903
103895.455820422
103918.921281684
103901.232632094
103905.524405419
103913.609772583
103883.331276104
103887.317958202
103887.271523445
103861.426187371
103891.029769288
103916.448568812
103902.749887947
103896.148148386
103886.237864563
103863.900046157
103896.921158979
103914.93793465
103840.733952705
103895.840693673
103901.62798212
103907.515799993
103910.771956496
103896.663930197
103907.205028063
103905.441411793
103898.929428223
103917.690919922
103901.563069377
103904.488663441
103880.925057893
103909.80152514
103893.630396561
103890.194291439
103879.08661105
103901.79998962
103895.02352155
103903.949513948
103885.665113785
103888.891849329
103875.563740316
103891.148469704
103879.804167352
103912.02621871
103908.536783325
103865.045562408
103898.888130988
103903.273008256
103901.741735007
103909.736974915
103908.3948311
103864.914601765
103903.771395772
103886.916677566
103893.952140741
103882.088933459
103913.117378127
103883.081631175
103907.093908757
103910.517140526
103872.680329781
103911.512216958
103898.207572249
103907.448412223
103879.607726815
103906.206868408
103893.26416981
103892.473110267
103896.086769656
103892.340128726
103900.859002552
103910.025633735
103904.148339813
103881.336087128
103905.678430233
103906.251879504
103894.750976409
103922.434293774
103903.9262025
103929.537990174
103874.797501537
103905.827785483
103920.657318392
103911.92421801
103897.261852665
103893.114975042
103910.411760101
103866.15299336
103897.892685474
103891.09133436
103889.096258134
103915.380671343
103868.244317232
103910.091973219
103904.858937518
103896.739415831
103860.436849693
103903.825408371
103876.032169863
103892.950021793
103892.541611207
103905.536611735
103896.587276405
103899.049483109
103883.001419651
103905.787748817
103887.984610457
103900.676832654
103907.497299515
103898.98406827
103976.61777106
103899.75366808
103897.283001935
103923.689816493
103916.941722962
103901.293808036
103892.226950999
103886.156103829
103904.447739028
103908.138395896
103911.722854536
103912.534564413
103898.593621571
103902.236848925
103902.281257291
103900.761415803
103882.346112392
103922.274544548
103888.625663579
103898.283726986
103883.793153209
103897.570223217
103871.804505217
103880.942500846
103911.273896831
103908.283881443
103877.807890083
103886.417499975
103922.052877342
103890.50711006
103901.823395019
103864.922128902
103914.141159111
103901.000790722
103883.876644165
103853.89245402
103912.551948815
103905.729574805
103897.060728014
103878.561951019
103912.755670555
103899.644106749
103893.39036547
103899.035164091
103911.880737853
103904.097107681
103891.243799139
103890.207081311
103871.782431717
103897.545418246
103898.84431851
103900.067016515
103903.893570058
103907.445892593
103876.48755254
103901.6894425
103900.188706204
103903.795812466
103909.41382945
103909.776545353
103889.607698331
103908.153270906
103907.202611725
103924.79942689
103889.826033577
103899.403029633
103901.302292443
103873.99666738
103875.91210397
103890.855002887
103888.034687682
103900.992453725
103888.419966285
103869.614374458
103913.08065545
103901.951338118
103876.123328799
103894.806729631
103904.597514226
103905.842894364
103916.080009497
103908.578835823
103874.9648169
103906.743029881
103884.274059764
103901.877919246
103881.222902523
103904.208883909
103882.251134598
103900.392265777
103866.291420869
103891.406196749
103888.810715995
103910.91683333
103878.089633223
103893.822418627
103889.696330536
103888.877733334
103880.006223391
103908.791141893
103902.783869222
103927.287355788
103893.840212631
103902.222435137
103891.472943243
103903.425218051
103908.639817612
103904.923223388
103919.906903085
103887.405327198
103884.882920385
103892.409694337
103886.282261716
103872.255920786
103907.087509515
103921.934139868
103879.842095758
103899.606516806
103860.009884818
103897.296565427
103903.821019213
103884.106094237
103874.483254288
103882.794849469
103897.518188555
103918.482222806
103904.228176006
103912.079702498
103918.815136845
103909.506638544
103896.299108584
103907.458318926
103894.338500724
103900.900184079
103906.303090613
103883.589299036
103901.978112042
103919.621240067
103906.931353299
103897.331459357
103890.72075592
103883.303275979
103916.105817755
103918.315546086
103917.611995618
103897.648442522
103866.25254549
103903.9162294
103899.209510069
103903.004702587
103897.348062254
103920.57013879
103907.669769677
103890.697308623
103890.272814614
103948.654187204
103876.979728128
103905.172916936
103908.168833435
103868.313797471
103903.124444682
103870.418986383
103892.216381545
103911.738530505
103903.423954635
103881.694108007
103889.845727927
103888.714312116
103901.254001606
103891.842070634
103881.041397112
103903.531292133
103897.949416621
103917.36357688
103914.788815536
103878.833209105
103870.94473435
103927.424318941
103854.367431314
103920.128580054
103845.419238814
103900.158167275
103900.035498773
103902.341608563
103887.599401332
103885.006527131
103908.70766867
103905.627141343
103903.97339467
103918.917851647
103883.327039246
103899.002723214
103902.407987299
103888.914532548
103913.183864832
103884.387228712
103921.903935511
103895.348138419
103887.560176584
103894.235724405
103913.893339722
103901.224391463
103890.579605147
103898.897320535
103911.781944432
103872.20814555
103896.915531098
103854.752727051
103909.698013993
103899.108988522
103906.995463159
103916.220090649
103907.016654328
103916.004855697
103912.52033209
103878.29872024
103895.592456271
103909.01472373
103894.2095939
103916.120005798
103896.54181721
103892.879023098
103904.613725656
103894.349393719
103911.459133892
103911.184800838
103912.677729727
103905.056396446
103893.917930779
103899.256916451
103883.223737659
103899.290666074
103892.915149343
103902.620109201
103900.724290587
103891.373806559
103909.296352835
103918.420596486
103913.310281651
103898.630670477
103896.277960314
103869.544790071
103883.13629325
103887.375030761
103878.678875879
103888.008253728
103903.196798606
103884.766414256
103910.400403013
103878.280234036
103901.334552705
103882.60690733
103883.060494533
103904.076033368
103894.881686814
103879.577369163
103905.16528332
103911.605731713
103873.648899042
103899.278670689
103898.545902026
103894.875192895
103886.088024601
103890.707120256
103894.954638892
103894.82173868
103891.385550911
103913.89847133
103895.205500266
103880.396601096
103911.28693596
103858.120509069
103899.948069358
103902.631598542
103897.932282651
103886.740391426
103894.364603294
103903.326567362
103910.195776923
103913.599805762
103907.252638028
103894.703412653
103902.302519896
103903.463372054
103908.716159547
103904.228204023
103890.279936591
103909.935088203
103900.374397739
103908.382930999
103904.470060205
103902.377672872
103894.171206245
103896.902120737
103900.623435743
103891.27565592
103922.248586151
103884.551240444
103921.048415339
103891.188842053
103900.328721633
103893.643312732
103906.089778121
103895.870894477
103921.467667869
103883.490818719
103885.316395982
103859.623041529
103884.140755312
103900.206973657
103910.096700266
103898.664669711
103910.574714809
103882.644929058
103919.70487508
103911.283898941
103904.573551549
103903.478209087
103871.053149464
103912.19820013
103904.500906461
103899.199252048
103901.541397747
103904.572077317
103895.40609271
103873.529161924
103887.992481023
103907.656378631
103892.745831243
103958.00032265
103882.220485405
103912.825147877
103915.389288359
103899.81924793
103874.298180843
103895.541431196
103900.9587464
103911.436111165
103896.181741021
103883.066434871
103906.058675155
103903.00397478
103881.133050517
103872.350855696
103899.042706204
103886.340177741
103905.922866238
103890.679447427
103886.565210516
103875.940574634
103903.38514762
103898.084927992
103912.94482849
103914.402285276
103905.991903282
103907.958646445
103894.398558898
103894.252459049
103887.822815151
103914.419542237
103884.341728167
103892.490768716
103903.353047687
103888.958435291
103909.727921957
103866.812783484
103903.187396998
103900.733920344
103888.79008821
103858.054442803
103904.271457336
103866.2967801
103932.89507554
103870.044329167
103901.862798077
103876.050963487
103895.889344409
103896.21502387
103902.01116007
103875.940556773
103891.041694138
103897.272932955
103881.255083259
103879.960848109
103900.054997965
103891.53726515
103900.175920084
103878.693674122
103913.218282559
103922.496478149
103907.089905571
103905.408147882
103878.277231181
103889.486367553
103856.508670498
103920.704514055
103917.396798402
103917.376658856
103890.574473034
103901.538615834
103895.266532869
103885.179210924
103870.249279757
103905.067294658
103892.626432443
103924.228175154
103890.353826013
103891.610409974
103889.539469454
103952.892573199
103894.384478919
103906.653506939
103886.515588192
103904.943395959
103920.895127271
103904.891015068
103904.332183916
103889.751269074
103910.63721384
103865.069852745
103905.203802589
103906.379663983
103895.781821558
103905.234540719
103900.819258043
103897.610849899
103908.131227674
103917.96751525
103907.421312734
103913.557393499
103898.348283776
103907.591024274
103902.282650585
103924.896675989
103953.946337794
103910.422396396
103889.338261162
103889.196176758
103903.248240989
103911.001322017
103910.61632371
103905.535147031
103897.531633819
103868.807737768
103929.967602728
103910.724407043
103895.528998388
103881.953215803
103905.921041423
103877.198075932
103899.104684628
103912.14940483
103900.404402801
103905.711475547
103898.463892888
103902.660567644
103856.006422267
103861.671781025
103896.446585595
103910.336764066
103886.192307043
103903.065734882
103902.817389035
103903.003338222
103902.374930742
103899.16603199
103886.432747465
103898.090895652
103900.329159942
103901.639961531
103887.362389526
103908.772761829
103918.950179704
103914.202862275
103911.802271024
103900.768941479
103907.961431299
103900.199632066
103884.461298816
103905.977800043
103895.125091333
103905.893072324
103921.123290928
103903.934613477
103926.523801262
103880.539615138
103863.170471039
103894.022035749
103899.585165056
103880.594269184
103892.268477203
103912.367190392
103885.217261044
103865.45775477
103912.936564458
103906.96680182
103900.587515282
103900.397001537
103903.597619203
103867.082505399
103895.085310899
103889.616930713
103898.746712503
103912.398509564
103892.877785611
103900.183007205
103882.694670173
103903.99050183
103905.011010141
103910.684620001
103898.559511721
103914.50746581
103901.868296711
103912.54056031
103927.566273708
103898.090995201
103849.553028194
103893.949863112
103900.179282462
103901.336666831
103909.724099185
103917.62251181
103902.36303242
103903.105014185
103914.084122253
103898.121665482
103888.882934874
103901.84069185
103889.949338722
103881.822043075
103911.435039866
103906.560841453
103902.858819882
103892.852144835
103902.630820842
103899.218447218
103898.300791982
103932.348967214
103904.334930011
103893.269460092
103893.739343043
103892.290363184
103897.251865059
103915.182914809
103905.025809807
103880.546490378
103886.610604713
103882.777423228
103910.683368856
103889.928456799
103889.955881515
103901.53126433
103892.128677532
103860.142583886
103852.688990996
103906.58712848
103887.055076027
103878.782324989
103903.336377484
103903.629055847
103895.139072543
103911.281909124
103873.61591109
103899.489125398
103879.579926109
103878.327131884
103896.574037997
103890.788540344
103884.686142196
103921.614257144
103895.299756433
103883.713752259
103902.682094472
103884.677568875
103924.048871581
103919.620305033
103898.486921157
103892.384081392
103912.984335528
103917.008536473
103911.228150943
103893.060804877
103958.72998283
103919.470085585
103919.135344915
103902.654855151
103892.976848002
103905.088790854
103887.550285049
103911.070007782
103916.443392828
103904.84296652
103926.444063109
103894.728203474
103906.64745506
103909.477765976
103881.501783212
103917.883965509
103871.433830302
103868.251843378
103901.242054967
103887.433826105
103913.609243069
103907.239674603
103888.300572071
103876.767184853
103915.886580301
103889.764137921
103885.563234947
103898.312128285
103897.168463882
103912.11175448
103883.379897629
103879.400864406
103864.182367882
103886.135983143
103893.669748396
103917.76456812
103903.678502841
103893.658074754
103900.897354423
103890.851067273
103898.858279002
103903.626368099
103896.808135019
103889.527632925
103889.976414223
103892.018406613
103926.931819361
103913.719522221
103882.571683111
103884.806810504
103900.555798949
103897.870827555
103921.24254187
103908.736328044
103889.767367696
103871.187488591
103908.368168792
103906.879804838
103914.555544767
103911.059946102
103905.900196955
103874.538341991
103894.356134003
103870.617500091
103905.814580788
103900.590988261
103902.070075403
103896.381385781
103915.452469474
103916.413799052
103886.559191482
103872.366284694
103900.123422069
103888.342645976
103915.472973239
103895.351290846
103912.552658672
103919.609646815
103877.512353372
103935.289579441
103906.551284138
103890.943335149
103889.091512277
103915.708273526
103902.562285954
103896.948374225
103895.950511705
103892.690247727
103852.302885814
103906.056989589
103886.260370858
103885.398842907
103900.372432799
103896.300911954
103913.431567813
103897.942350386
103906.057880976
103886.474506733
103901.794577919
103886.50641419
103898.771461784
103909.573775099
103898.734839849
103887.498028696
103899.399108992
103882.509449553
103942.506239641
103910.159337271
103876.099625966
103889.883168372
103902.584753291
103915.978664302
103893.716970108
103915.566334571
103908.717698999
103893.103219392
103903.243642979
103888.930589379
103885.580727608
103891.837993337
103916.173233935
103899.912157751
103903.368888946
103884.919732419
103897.448800832
103916.253214067
103909.055843314
103918.335333601
103897.30011549
103902.004300139
103916.370995155
103890.373388404
103918.772078807
103914.088742147
103905.398658111
103937.990972349
103873.139808431
103912.320111397
103893.420765367
103906.367674601
103881.892944147
103854.827179763
103897.840606956
103902.49163934
103913.436067855
103908.24868702
103898.891015531
103902.333589828
103900.710412023
103871.783962476
103897.991756176
103884.465455518
103911.730086265
103912.663577812
103868.11447849
103894.997868135
103900.628478551
103895.933933688
103899.000779803
103873.237264961
103904.342098259
103893.350842287
103885.040371464
103890.943397876
103883.774402773
103910.838297852
103895.469601565
103898.123329786
103900.739950105
103887.337017412
103907.897484317
103903.070957692
103928.318661025
103855.843660903
103908.658036889
103907.04386458
103889.999819651
103885.631155134
103903.461781676
103887.119035332
103925.199222193
103931.709840539
103886.03395357
103891.789317727
103910.487552725
103883.702625924
103901.339643537
103874.820938864
103914.548684972
103873.431561661
103904.192733151
103913.205352821
103907.124588852
103910.896200136
103922.401963915
103915.207591127
103917.284980667
103880.430669792
103896.437978085
