103737.410208311
103980.104724443
103886.409586272
103929.476812213
103800.39410337
103793.257263128
103770.281081658
103699.584044216
103734.137715642
103800.180699509
103773.358330622
103792.540073561
103874.313236264
103760.131342707
103847.743831193
103698.229573267
103859.220706315
103956.933905143
103888.929560466
103951.714224533
103886.372259472
103852.126257052
103807.851710851
103802.733889968
103765.509701362
103843.5529273
103723.173787284
103818.89832279
103914.213233813
103825.73783527
103734.546181004
103741.320899298
103923.740882883
103891.088432282
103885.972793773
103917.591534899
103895.020725084
103846.789023359
103826.983245117
103978.417189686
103998.818373358
103827.264579534
103916.755570991
103898.577753591
103933.771214939
103995.504827629
103683.397181272
103828.404515312
103759.30892219
103895.059072917
103851.922166813
103881.902928456
103749.477059181
103912.062722926
103683.702142017
103857.650304297
103705.539722858
103778.899910559
103702.128975633
103793.735263962
103990.401168698
103879.025254831
103703.814809699
103809.544927693
103865.734763508
103902.583505727
103834.631272826
103923.441060899
103838.462404451
103716.423392896
103938.412473465
103906.853246912
103819.445191648
103917.513296531
103832.45075336
103821.118867155
103799.982265561
103828.793870465
103929.200973255
103746.094684095
103947.913001918
103775.898221587
103846.702283131
103833.623384968
103757.406031386
103821.285732336
103993.907016224
103702.053025416
103746.713874026
103897.567750155
103745.408477163
103718.570997794
103867.43674395
103867.602072823
103994.03236842
103962.33664299
103978.206804122
103797.444734996
103815.903811277
103753.879474081
103975.651941898
103934.124045592
103753.696093411
103821.963483133
103863.857028711
103741.878929609
103930.312597616
103730.861402741
103785.222859578
103931.09837451
103797.750348006
103720.600135765
103994.302975885
103933.775210252
103720.183213027
103740.332141413
103899.009795348
103787.947320514
103956.568767739
103904.923078108
103753.835672403
103759.662743556
103742.717602265
103871.309523694
103790.202707928
103890.052034792
103924.514505037
103786.074410781
103868.768124557
103768.394888673
103901.520181955
103973.488439647
103928.991032922
103757.939484311
103889.702637554
103947.449394795
103948.800330237
103775.120031154
103826.872058493
104012.388284789
103995.933767036
103830.143812928
103806.365660445
103793.180888372
103884.170781908
103846.385590657
103803.434343253
103880.864182254
103916.857555085
103790.193286342
103777.492026101
103931.909463934
103963.681942595
103795.073085788
103830.140931785
103842.200163569
103732.481013664
103764.447653934
103866.421868042
103900.498929796
103821.693835419
103994.577923144
103871.570676255
103696.981786422
103936.690596402
103778.68321097
103816.369257362
103758.694195457
103947.061431282
103719.654550128
103806.864242827
103791.989178676
103985.81080175
103983.093127358
103778.305720373
103709.200114206
103952.044275455
103959.478930699
103701.1098573
103871.816259028
103800.402090777
103739.056977922
103981.149753961
103698.421959136
103951.004602187
103960.671909968
104023.41585744
103937.946783924
103818.574704697
103684.935832275
103867.331767863
103896.538042744
103674.287107629
103711.048312578
103813.04912238
103921.746678505
103753.910984237
103715.591394299
103932.568088066
103884.46442468
103892.633749672
103780.731318833
103889.100827966
103896.680013189
103884.805225586
103870.533923373
103781.048170196
103946.328658336
103760.696882429
103889.296571305
103847.105082718
103941.505295844
103961.816238625
103815.415695735
103809.994405627
103827.667355773
103740.852336284
103886.244161954
103903.618184298
103933.430023545
103800.208338384
104011.819530676
103882.104481427
103877.82077747
103903.507721408
103944.280911657
103977.451509931
103971.018514263
103892.058491474
103752.309023864
103739.764894096
103728.167620013
103701.776295934
103824.956410037
103753.477966218
103863.42278274
103921.781437195
103881.592494299
103767.149731422
103727.565336017
103773.330795016
103821.500128559
103782.551103512
103884.114220224
103679.916197957
103788.879581087
103832.141258554
103717.808974191
103835.763357847
103861.400820163
103916.432944844
103951.197535555
103881.72410348
103709.102311918
103787.526986705
104001.112286333
103774.844284642
103670.518869322
103788.501016021
103762.494697132
103784.594746517
103776.291341287
103862.025515772
103881.715147995
103779.707382114
103825.18547025
103806.791651328
103814.825742785
103942.769815061
103695.325436496
104015.029661443
103757.941460905
103772.088230012
103756.688148832
103913.489639988
103784.198467102
103937.313764298
103855.849216522
104014.16345236
103700.915197864
103773.222351784
103965.604884336
103781.814604028
103698.684768414
103725.507392951
103774.971910693
103962.442522361
103746.164864701
103684.937723452
103911.665347244
104044.361068082
103757.468060739
103888.563720312
103928.621080321
103734.429480924
103850.183452354
103739.057101512
103893.874719337
103865.663348113
103918.067247423
103670.50085871
103680.72578796
103946.418687457
103854.754679823
103732.314725911
103821.583827044
103879.527566949
103772.629093592
103719.668922165
103901.294715547
103953.690855837
103811.426770615
103847.472140183
103909.906715025
103778.307937214
103954.654786092
103805.893614831
103775.066629624
103840.272844625
103798.214040597
103729.961374701
103945.812008008
103978.874538583
104037.726323024
103727.426736335
103774.063861172
103800.236631593
103893.189096116
103895.373583274
103823.957544597
103879.42343188
103940.050685138
103976.969744891
103852.333746074
103753.119780136
103964.406687016
103912.761694945
103889.948923522
103899.042998379
103955.427061957
103961.403703549
103845.816661794
103690.533617972
103862.137882168
103791.248107704
103915.491130454
103912.310148122
103797.182438271
103909.551161066
103927.807291086
103763.66844512
103888.765119341
103857.028328405
103737.356651835
103851.717859328
103905.835462109
103824.807127338
103960.376098747
103907.502239795
103954.210733775
103859.232585254
103812.14959758
103870.435351442
103830.655384101
103762.71324361
103808.874926466
103926.999153536
103705.06126049
103913.772935821
103951.26727806
103937.643585086
103720.423005446
103923.678124075
103744.463900301
103744.922795386
103988.153121969
103911.114705779
103813.735487091
103981.761436311
103837.905726704
103841.864342793
103931.683946217
103750.745643084
103788.369488751
103789.548971012
104020.110556477
103868.715118951
103854.202838856
103811.933511344
103728.740827015
103795.11594405
103715.784833537
103944.812219111
103856.539792591
103983.908965127
103788.353908951
103926.692214507
103913.590498609
103739.767689712
103697.122653841
103857.965305416
103841.948058942
103843.484510165
103756.248035189
103726.986744373
103865.062951441
103845.231902903
103810.592244922
103737.60648815
103942.816110435
103926.464331953
103829.391509
103696.986864773
103925.495304756
103869.417909099
103806.39850655
103725.645841506
103817.70059556
103727.611915375
103903.222672262
103662.333321059
103778.896234116
103841.241116506
103953.888578323
103927.899871182
103725.383096434
103836.75060387
103763.144055097
103809.181939405
103831.433791627
103844.325504094
104022.569581525
103881.922937239
103703.644207178
103849.530828535
103723.257234148
103770.93718449
103707.202170189
104026.7846215
103792.763874007
103764.982754609
103825.320764135
103877.618995959
103703.952590185
103884.163793354
103854.452560817
103702.722474284
103901.910791864
103886.314261032
103892.152748374
103878.960699704
103866.58319077
104020.622769111
103912.66484345
103797.230636184
103844.405632244
103882.909404362
103927.601092672
103705.026878846
103809.26959546
103728.437587226
103962.101808504
103848.337469728
103963.188526306
103854.448310516
103881.953849783
103872.170347982
103745.452968776
103825.075791715
103920.322498911
103754.071979466
103756.024440856
103823.955768938
103987.94353159
103782.182394927
103913.178378874
103856.094394206
103738.681564783
103791.472861076
103960.030058827
103898.454377103
103794.367389204
103691.516390123
103813.785195237
103865.898605058
103771.771762492
103902.124024906
103863.740462383
103918.744489298
103853.940048699
103727.87591383
103949.518082217
103827.591328137
103946.657207298
103765.913380658
103806.604082672
103718.833037946
103817.700173334
103654.688351405
103670.745423605
103723.06583694
103827.227985124
103764.805993573
103757.607241883
103740.078773347
103812.050587325
103713.106663795
103910.367837701
103768.398156026
103769.089927665
103763.256622578
103849.460866624
103858.791499491
103748.6224501
103746.772375325
103807.141034418
103874.750722496
103797.342742693
103883.164572333
103731.91229341
103748.588832577
103998.478202473
103957.734173524
103812.889953403
103782.136696321
103819.891330822
103920.633210889
103965.573031585
103711.945900622
103835.709744608
103928.9845192
103705.657867518
103894.971798258
103803.244179116
103842.41877526
103659.064759303
103814.566412901
103810.30390819
103665.706694886
103885.045853272
103855.021820438
103902.867270046
103943.908261021
103742.930480794
103932.247148523
103895.92401467
103848.849928614
103753.68497717
103801.593497596
103813.754157628
103826.459376072
103796.980677343
103899.745236067
103893.956197531
103755.309428196
103971.939147575
103773.702939758
103889.510024204
103903.306518658
103759.042366088
103755.321425066
103763.777553814
103804.318277321
103836.830036849
103885.661655096
103701.409449032
103752.070074562
103928.340487535
103749.034861944
103859.738073287
103791.399997299
103835.905298828
103812.252296374
103850.738111379
103753.955889315
103697.885174679
103900.628703379
103920.998686295
103789.766613647
103667.97674944
103929.335041687
103804.083978857
103719.347155541
103802.215385705
103846.019111099
103840.593946134
103843.541841353
103920.886723968
103767.016627687
103838.906742156
104001.372386772
104008.644450474
103932.456242325
103758.88649581
103728.387796208
103802.58393125
103776.887297179
103924.228993798
103755.080996379
103841.077781772
103888.789579256
103890.598137352
103792.019625185
103823.137278707
103909.405492811
103910.958017822
103734.449685981
103902.360568762
103909.527465633
103749.472166572
103679.860017389
103823.454275526
103843.230629007
103768.707192632
103721.596555454
103805.500701714
103802.932278273
103868.889648227
103831.23288753
103732.176764266
103748.144132736
103916.041954518
103792.721590536
103904.816297895
103810.667880875
103884.328931449
103688.038675647
103861.691903049
103765.096681986
103829.95357417
103716.594350461
103800.793737233
103751.45844414
103935.073500834
103703.272094945
103867.880888112
103927.469712014
103825.975658161
103926.610405232
103952.831968309
103700.764397767
103691.108064526
103756.097808917
103811.760161207
103668.717056712
103924.305693321
103910.545925638
103791.733862644
103938.630492602
103800.669804099
103965.101162984
103820.481378315
103842.331664669
103952.596741237
103958.84885452
103760.399550472
103668.520437817
103884.807759629
103770.343930413
103951.719229476
103848.793254037
103763.472548246
103849.406462168
103929.568546344
103670.496092098
103859.300062385
103843.160575555
103779.802556824
103840.252173641
103829.822720899
103776.821450322
103936.149379771
103984.771893226
103818.996241225
103705.25499801
103813.669973526
103892.545325689
103731.613102506
103844.19357495
103821.276821318
103831.446694108
103742.126975006
103840.891464929
103761.185657207
103717.830272977
103965.856972302
103806.6212888
103846.011106752
103938.613338727
103773.922376035
103932.888679497
103805.773439039
103687.690173982
103722.040999655
103809.163385897
103960.868164212
103863.80792083
103811.488598684
103861.877774198
103793.89608433
103934.640469312
103750.444177329
103800.584998044
103891.174560302
103810.580727854
103858.257338313
103868.867412219
103784.957549168
104018.137149292
103847.449283746
104010.205470195
103755.101757307
103671.62159608
103828.610018767
103738.544588475
103747.749028981
103860.30330036
103992.390585154
103802.676320285
103853.564468878
103776.706307107
103927.095968218
103882.345917325
103908.412683748
103954.072478435
104009.252336577
103937.113441614
103781.136613961
103737.123892785
103781.707674041
103846.761508793
103853.608929412
103764.490883273
103984.112145818
103989.385189565
103957.027341227
103834.895295669
103696.008603119
103742.013745782
104046.750601988
103899.049725807
103793.9883338
103764.439343252
103864.292167044
103912.772470725
103768.480780278
103827.774938292
103896.098891382
103751.733817348
103845.719935105
103851.123521436
103882.276129568
103648.101072626
103799.722269205
103847.843786257
103851.803481994
103785.275789632
103763.847680851
103670.060208418
103833.25861159
103795.395748989
103804.620156444
103930.69204523
103928.767384265
103936.470364073
103622.786241962
103813.582389733
103864.173940552
103684.903458221
103896.279481818
103676.514706802
103752.770713396
103743.420358777
103918.821736355
103642.818657614
103796.969571283
103754.605945162
103717.357151433
103777.512717881
103943.806061453
103887.79905528
103725.937546244
103967.491723525
103861.159594324
103901.317514685
103721.792465657
103790.848677999
103867.480568852
103839.8996893
103778.257684502
103967.671688994
103865.148189329
103838.188283604
103890.410183165
103879.40235436
103886.297460194
104006.945788283
103881.762787666
103968.575259167
103840.85919988
103830.455755571
103949.837133247
103728.167113385
103871.343595276
103870.280045852
103812.144992744
103794.035701699
103691.327395559
103736.220227524
103877.677114315
103902.119123155
103900.771535884
103959.004959321
103767.878261994
103752.032215401
103681.204072776
103915.736171231
103924.103757724
103895.159046401
103825.089835858
103925.075781717
103784.991893891
103897.885959408
103905.431687848
103666.081302178
103704.726943488
103968.511898766
103915.571570978
103998.266193205
103947.839525567
103881.267360344
104000.641077002
103752.017353438
103855.842709348
103965.489595549
103901.485776465
103929.699291328
103886.714041946
103925.26699816
103680.896099617
103770.766696368
103905.802679711
103833.989590464
103924.779656726
103815.067271806
103869.735414017
103661.565818381
103663.755403473
103846.202612021
103742.856948301
103837.188877676
103710.488195227
103941.627240831
103885.645796892
103760.086683082
103845.595845333
103871.05282627
103854.19367517
103720.566695169
103680.538758422
103899.732666117
103795.438196557
103795.996200029
103926.812817771
103988.796691557
103734.369108736
103776.956932825
103842.691307556
103771.840323422
103810.200452197
103694.33539551
103845.485230727
103785.278837983
103745.995183256
103746.865017052
103685.174931022
103703.209060102
103776.54957358
103777.918811739
103785.406107749
103963.62872693
103903.987873305
103778.454216153
103767.911395451
103857.942855524
103876.580581682
103847.341058128
103801.232135438
103696.870964248
103735.569722768
103762.559481213
103895.350007177
103678.987201412
103996.72760201
103739.942279104
103900.2333994
103927.162283781
103794.28401617
103942.987711481
103795.35366927
103799.686043568
103711.485659637
103797.532270679
103930.594389299
103724.455701887
103883.212854767
103817.813813457
103956.134556353
103837.733300534
103842.053795394
103758.175645918
103990.212060848
103981.570864437
103830.007243332
103897.110056357
103967.073226022
103859.844249406
103730.847437753
103825.376731928
103941.654245581
103787.440718828
103719.38063634
103722.255615223
103937.749232232
103865.493235988
103809.717638357
103797.73027231
103884.167622243
103976.921331416
103715.430181986
103885.4222948
103956.529829542
103949.160175097
103896.227750456
103871.650582251
103966.593685025
103980.57416432
103768.223249004
103873.144384564
103799.674248264
103821.339113183
103996.162148828
103946.452410929
103746.371189697
103922.082331503
103840.673967099
103959.816396081
103740.679695905
103844.132376436
103887.195522725
103890.607709963
103888.61263261
103850.884712142
103747.808660835
103959.6391348
103900.354183929
103981.085355502
103846.474117356
103856.689678131
103882.109519966
103955.991239086
103921.540888705
103848.954972535
103768.572701727
103760.44306138
103856.886743193
103725.340838832
103704.10096596
103862.554208692
103923.400495613
103853.052252768
103812.006145802
103783.762516746
103842.52176863
103834.55857887
103723.492388447
103844.815652132
103790.078722001
103719.538535509
103861.923569496
103950.046322757
103970.886669337
103697.798723931
103895.670056499
103753.44423197
103813.372336853
103947.609902907
103990.726092025
103878.092387513
103816.179182939
103951.490307962
103785.213123215
103760.314125643
103903.87943704
103791.790842858
103730.1987664
103802.290737615
103904.454102986
103748.46913521
103902.536923144
