104182.840403761
104253.802477239
104249.429179755
104260.483000912
104207.093341689
104231.033027283
104253.859818316
104236.373017286
104261.512896113
104265.561339332
104262.781621079
104190.702077349
104260.671716791
104258.808347136
104255.972304091
104225.032251506
104204.346536206
104266.146420599
104262.222686899
104265.358666451
104261.100413916
104270.626467669
104258.072032686
104256.103582766
104207.432939471
104193.112789699
104260.267667651
104259.640489323
104265.3067595
104236.375614179
104229.733477754
104212.367852188
104244.827517358
104263.395909294
104194.084969584
104238.264362435
104259.450257666
104212.453170637
104264.265677206
104260.962954017
104264.304694171
104253.259444637
104236.123288216
104264.030591619
104254.388983085
104251.596101416
104242.759412817
104250.712481224
104211.563438088
104239.438975739
104207.638816459
104211.502768939
104227.228238806
104194.627198579
104190.26831396
104263.194628272
104188.179153083
104264.011412312
104246.548816752
104202.78302263
104256.633764684
104186.570520287
104248.905818074
104242.780446114
104207.428451261
104260.876550958
104194.213807417
104225.305805252
104238.491126548
104257.887545676
104197.923542515
104241.614140148
104265.512513364
104257.372499966
104263.619634309
104257.261230244
104266.364921725
104248.439944849
104244.517023631
104207.757951412
104204.361394276
104256.614188253
104246.305078224
104264.698076939
104202.125780184
104208.794145904
104258.638359743
104247.583531153
104252.493669183
104217.690600439
104250.514641224
104260.169068583
104241.033546969
104261.991959558
104254.77494484
104247.53560176
104193.99875688
104247.022744398
104250.799713417
104210.756007017
104259.035617599
104243.407436597
104266.473260838
104245.228731052
104267.88610292
104257.432684716
104261.624414847
104249.707033977
104205.04044569
104240.529899937
104234.035193321
104204.478015667
104173.418589323
104267.456629796
104256.959346538
104205.462348062
104253.24656108
104258.834134785
104254.452216856
104226.081036035
104248.068792169
104176.108820965
104192.497911626
104258.836283823
104259.42847569
104207.737613585
104262.14495363
104261.189724093
104258.837769929
104257.555368331
104207.947285968
104253.158032199
104183.581907013
104252.451911051
104255.913685258
104252.541010448
104206.997019796
104261.593568516
104275.634875156
104203.06500387
104229.839313603
104265.754295426
104263.397034016
104265.785911804
104254.388884279
104262.144948807
104229.448847118
104248.130879477
104239.859302852
104262.359192506
104259.709792688
104234.210046426
104269.588250694
104258.956607929
104254.756787743
104263.744582666
104262.494530965
104251.430123163
104259.810075538
104267.016634725
104266.09599516
104237.999365466
104260.535664095
104236.855443421
104266.619196541
104257.096505505
104245.201676527
104184.685287106
104251.432948383
104208.94296744
104257.650980443
104230.330253226
104199.148917443
104260.15670882
104268.552025108
104260.255333114
104235.361817894
104257.324339408
104265.832915454
104253.591467499
104260.336803945
104237.410128843
104206.647706767
104207.245693707
104269.346315964
104263.220895699
104260.348598383
104196.502621913
104209.845347909
104260.415169984
104267.758771902
104264.474642508
104265.0068606
104259.116765097
104235.228233008
104250.31935386
104246.263149785
104245.992257271
104192.360802325
104209.106176762
104244.403310942
104264.965135044
104242.418910095
104263.384256172
104263.279665411
104219.734992604
104210.459704365
104206.898394273
104254.687125306
104189.356778378
104242.947443045
104253.239971022
104262.021902303
104253.796877769
104237.225762124
104198.014302503
104249.266366361
104238.142155561
104243.224035347
104254.899363402
104193.511227105
104256.036977548
104255.65383776
104252.725497247
104261.299601985
104204.534088359
104202.543656161
104252.250502745
104238.653178405
104216.111198891
104199.528404464
104254.959880597
104205.834324916
104268.749428832
104258.097676842
104259.647282091
104256.861984948
104250.267458155
104250.694651437
104264.530408443
104257.918936067
104243.338781605
104238.597897993
104254.530230763
104235.822820588
104236.147378493
104263.81634257
104255.321610293
104194.744496877
104250.861195468
104261.332097904
104233.782461512
104227.532625063
104241.023894408
104257.272109149
104251.737747266
104205.793423417
104258.479693288
104243.99084199
104250.666765919
104202.490746285
104250.450629886
104258.105258829
104253.818582028
104204.793748586
104229.400693476
104231.530206871
104241.494040446
104264.951606292
104224.084075094
104264.441516228
104213.166900818
104254.119580262
104255.49129931
104189.157680413
104239.318930415
104262.618881291
104213.232883211
104209.600111064
104262.530258639
104250.621019887
104260.259750532
104219.09955189
104215.150160733
104246.652547972
104244.610464582
104254.870748573
104239.76718552
104220.882862156
104236.195982189
104255.944621351
104258.879572504
104252.953419659
104231.251727007
104257.148094228
104203.493900151
104256.246647177
104252.357108143
104178.489878217
104260.09671225
104256.535913299
104254.909636361
104269.636461627
104208.809155675
104263.528131385
104202.021494095
104248.910917427
104244.830245836
104266.664921307
104262.671714807
104195.159825581
104251.855858137
104263.07503752
104250.529823201
104253.168996667
104245.10875764
104189.056976603
104204.057216813
104249.675824631
104256.908608991
104260.957636312
104240.782496356
104271.652471174
104270.490404297
104263.358738077
104223.498927526
104256.621164993
104262.4782017
104219.132582365
104266.766841777
104266.574167898
104248.414105633
104204.178178481
104248.216832083
104193.733526266
104262.737681245
104258.435849198
104261.214385772
104263.708203505
104208.533863834
104229.128530585
104231.154299605
104259.682005511
104270.1349841
104259.332377825
104198.659823886
104198.285822279
104238.389605462
104253.787294531
104268.133602108
104262.756568087
104261.731382931
104186.435798661
104263.666568433
104259.411049668
104213.640252263
104211.992666126
104250.8218703
104234.161666087
104262.313898769
104261.185859923
104261.329328745
104240.755888032
104190.142269719
104257.828537447
104264.900991488
104248.723155574
104266.533394243
104199.943616465
104186.373782907
104238.095095729
104249.20603883
104219.048785843
104243.273450241
104237.293178393
104244.222187808
104245.45767884
104250.01912457
104203.895412742
104241.865008997
104245.302256261
104263.550155611
104206.285234193
104255.802586531
104237.619887442
104250.521510351
104259.14345383
104236.968768333
104243.198272583
104252.898763137
104207.019173931
104265.608523931
104262.539733484
104260.692494858
104227.309361162
104204.973686502
104263.998045372
104267.653471586
104214.93754175
104203.270531705
104269.010922561
104209.611374928
104232.990758052
104208.978625848
104235.343501196
104261.122105308
104203.738436482
104260.28410796
104261.605300857
104259.868505434
104238.594462602
104240.066022587
104262.672568339
104260.547422588
104214.848089133
104259.59997168
104259.126262736
104269.520402525
104192.308640561
104237.619037473
104255.482654673
104256.947861192
104234.404268397
104254.7360656
104260.01517178
104260.336192985
104261.579396522
104200.883109847
104238.72428318
104197.686415395
104249.489046782
104260.783774791
104194.479953106
104264.426311573
104229.650718165
104231.649546361
104255.359280001
104234.782602989
104260.45969509
104260.145745715
104244.158162792
104208.404315671
104192.425239684
104258.771502222
104253.100613141
104186.52934462
104259.475302801
104238.076376819
104259.03002001
104265.244547754
104204.777900467
104261.787113842
104265.525022534
104260.094175753
104253.759266632
104254.792304845
104206.441701829
104254.712359214
104269.173928169
104269.909697482
104175.535904157
104196.701012316
104271.291139596
104251.514581365
104244.173699371
104258.736252664
104232.65669748
104254.209317776
104257.975243562
104242.30748015
104234.670940084
104196.888952921
104234.431687679
104266.299751546
104269.685367915
104186.654307606
104268.249108947
104203.156328769
104232.621098925
104262.939256201
104240.804729157
104258.779007902
104211.752078897
104261.044247342
104202.256500765
104261.966702218
104260.749568605
104263.271757695
104264.433107908
104228.928198021
104265.527374169
104255.645954065
104251.089515816
104202.99663133
104241.62842087
104237.690078946
104258.188028392
104258.892807323
104261.77648878
104212.069552147
104256.868742108
104206.906035236
104255.512548061
104245.221313476
104256.985373692
104205.336951234
104208.520941183
104256.792980202
104209.950393281
104195.214263395
104255.559577599
104259.143141807
104252.124274756
104238.074927986
104257.288975931
104259.976542601
104230.541965205
104243.948215178
104224.385232349
104266.697197752
104249.763323104
104253.494031602
104258.725544565
104257.302408462
104261.772775643
104267.791335198
104239.446157351
104263.427568569
104258.317358854
104265.917275441
104262.714538296
104259.438096573
104269.693702761
104261.761099293
104249.903087185
104264.718332876
104235.88693157
104251.852522569
104255.188186664
104260.814544589
104256.020650617
104254.208441743
104202.43088869
104254.713119786
104206.722351725
104223.896691652
104265.230277514
104260.023385863
104260.332420402
104255.704320743
104206.11246338
104180.041389433
104216.244051214
104266.357447292
104255.350845872
104249.068315663
104264.668136851
104253.771377458
104263.939089105
104253.004501642
104263.987848626
104201.470666322
104233.499414355
104263.866642068
104265.095607891
104192.246757011
104236.509331119
104265.091505886
104260.298791589
104259.663291945
104264.387909793
104265.575312397
104266.291752435
104256.655058664
104241.152031602
104205.578767675
104262.348477201
104254.305799176
104263.979442499
104246.233776028
104259.280686056
104263.970748856
104254.696419819
104211.791677735
104262.419058866
104263.372893527
104239.151520488
104209.355414215
104257.151078163
104201.182297376
104258.226636336
104258.480338327
104260.210923402
104248.6669042
104239.161080488
104262.832296045
104263.073827431
104262.052555536
104208.661075766
104244.607363392
104253.213566343
104264.261934963
104200.430499239
104245.830716277
104269.613613122
104222.763307113
104223.110764149
104263.880747795
104264.128327947
104260.479232696
104237.96632389
104259.762284432
104256.677569845
104235.606207779
104257.660005139
104258.394500972
104215.212948311
104250.480389414
104259.506634711
104263.393241553
104247.826535917
104256.226171874
104262.018735235
104225.755904833
104255.450908406
104245.132757261
104195.575078274
104188.650725416
104259.874817171
104262.325217055
104236.620479751
104261.511764024
104251.212791619
104215.234874844
104264.861792447
104225.788506405
104267.2734705
104176.123585569
104231.344620302
104247.676734758
104238.634107213
104248.597171079
104259.03583812
104262.913199783
104257.57745001
104257.345154196
104255.923537354
104256.205562607
104244.631067874
104261.870129291
104258.729678432
104265.750904316
104260.834784215
104249.746193915
104232.034732682
104246.260490254
104249.551246871
104240.769827526
104261.304411472
104224.767029195
104214.607157295
104211.16794681
104258.03385093
104243.850129553
104264.869058564
104243.618417946
104266.873787923
104266.875631528
104259.963072656
104203.687911252
104236.872141235
104210.660032465
104190.369647396
104259.01304297
104249.072988185
104209.908862616
104210.026898373
104260.952579682
104209.414750369
104183.515739305
104246.653821213
104267.082347946
104270.098283173
104260.752365101
104208.369316652
104207.465192494
104256.933630428
104258.333471214
104192.358509778
104249.214560596
104263.700579752
104255.144374665
104203.878620309
104257.262908194
104239.630841903
104248.806979558
104189.644849338
104242.086683981
104231.939572315
104196.065592106
104270.152542918
104261.565151458
104197.353187129
104257.169812616
104231.153776495
104259.154036371
104215.006081541
104243.109017866
104254.15141889
104262.164332353
104190.947637541
104265.343594803
104235.896528819
104208.431270026
104238.645116314
104208.231014388
104210.830072796
104238.44443908
104264.008667156
104257.729495613
104257.424075023
104251.909503968
104261.047748445
104263.283049981
104261.820967458
104185.272819939
104259.141158059
104254.633515067
104249.184385671
104267.834944999
104230.065863165
104232.898579877
104242.897012353
104259.465975004
104235.581681494
104262.631020968
104254.380924728
104177.40493572
104236.858483087
104261.138045433
104221.412342252
104248.702317229
104264.846290122
104237.322762128
104242.330404133
104262.242463585
104238.65466418
104254.43474207
104195.430853602
104243.16148021
104240.660342198
104180.731470491
104236.708898885
104240.083675486
104263.147101873
104260.135534264
104261.563205519
104208.528541014
104224.347616853
104267.134254078
104266.899076475
104259.88243706
104253.224078129
104224.335333164
104258.002894734
104244.310257192
104265.279389728
104265.310921711
104264.461238893
104251.216597227
104257.266268476
104208.695398148
104255.918278778
104235.193618969
104240.071821303
104207.924916411
104264.532461079
104262.904671113
104251.254235111
104239.100852474
104252.365766308
104259.704751446
104247.794556177
104244.869541188
104228.30760003
104188.612415659
104196.077574333
104234.629335456
104230.887602946
104210.038798561
104264.575716197
104211.507083192
104203.265687928
104264.264450622
104208.467051596
104251.337322646
104257.514172063
104244.953324862
104259.231797812
104211.266074625
104260.781884936
104244.759220881
104250.811564004
104250.1217504
104236.309811947
104248.547829117
104256.638065063
104261.219636563
104194.782240401
104239.644506028
104268.789287239
104252.896352145
104252.808081676
104262.419474008
104257.057324086
104248.502162942
104254.433324286
104194.607205601
104247.828586744
104207.377924501
104226.049420131
104246.799431985
104239.207876446
104233.427300671
104265.243722739
104203.114342711
104257.381969594
104264.142667827
104266.539603161
104184.441465164
104260.855523351
104194.812060582
104257.933002343
104257.730225598
104199.54071469
104205.024940522
104210.312126571
104237.110014502
104261.926920731
104260.020524468
104258.891829612
104263.322142329
104214.755235285
104260.214538753
104209.115406098
104236.052828857
104211.186971192
104206.642921274
104265.937239436
104238.708992987
104245.853530744
104264.532947908
104255.536264916
104246.018090222
104193.014335988
104259.999485832
104248.900755013
104255.334055317
104261.368206898
104261.543917143
104237.290163613
104261.623389759
104245.403047184
104263.557403239
104256.481397125
104263.978813079
104194.058486828
104254.705776148
104259.560594048
104259.724588935
104261.216273353
104235.688103838
104262.756004905
104234.498760645
104258.930303542
104220.147222029
104239.279391965
104241.328027825
104264.118945881
104257.185008042
104260.505450516
104226.139879334
104202.618802558
104205.586902726
104249.463617862
104263.276052076
104199.481147862
104210.522438432
104240.509852597
104253.398753225
104213.335988833
104246.184780648
104189.855382784
104258.935133898
104255.359954863
104248.298729077
104243.625894037
104263.585921761
104207.92128286
104271.948260635
104206.056305082
104248.050073158
104243.751707067
104248.91676373
104259.020557968
104257.776895433
104210.616906301
104241.028091496
104260.416747431
104246.970098667
104225.682218656
104266.656982545
104191.319427431
104265.552268568
104254.220231793
104259.643795569
104257.511961015
104220.142694812
104255.717889718
104266.381462391
104209.401200222
104199.261377904
104243.004551464
104242.506337337
104194.235852382
104252.920787753
104258.206002713
104249.11933391
104258.042734464
104228.74404202
104251.298612464
104262.564321432
104237.687672094
104223.892739154
104249.34779015
104251.484385864
104261.577084394
104263.659883595
104268.428796452
104232.339745835
104244.014842658
104269.215854999
104253.176109933
104265.485639049
104191.528170261
104255.683203596
104262.640190441
104206.477482913
104187.388809914
104175.563948416
104247.929666049
104258.515391096
104264.232821812
104250.36506421
104253.029187553
104263.107775241
104257.145634892
104251.6745461
104183.608694122
104214.693758186
104204.900535087
104247.109819151
104252.147173509
104238.510286973
104261.586253367
104266.818370328
104253.775201424
104234.300587084
104255.327926827
104257.14872841
104235.70287277
104262.970430403
104209.264132883
104245.287885712
104258.637569148
104245.177989647
104256.448070318
104202.051837403
104239.969401033
104258.428339218
104256.430848481
104257.740167959
104268.681943169
104250.573191994
104234.009943426
104265.929627945
104261.525178322
104267.153157732
104231.689050033
104263.970699737
104206.359617683
104245.579330082
104251.254814189
104265.273193449
104214.219334683
104258.193017309
104197.38779159
104212.694219384
104221.782530443
104265.553742209
